00,000,00,000,0000,0,10766119,117160,10883279,14313288,21311885,4,1,4,0,1,0,67.16,76.04 ,25
01,000,00,000,0000,0,1392429,12522,1404951,1842261,2695294 ,4,1,4,0,1,0,73.52,76.26 ,25
02,000,00,000,0000,0,733646,7089,740735,952202,1517289 ,4,1,4,0,1,0,73.64,77.79 ,25
03,001,00,000,0000,0,1643960,17074,1661034,2166016,3858942 ,4,1,4,0,1,0,69.60,76.69 ,25
03,002,00,000,0000,0,230176,2063,232239,313770,452967 ,4,1,4,0,1,0,74.59,74.02 ,25
03,003,00,000,0000,0,757754,9955,767709,985365,1765854 ,4,1,4,0,1,0,72.09,77.91 ,25
03,004,00,000,0000,0,211964,3051,215015,270365,434218 ,4,1,4,0,1,0,74.42,79.53 ,25
03,005,00,000,0000,0,289972,3795,293767,376581,546229 ,4,1,4,0,1,0,74.63,78.01 ,25
03,006,00,000,0000,0,709326,9099,718425,897357,1441975 ,4,1,4,0,1,0,74.26,80.06 ,25
03,007,00,000,0000,0,640888,8412,649300,841294,1271684 ,4,1,4,0,1,0,74.51,77.18 ,25
03,008,00,000,0000,0,274002,2786,276788,371630,532261 ,4,1,4,0,1,0,74.49,74.48 ,25
03,009,00,000,0000,0,358817,4343,363160,521592,741745 ,4,1,4,0,1,0,74.53,69.63 ,25
03,010,00,000,0000,0,275041,3105,278146,398362,566351 ,4,1,4,0,1,0,74.50,69.82 ,25
03,011,00,000,0000,0,551647,5686,557333,742953,1117225 ,4,1,4,0,1,0,73.96,75.02 ,25
03,012,00,000,0000,0,625258,6210,631468,809157,1242420 ,4,1,4,0,1,0,74.03,78.04 ,25
03,013,00,000,0000,0,460641,4752,465393,623207,897336 ,4,1,4,0,1,0,74.63,74.68 ,25
03,014,00,000,0000,0,108461,1709,110170,176313,242541 ,4,1,4,0,1,0,74.32,62.49 ,25
03,015,00,000,0000,0,163527,2364,165891,245715,349507 ,4,1,4,0,1,0,74.20,67.51 ,25
03,016,00,000,0000,0,40514,563,41077,63533,93690 ,4,1,4,0,1,0,74.23,64.65 ,25
03,017,00,000,0000,0,193407,1747,195154,254276,391188 ,4,1,4,0,1,0,74.25,76.75 ,25
03,018,00,000,0000,0,174851,2031,176882,226574,364552 ,4,1,4,0,1,0,74.60,78.07 ,25
03,019,00,000,0000,0,421634,4084,425718,555794,983143 ,4,1,4,0,1,0,72.27,76.60 ,25
03,020,00,000,0000,0,128888,1130,130018,175137,261233 ,4,1,4,0,1,0,74.06,74.24 ,25
03,021,00,000,0000,0,356026,3136,359162,469463,736190 ,4,1,4,0,1,0,74.42,76.50 ,25
04,001,00,000,0000,0,20665,401,21066,30476,60973 ,4,1,4,0,1,0,74.38,69.12 ,25
04,002,00,000,0000,0,2625,53,2678,3895,9158 ,4,1,4,0,1,0,73.59,68.75 ,25
01,000,00,001,0000,0,130512,1252,131764,167112,0,2,1,2,0,1,0,0.00,78.85 ,50
01,000,00,002,0000,0,158640,1360,160000,206858,0,2,1,2,0,1,0,0.00,77.35 ,50
01,000,00,003,0000,0,115319,1154,116473,160518,0,2,1,2,0,1,0,0.00,72.56 ,50
01,000,00,004,0000,0,73147,701,73848,94867,0,2,1,2,0,1,0,0.00,77.84 ,50
01,000,00,005,0000,0,109415,785,110200,148543,0,2,1,2,0,1,0,0.00,74.19 ,50
01,000,00,006,0000,0,131818,1433,133251,173495,0,2,1,2,0,1,0,0.00,76.80 ,50
01,000,00,007,0000,0,59634,660,60294,75561,0,2,1,2,0,1,0,0.00,79.80 ,50
01,000,00,008,0000,0,117329,936,118265,148330,0,2,1,2,0,1,0,0.00,79.73 ,50
01,000,00,009,0000,0,169524,1225,170749,236494,0,2,1,2,0,1,0,0.00,72.20 ,50
01,000,00,010,0000,0,88331,736,89067,118186,0,2,1,2,0,1,0,0.00,75.36 ,50
01,000,00,011,0000,0,116391,1199,117590,152825,0,2,1,2,0,1,0,0.00,76.94 ,50
01,000,00,012,0000,0,122369,1081,123450,159472,0,2,1,2,0,1,0,0.00,77.41 ,50
02,000,00,001,0000,0,18473,183,18656,23951,0,2,1,2,0,1,0,0.00,77.89 ,50
02,000,00,002,0000,0,58680,551,59231,75863,0,2,1,2,0,1,0,0.00,78.08 ,50
02,000,00,003,0000,0,67761,705,68466,87004,0,2,1,2,0,1,0,0.00,78.69 ,50
02,000,00,004,0000,0,70539,603,71142,89495,0,2,1,2,0,1,0,0.00,79.49 ,50
02,000,00,005,0000,0,169383,1578,170961,219648,0,2,1,2,0,1,0,0.00,77.83 ,50
02,000,00,006,0000,0,34939,303,35242,45399,0,2,1,2,0,1,0,0.00,77.63 ,50
02,000,00,007,0000,0,19831,146,19977,25985,0,2,1,2,0,1,0,0.00,76.88 ,50
02,000,00,008,0000,0,109654,1024,110678,142579,0,2,1,2,0,1,0,0.00,77.63 ,50
02,000,00,009,0000,0,101734,1102,102836,133522,0,2,1,2,0,1,0,0.00,77.02 ,50
02,000,00,010,0000,0,16762,203,16965,22602,0,2,1,2,0,1,0,0.00,75.06 ,50
02,000,00,011,0000,0,65890,691,66581,86154,0,2,1,2,0,1,0,0.00,77.28 ,50
03,001,00,001,0000,0,257297,2759,260056,339431,0,2,1,2,0,1,0,0.00,76.62 ,50
03,001,00,002,0000,0,189939,2023,191962,248037,0,2,1,2,0,1,0,0.00,77.39 ,50
03,001,00,003,0000,0,198970,2072,201042,262398,0,2,1,2,0,1,0,0.00,76.62 ,50
03,001,00,004,0000,0,121874,1134,123008,159350,0,2,1,2,0,1,0,0.00,77.19 ,50
03,001,00,005,0000,0,154402,1544,155946,204831,0,2,1,2,0,1,0,0.00,76.13 ,50
03,001,00,006,0000,0,131683,1243,132926,177243,0,2,1,2,0,1,0,0.00,75.00 ,50
03,001,00,007,0000,0,64391,661,65052,83445,0,2,1,2,0,1,0,0.00,77.96 ,50
03,001,00,008,0000,0,34429,420,34849,44176,0,2,1,2,0,1,0,0.00,78.89 ,50
03,001,00,009,0000,0,34498,442,34940,45817,0,2,1,2,0,1,0,0.00,76.26 ,50
03,001,00,010,0000,0,51546,501,52047,65642,0,2,1,2,0,1,0,0.00,79.29 ,50
03,001,00,011,0000,0,63439,620,64059,83526,0,2,1,2,0,1,0,0.00,76.69 ,50
03,001,00,012,0000,0,27190,253,27443,37211,0,2,1,2,0,1,0,0.00,73.75 ,50
03,001,00,013,0000,0,88617,1069,89686,118506,0,2,1,2,0,1,0,0.00,75.68 ,50
03,001,00,014,0000,0,64594,676,65270,84633,0,2,1,2,0,1,0,0.00,77.12 ,50
03,001,00,015,0000,0,27723,326,28049,36259,0,2,1,2,0,1,0,0.00,77.36 ,50
03,001,00,016,0000,0,28707,260,28967,36576,0,2,1,2,0,1,0,0.00,79.20 ,50
03,001,00,017,0000,0,20433,190,20623,26955,0,2,1,2,0,1,0,0.00,76.51 ,50
03,001,00,018,0000,0,9296,96,9392,12134,0,2,1,2,0,1,0,0.00,77.40 ,50
03,001,00,019,0000,0,4469,41,4510,6055,0,2,1,2,0,1,0,0.00,74.48 ,50
03,001,00,020,0000,0,3176,33,3209,4671,0,2,1,2,0,1,0,0.00,68.70 ,50
03,001,00,021,0000,0,11114,103,11217,13122,0,2,1,2,0,1,0,0.00,85.48 ,50
03,001,00,022,0000,0,5735,52,5787,7136,0,2,1,2,0,1,0,0.00,81.10 ,50
03,001,00,023,0000,0,11486,142,11628,14895,0,2,1,2,0,1,0,0.00,78.07 ,50
03,001,00,024,0000,0,3580,46,3626,5162,0,2,1,2,0,1,0,0.00,70.24 ,50
03,001,00,025,0000,0,6001,53,6054,8413,0,2,1,2,0,1,0,0.00,71.96 ,50
03,001,00,026,0000,0,7061,74,7135,10523,0,2,1,2,0,1,0,0.00,67.80 ,50
03,001,00,027,0000,0,10284,103,10387,13579,0,2,1,2,0,1,0,0.00,76.49 ,50
03,001,00,028,0000,0,10225,114,10339,13838,0,2,1,2,0,1,0,0.00,74.71 ,50
03,001,00,029,0000,0,1801,24,1825,2452,0,2,1,2,0,1,0,0.00,74.43 ,50
03,002,00,001,0000,0,45323,368,45691,60352,0,2,1,2,0,1,0,0.00,75.71 ,50
03,002,00,002,0000,0,32993,195,33188,43660,0,2,1,2,0,1,0,0.00,76.01 ,50
03,002,00,003,0000,0,24419,223,24642,33984,0,2,1,2,0,1,0,0.00,72.51 ,50
03,002,00,004,0000,0,16948,138,17086,23342,0,2,1,2,0,1,0,0.00,73.20 ,50
03,002,00,005,0000,0,19292,182,19474,26053,0,2,1,2,0,1,0,0.00,74.75 ,50
03,002,00,006,0000,0,12771,95,12866,17733,0,2,1,2,0,1,0,0.00,72.55 ,50
03,002,00,007,0000,0,16381,173,16554,23034,0,2,1,2,0,1,0,0.00,71.87 ,50
03,002,00,008,0000,0,25865,238,26103,35172,0,2,1,2,0,1,0,0.00,74.22 ,50
03,002,00,009,0000,0,19623,230,19853,26576,0,2,1,2,0,1,0,0.00,74.70 ,50
03,002,00,010,0000,0,11402,128,11530,16451,0,2,1,2,0,1,0,0.00,70.09 ,50
03,002,00,011,0000,0,2570,41,2611,3681,0,2,1,2,0,1,0,0.00,70.93 ,50
03,002,00,012,0000,0,2589,52,2641,3732,0,2,1,2,0,1,0,0.00,70.77 ,50
03,003,00,001,0000,0,132212,1469,133681,171684,0,2,1,2,0,1,0,0.00,77.86 ,50
03,003,00,002,0000,0,151601,1819,153420,196752,0,2,1,2,0,1,0,0.00,77.98 ,50
03,003,00,003,0000,0,72404,1141,73545,95501,0,2,1,2,0,1,0,0.00,77.01 ,50
03,003,00,004,0000,0,41611,554,42165,53753,0,2,1,2,0,1,0,0.00,78.44 ,50
03,003,00,005,0000,0,50872,703,51575,68967,0,2,1,2,0,1,0,0.00,74.78 ,50
03,003,00,006,0000,0,5111,107,5218,7735,0,2,1,2,0,1,0,0.00,67.46 ,50
03,003,00,007,0000,0,35374,482,35856,44544,0,2,1,2,0,1,0,0.00,80.50 ,50
03,003,00,008,0000,0,34990,477,35467,44565,0,2,1,2,0,1,0,0.00,79.58 ,50
03,003,00,009,0000,0,25355,329,25684,33248,0,2,1,2,0,1,0,0.00,77.25 ,50
03,003,00,010,0000,0,25563,305,25868,33075,0,2,1,2,0,1,0,0.00,78.21 ,50
03,003,00,011,0000,0,82401,1134,83535,106540,0,2,1,2,0,1,0,0.00,78.41 ,50
03,003,00,012,0000,0,54602,804,55406,70412,0,2,1,2,0,1,0,0.00,78.69 ,50
03,003,00,013,0000,0,45658,631,46289,58589,0,2,1,2,0,1,0,0.00,79.01 ,50
03,004,00,001,0000,0,38209,463,38672,48902,0,2,1,2,0,1,0,0.00,79.08 ,50
03,004,00,002,0000,0,42684,532,43216,53833,0,2,1,2,0,1,0,0.00,80.28 ,50
03,004,00,003,0000,0,19678,296,19974,24698,0,2,1,2,0,1,0,0.00,80.87 ,50
03,004,00,004,0000,0,18133,233,18366,22954,0,2,1,2,0,1,0,0.00,80.01 ,50
03,004,00,005,0000,0,31077,464,31541,39433,0,2,1,2,0,1,0,0.00,79.99 ,50
03,004,00,006,0000,0,20077,428,20505,26248,0,2,1,2,0,1,0,0.00,78.12 ,50
03,004,00,007,0000,0,10440,141,10581,13009,0,2,1,2,0,1,0,0.00,81.34 ,50
03,004,00,008,0000,0,8982,124,9106,11264,0,2,1,2,0,1,0,0.00,80.84 ,50
03,004,00,009,0000,0,6077,90,6167,7657,0,2,1,2,0,1,0,0.00,80.54 ,50
03,004,00,010,0000,0,6765,97,6862,8603,0,2,1,2,0,1,0,0.00,79.76 ,50
03,004,00,011,0000,0,3894,39,3933,5055,0,2,1,2,0,1,0,0.00,77.80 ,50
03,004,00,012,0000,0,3664,87,3751,5358,0,2,1,2,0,1,0,0.00,70.01 ,50
03,004,00,013,0000,0,2284,57,2341,3351,0,2,1,2,0,1,0,0.00,69.86 ,50
03,005,00,001,0000,0,46282,549,46831,59946,0,2,1,2,0,1,0,0.00,78.12 ,50
03,005,00,002,0000,0,25964,313,26277,32753,0,2,1,2,0,1,0,0.00,80.23 ,50
03,005,00,003,0000,0,22615,250,22865,28939,0,2,1,2,0,1,0,0.00,79.01 ,50
03,005,00,004,0000,0,34282,388,34670,42456,0,2,1,2,0,1,0,0.00,81.66 ,50
03,005,00,005,0000,0,41663,573,42236,54327,0,2,1,2,0,1,0,0.00,77.74 ,50
03,005,00,006,0000,0,22869,370,23239,30257,0,2,1,2,0,1,0,0.00,76.81 ,50
03,005,00,007,0000,0,10838,134,10972,14018,0,2,1,2,0,1,0,0.00,78.27 ,50
03,005,00,008,0000,0,9541,152,9693,13208,0,2,1,2,0,1,0,0.00,73.39 ,50
03,005,00,009,0000,0,17846,228,18074,23264,0,2,1,2,0,1,0,0.00,77.69 ,50
03,005,00,010,0000,0,10893,181,11074,14465,0,2,1,2,0,1,0,0.00,76.56 ,50
03,005,00,011,0000,0,7085,84,7169,9948,0,2,1,2,0,1,0,0.00,72.06 ,50
03,005,00,012,0000,0,6927,113,7040,8888,0,2,1,2,0,1,0,0.00,79.21 ,50
03,005,00,013,0000,0,9486,133,9619,12137,0,2,1,2,0,1,0,0.00,79.25 ,50
03,005,00,014,0000,0,5045,61,5106,7034,0,2,1,2,0,1,0,0.00,72.59 ,50
03,005,00,015,0000,0,7908,87,7995,10053,0,2,1,2,0,1,0,0.00,79.53 ,50
03,005,00,016,0000,0,4657,68,4725,6034,0,2,1,2,0,1,0,0.00,78.31 ,50
03,005,00,017,0000,0,3274,69,3343,4670,0,2,1,2,0,1,0,0.00,71.58 ,50
03,005,00,018,0000,0,2797,42,2839,4184,0,2,1,2,0,1,0,0.00,67.85 ,50
03,006,00,001,0000,0,80008,1029,81037,100976,0,2,1,2,0,1,0,0.00,80.25 ,50
03,006,00,002,0000,0,32001,446,32447,41356,0,2,1,2,0,1,0,0.00,78.46 ,50
03,006,00,003,0000,0,39092,473,39565,48223,0,2,1,2,0,1,0,0.00,82.05 ,50
03,006,00,004,0000,0,43351,519,43870,54153,0,2,1,2,0,1,0,0.00,81.01 ,50
03,006,00,005,0000,0,35372,396,35768,43592,0,2,1,2,0,1,0,0.00,82.05 ,50
03,006,00,006,0000,0,23824,308,24132,29198,0,2,1,2,0,1,0,0.00,82.65 ,50
03,006,00,007,0000,0,29612,405,30017,36166,0,2,1,2,0,1,0,0.00,83.00 ,50
03,006,00,008,0000,0,29869,406,30275,37386,0,2,1,2,0,1,0,0.00,80.98 ,50
03,006,00,009,0000,0,38822,457,39279,48919,0,2,1,2,0,1,0,0.00,80.29 ,50
03,006,00,010,0000,0,33559,459,34018,42929,0,2,1,2,0,1,0,0.00,79.24 ,50
03,006,00,011,0000,0,15154,216,15370,19226,0,2,1,2,0,1,0,0.00,79.94 ,50
03,006,00,012,0000,0,8626,114,8740,10903,0,2,1,2,0,1,0,0.00,80.16 ,50
03,006,00,013,0000,0,15678,243,15921,19019,0,2,1,2,0,1,0,0.00,83.71 ,50
03,006,00,014,0000,0,11583,143,11726,14157,0,2,1,2,0,1,0,0.00,82.83 ,50
03,006,00,015,0000,0,31453,411,31864,39140,0,2,1,2,0,1,0,0.00,81.41 ,50
03,006,00,016,0000,0,26228,331,26559,32491,0,2,1,2,0,1,0,0.00,81.74 ,50
03,006,00,017,0000,0,28512,436,28948,36052,0,2,1,2,0,1,0,0.00,80.30 ,50
03,006,00,018,0000,0,34720,433,35153,43333,0,2,1,2,0,1,0,0.00,81.12 ,50
03,006,00,019,0000,0,71132,977,72109,94394,0,2,1,2,0,1,0,0.00,76.39 ,50
03,006,00,020,0000,0,74757,843,75600,97359,0,2,1,2,0,1,0,0.00,77.65 ,50
03,006,00,021,0000,0,5973,54,6027,8385,0,2,1,2,0,1,0,0.00,71.88 ,50
03,007,00,001,0000,0,110048,1316,111364,141302,0,2,1,2,0,1,0,0.00,78.81 ,50
03,007,00,002,0000,0,39409,480,39889,51811,0,2,1,2,0,1,0,0.00,76.99 ,50
03,007,00,003,0000,0,40555,525,41080,51380,0,2,1,2,0,1,0,0.00,79.95 ,50
03,007,00,004,0000,0,8407,109,8516,10576,0,2,1,2,0,1,0,0.00,80.52 ,50
03,007,00,005,0000,0,15262,156,15418,20050,0,2,1,2,0,1,0,0.00,76.90 ,50
03,007,00,006,0000,0,23235,263,23498,30077,0,2,1,2,0,1,0,0.00,78.13 ,50
03,007,00,007,0000,0,17827,251,18078,22754,0,2,1,2,0,1,0,0.00,79.45 ,50
03,007,00,008,0000,0,22297,277,22574,28717,0,2,1,2,0,1,0,0.00,78.61 ,50
03,007,00,009,0000,0,14030,198,14228,18282,0,2,1,2,0,1,0,0.00,77.83 ,50
03,007,00,010,0000,0,61449,715,62164,78647,0,2,1,2,0,1,0,0.00,79.04 ,50
03,007,00,011,0000,0,26047,349,26396,34281,0,2,1,2,0,1,0,0.00,77.00 ,50
03,007,00,012,0000,0,23705,414,24119,31858,0,2,1,2,0,1,0,0.00,75.71 ,50
03,007,00,013,0000,0,18032,238,18270,22654,0,2,1,2,0,1,0,0.00,80.65 ,50
03,007,00,014,0000,0,18223,250,18473,23714,0,2,1,2,0,1,0,0.00,77.90 ,50
03,007,00,015,0000,0,17135,220,17355,22546,0,2,1,2,0,1,0,0.00,76.98 ,50
03,007,00,016,0000,0,20392,329,20721,26163,0,2,1,2,0,1,0,0.00,79.20 ,50
03,007,00,017,0000,0,22450,329,22779,28936,0,2,1,2,0,1,0,0.00,78.72 ,50
03,007,00,018,0000,0,10490,149,10639,13730,0,2,1,2,0,1,0,0.00,77.49 ,50
03,007,00,019,0000,0,16210,197,16407,21446,0,2,1,2,0,1,0,0.00,76.50 ,50
03,007,00,020,0000,0,28621,362,28983,38547,0,2,1,2,0,1,0,0.00,75.19 ,50
03,007,00,021,0000,0,15032,215,15247,19574,0,2,1,2,0,1,0,0.00,77.89 ,50
03,007,00,022,0000,0,16339,315,16654,22538,0,2,1,2,0,1,0,0.00,73.89 ,50
03,007,00,023,0000,0,19086,235,19321,29019,0,2,1,2,0,1,0,0.00,66.58 ,50
03,007,00,024,0000,0,10429,135,10564,16399,0,2,1,2,0,1,0,0.00,64.42 ,50
03,007,00,025,0000,0,9099,106,9205,12860,0,2,1,2,0,1,0,0.00,71.58 ,50
03,007,00,026,0000,0,17079,279,17358,23433,0,2,1,2,0,1,0,0.00,74.08 ,50
03,008,00,001,0000,0,52455,439,52894,67230,0,2,1,2,0,1,0,0.00,78.68 ,50
03,008,00,002,0000,0,43346,429,43775,59463,0,2,1,2,0,1,0,0.00,73.62 ,50
03,008,00,003,0000,0,48065,460,48525,62328,0,2,1,2,0,1,0,0.00,77.85 ,50
03,008,00,004,0000,0,30323,276,30599,42854,0,2,1,2,0,1,0,0.00,71.40 ,50
03,008,00,005,0000,0,6711,75,6786,9089,0,2,1,2,0,1,0,0.00,74.66 ,50
03,008,00,006,0000,0,21610,275,21885,29795,0,2,1,2,0,1,0,0.00,73.45 ,50
03,008,00,007,0000,0,11213,115,11328,15536,0,2,1,2,0,1,0,0.00,72.91 ,50
03,008,00,008,0000,0,10339,101,10440,14077,0,2,1,2,0,1,0,0.00,74.16 ,50
03,008,00,009,0000,0,9817,91,9908,13532,0,2,1,2,0,1,0,0.00,73.22 ,50
03,008,00,010,0000,0,12913,173,13086,18415,0,2,1,2,0,1,0,0.00,71.06 ,50
03,008,00,011,0000,0,12216,123,12339,17235,0,2,1,2,0,1,0,0.00,71.59 ,50
03,008,00,012,0000,0,7918,114,8032,11677,0,2,1,2,0,1,0,0.00,68.78 ,50
03,008,00,013,0000,0,7076,115,7191,10399,0,2,1,2,0,1,0,0.00,69.15 ,50
03,009,00,001,0000,0,47993,587,48580,63011,0,2,1,2,0,1,0,0.00,77.10 ,50
03,009,00,002,0000,0,24192,287,24479,32228,0,2,1,2,0,1,0,0.00,75.96 ,50
03,009,00,003,0000,0,32157,349,32506,44704,0,2,1,2,0,1,0,0.00,72.71 ,50
03,009,00,004,0000,0,24977,256,25233,34555,0,2,1,2,0,1,0,0.00,73.02 ,50
03,009,00,005,0000,0,15722,187,15909,22803,0,2,1,2,0,1,0,0.00,69.77 ,50
03,009,00,006,0000,0,22368,229,22597,33377,0,2,1,2,0,1,0,0.00,67.70 ,50
03,009,00,007,0000,0,18792,254,19046,26159,0,2,1,2,0,1,0,0.00,72.81 ,50
03,009,00,008,0000,0,12175,155,12330,17130,0,2,1,2,0,1,0,0.00,71.98 ,50
03,009,00,009,0000,0,16028,200,16228,21634,0,2,1,2,0,1,0,0.00,75.01 ,50
03,009,00,010,0000,0,10960,186,11146,14565,0,2,1,2,0,1,0,0.00,76.53 ,50
03,009,00,011,0000,0,16425,152,16577,24039,0,2,1,2,0,1,0,0.00,68.96 ,50
03,009,00,012,0000,0,14326,154,14480,20868,0,2,1,2,0,1,0,0.00,69.39 ,50
03,009,00,013,0000,0,14592,165,14757,21738,0,2,1,2,0,1,0,0.00,67.89 ,50
03,009,00,014,0000,0,8881,75,8956,14332,0,2,1,2,0,1,0,0.00,62.49 ,50
03,009,00,015,0000,0,7375,97,7472,10828,0,2,1,2,0,1,0,0.00,69.01 ,50
03,009,00,016,0000,0,13173,173,13346,21600,0,2,1,2,0,1,0,0.00,61.79 ,50
03,009,00,017,0000,0,15251,183,15434,24553,0,2,1,2,0,1,0,0.00,62.86 ,50
03,009,00,018,0000,0,13183,205,13388,23843,0,2,1,2,0,1,0,0.00,56.15 ,50
03,009,00,019,0000,0,14790,173,14963,24262,0,2,1,2,0,1,0,0.00,61.67 ,50
03,009,00,020,0000,0,15457,276,15733,25363,0,2,1,2,0,1,0,0.00,62.03 ,50
03,010,00,001,0000,0,14173,196,14369,20117,0,2,1,2,0,1,0,0.00,71.43 ,50
03,010,00,002,0000,0,21222,242,21464,30789,0,2,1,2,0,1,0,0.00,69.71 ,50
03,010,00,003,0000,0,16721,202,16923,25179,0,2,1,2,0,1,0,0.00,67.21 ,50
03,010,00,004,0000,0,18417,168,18585,26268,0,2,1,2,0,1,0,0.00,70.75 ,50
03,010,00,005,0000,0,32582,370,32952,44474,0,2,1,2,0,1,0,0.00,74.09 ,50
03,010,00,006,0000,0,9031,86,9117,13772,0,2,1,2,0,1,0,0.00,66.20 ,50
03,010,00,007,0000,0,17358,203,17561,25841,0,2,1,2,0,1,0,0.00,67.96 ,50
03,010,00,008,0000,0,15137,185,15322,23399,0,2,1,2,0,1,0,0.00,65.48 ,50
03,010,00,009,0000,0,15061,192,15253,23662,0,2,1,2,0,1,0,0.00,64.46 ,50
03,010,00,010,0000,0,12684,181,12865,18424,0,2,1,2,0,1,0,0.00,69.83 ,50
03,010,00,011,0000,0,9684,133,9817,14464,0,2,1,2,0,1,0,0.00,67.87 ,50
03,010,00,012,0000,0,27016,293,27309,37269,0,2,1,2,0,1,0,0.00,73.28 ,50
03,010,00,013,0000,0,22521,214,22735,32108,0,2,1,2,0,1,0,0.00,70.81 ,50
03,010,00,014,0000,0,20265,206,20471,29166,0,2,1,2,0,1,0,0.00,70.19 ,50
03,010,00,016,0000,0,12408,105,12513,17396,0,2,1,2,0,1,0,0.00,71.93 ,50
03,010,00,017,0000,0,6042,68,6110,8612,0,2,1,2,0,1,0,0.00,70.95 ,50
03,010,00,018,0000,0,1760,26,1786,2840,0,2,1,2,0,1,0,0.00,62.89 ,50
03,010,00,019,0000,0,2959,35,2994,4582,0,2,1,2,0,1,0,0.00,65.34 ,50
03,011,00,001,0000,0,36415,376,36791,49974,0,2,1,2,0,1,0,0.00,73.62 ,50
03,011,00,002,0000,0,14676,184,14860,21059,0,2,1,2,0,1,0,0.00,70.56 ,50
03,011,00,003,0000,0,18895,257,19152,27421,0,2,1,2,0,1,0,0.00,69.84 ,50
03,011,00,004,0000,0,12938,161,13099,17696,0,2,1,2,0,1,0,0.00,74.02 ,50
03,011,00,005,0000,0,15791,201,15992,21960,0,2,1,2,0,1,0,0.00,72.82 ,50
03,011,00,006,0000,0,13111,164,13275,19872,0,2,1,2,0,1,0,0.00,66.80 ,50
03,011,00,007,0000,0,25132,231,25363,33119,0,2,1,2,0,1,0,0.00,76.58 ,50
03,011,00,008,0000,0,14947,177,15124,20322,0,2,1,2,0,1,0,0.00,74.42 ,50
03,011,00,009,0000,0,12690,145,12835,17317,0,2,1,2,0,1,0,0.00,74.12 ,50
03,011,00,010,0000,0,13466,125,13591,17542,0,2,1,2,0,1,0,0.00,77.48 ,50
03,011,00,011,0000,0,6975,58,7033,9593,0,2,1,2,0,1,0,0.00,73.31 ,50
03,011,00,012,0000,0,27679,237,27916,37348,0,2,1,2,0,1,0,0.00,74.75 ,50
03,011,00,013,0000,0,15593,128,15721,21436,0,2,1,2,0,1,0,0.00,73.34 ,50
03,011,00,014,0000,0,12984,116,13100,17170,0,2,1,2,0,1,0,0.00,76.30 ,50
03,011,00,015,0000,0,14549,141,14690,19855,0,2,1,2,0,1,0,0.00,73.99 ,50
03,011,00,016,0000,0,12455,104,12559,17829,0,2,1,2,0,1,0,0.00,70.44 ,50
03,011,00,017,0000,0,6982,56,7038,10401,0,2,1,2,0,1,0,0.00,67.67 ,50
03,011,00,018,0000,0,22690,236,22926,29623,0,2,1,2,0,1,0,0.00,77.39 ,50
03,011,00,019,0000,0,22046,219,22265,28849,0,2,1,2,0,1,0,0.00,77.18 ,50
03,011,00,020,0000,0,15675,191,15866,20120,0,2,1,2,0,1,0,0.00,78.86 ,50
03,011,00,021,0000,0,15237,173,15410,20125,0,2,1,2,0,1,0,0.00,76.57 ,50
03,011,00,022,0000,0,4427,50,4477,5873,0,2,1,2,0,1,0,0.00,76.23 ,50
03,011,00,023,0000,0,9247,83,9330,12671,0,2,1,2,0,1,0,0.00,73.63 ,50
03,011,00,024,0000,0,6517,69,6586,9263,0,2,1,2,0,1,0,0.00,71.10 ,50
03,011,00,025,0000,0,5354,59,5413,7388,0,2,1,2,0,1,0,0.00,73.27 ,50
03,011,00,026,0000,0,3676,39,3715,5094,0,2,1,2,0,1,0,0.00,72.93 ,50
03,011,00,027,0000,0,33319,351,33670,42902,0,2,1,2,0,1,0,0.00,78.48 ,50
03,011,00,028,0000,0,29431,310,29741,38141,0,2,1,2,0,1,0,0.00,77.98 ,50
03,011,00,029,0000,0,21102,165,21267,26864,0,2,1,2,0,1,0,0.00,79.17 ,50
03,011,00,030,0000,0,2906,22,2928,3838,0,2,1,2,0,1,0,0.00,76.29 ,50
03,011,00,031,0000,0,84742,858,85600,112288,0,2,1,2,0,1,0,0.00,76.23 ,50
03,012,00,001,0000,0,154885,1426,156311,202701,0,2,1,2,0,1,0,0.00,77.11 ,50
03,012,00,002,0000,0,34077,360,34437,45333,0,2,1,2,0,1,0,0.00,75.96 ,50
03,012,00,003,0000,0,58076,603,58679,74603,0,2,1,2,0,1,0,0.00,78.66 ,50
03,012,00,004,0000,0,24884,218,25102,32026,0,2,1,2,0,1,0,0.00,78.38 ,50
03,012,00,005,0000,0,16335,155,16490,21032,0,2,1,2,0,1,0,0.00,78.40 ,50
03,012,00,006,0000,0,22449,260,22709,29260,0,2,1,2,0,1,0,0.00,77.61 ,50
03,012,00,007,0000,0,17723,145,17868,22813,0,2,1,2,0,1,0,0.00,78.32 ,50
03,012,00,008,0000,0,47912,421,48333,59907,0,2,1,2,0,1,0,0.00,80.68 ,50
03,012,00,009,0000,0,21085,216,21301,25887,0,2,1,2,0,1,0,0.00,82.28 ,50
03,012,00,010,0000,0,18123,210,18333,23146,0,2,1,2,0,1,0,0.00,79.21 ,50
03,012,00,011,0000,0,5717,58,5775,7764,0,2,1,2,0,1,0,0.00,74.38 ,50
03,012,00,012,0000,0,15913,144,16057,20171,0,2,1,2,0,1,0,0.00,79.60 ,50
03,012,00,013,0000,0,28560,243,28803,35000,0,2,1,2,0,1,0,0.00,82.29 ,50
03,012,00,014,0000,0,14490,121,14611,18502,0,2,1,2,0,1,0,0.00,78.97 ,50
03,012,00,015,0000,0,17105,168,17273,22524,0,2,1,2,0,1,0,0.00,76.69 ,50
03,012,00,016,0000,0,7149,59,7208,9108,0,2,1,2,0,1,0,0.00,79.14 ,50
03,012,00,017,0000,0,11797,135,11932,14574,0,2,1,2,0,1,0,0.00,81.87 ,50
03,012,00,018,0000,0,20653,230,20883,26040,0,2,1,2,0,1,0,0.00,80.20 ,50
03,012,00,019,0000,0,25311,234,25545,33006,0,2,1,2,0,1,0,0.00,77.40 ,50
03,012,00,020,0000,0,26623,318,26941,35701,0,2,1,2,0,1,0,0.00,75.46 ,50
03,012,00,021,0000,0,9337,165,9502,13583,0,2,1,2,0,1,0,0.00,69.96 ,50
03,012,00,022,0000,0,4928,43,4971,6579,0,2,1,2,0,1,0,0.00,75.56 ,50
03,012,00,023,0000,0,7415,120,7535,10409,0,2,1,2,0,1,0,0.00,72.39 ,50
03,012,00,024,0000,0,10558,119,10677,13580,0,2,1,2,0,1,0,0.00,78.62 ,50
03,012,00,025,0000,0,866,7,873,1154,0,2,1,2,0,1,0,0.00,75.65 ,50
03,012,00,026,0000,0,1993,18,2011,2908,0,2,1,2,0,1,0,0.00,69.15 ,50
03,012,00,027,0000,0,1294,14,1308,1846,0,2,1,2,0,1,0,0.00,70.86 ,50
03,013,00,001,0000,0,107759,877,108636,143224,0,2,1,2,0,1,0,0.00,75.85 ,50
03,013,00,002,0000,0,28111,252,28363,38125,0,2,1,2,0,1,0,0.00,74.39 ,50
03,013,00,003,0000,0,23773,202,23975,31540,0,2,1,2,0,1,0,0.00,76.01 ,50
03,013,00,004,0000,0,14105,212,14317,22334,0,2,1,2,0,1,0,0.00,64.10 ,50
03,013,00,005,0000,0,27872,327,28199,35334,0,2,1,2,0,1,0,0.00,79.81 ,50
03,013,00,006,0000,0,15525,183,15708,20316,0,2,1,2,0,1,0,0.00,77.32 ,50
03,013,00,007,0000,0,6417,42,6459,8188,0,2,1,2,0,1,0,0.00,78.88 ,50
03,013,00,008,0000,0,11823,129,11952,15300,0,2,1,2,0,1,0,0.00,78.12 ,50
03,013,00,009,0000,0,14362,163,14525,18775,0,2,1,2,0,1,0,0.00,77.36 ,50
03,013,00,010,0000,0,14672,207,14879,19469,0,2,1,2,0,1,0,0.00,76.42 ,50
03,013,00,011,0000,0,16092,204,16296,22929,0,2,1,2,0,1,0,0.00,71.07 ,50
03,013,00,012,0000,0,13234,127,13361,17860,0,2,1,2,0,1,0,0.00,74.81 ,50
03,013,00,013,0000,0,32531,323,32854,43972,0,2,1,2,0,1,0,0.00,74.72 ,50
03,013,00,014,0000,0,10994,90,11084,14214,0,2,1,2,0,1,0,0.00,77.98 ,50
03,013,00,015,0000,0,6578,61,6639,9201,0,2,1,2,0,1,0,0.00,72.16 ,50
03,013,00,016,0000,0,15740,131,15871,21528,0,2,1,2,0,1,0,0.00,73.72 ,50
03,013,00,017,0000,0,21906,203,22109,27736,0,2,1,2,0,1,0,0.00,79.71 ,50
03,013,00,018,0000,0,7403,73,7476,9587,0,2,1,2,0,1,0,0.00,77.98 ,50
03,013,00,019,0000,0,12273,130,12403,16332,0,2,1,2,0,1,0,0.00,75.94 ,50
03,013,00,020,0000,0,7423,65,7488,9774,0,2,1,2,0,1,0,0.00,76.61 ,50
03,013,00,021,0000,0,12930,152,13082,17521,0,2,1,2,0,1,0,0.00,74.66 ,50
03,013,00,022,0000,0,4775,74,4849,8540,0,2,1,2,0,1,0,0.00,56.78 ,50
03,013,00,023,0000,0,5440,103,5543,8699,0,2,1,2,0,1,0,0.00,63.72 ,50
03,013,00,024,0000,0,4025,67,4092,6830,0,2,1,2,0,1,0,0.00,59.91 ,50
03,013,00,025,0000,0,3211,54,3265,5082,0,2,1,2,0,1,0,0.00,64.25 ,50
03,013,00,026,0000,0,3464,53,3517,4836,0,2,1,2,0,1,0,0.00,72.73 ,50
03,013,00,027,0000,0,1562,33,1595,2240,0,2,1,2,0,1,0,0.00,71.21 ,50
03,013,00,028,0000,0,3129,37,3166,4311,0,2,1,2,0,1,0,0.00,73.44 ,50
03,013,00,029,0000,0,2326,31,2357,3216,0,2,1,2,0,1,0,0.00,73.29 ,50
03,013,00,030,0000,0,3910,51,3961,5284,0,2,1,2,0,1,0,0.00,74.96 ,50
03,013,00,031,0000,0,2506,43,2549,3486,0,2,1,2,0,1,0,0.00,73.12 ,50
03,013,00,032,0000,0,2379,29,2408,3631,0,2,1,2,0,1,0,0.00,66.32 ,50
03,013,00,033,0000,0,2391,24,2415,3793,0,2,1,2,0,1,0,0.00,63.67 ,50
03,014,00,001,0000,0,49197,655,49852,74726,0,2,1,2,0,1,0,0.00,66.71 ,50
03,014,00,002,0000,0,8043,105,8148,14041,0,2,1,2,0,1,0,0.00,58.03 ,50
03,014,00,003,0000,0,5049,83,5132,8162,0,2,1,2,0,1,0,0.00,62.88 ,50
03,014,00,004,0000,0,9581,178,9759,15250,0,2,1,2,0,1,0,0.00,63.99 ,50
03,014,00,005,0000,0,4535,88,4623,7788,0,2,1,2,0,1,0,0.00,59.36 ,50
03,014,00,006,0000,0,4939,98,5037,8386,0,2,1,2,0,1,0,0.00,60.06 ,50
03,014,00,007,0000,0,5194,92,5286,9786,0,2,1,2,0,1,0,0.00,54.02 ,50
03,014,00,008,0000,0,4594,69,4663,8655,0,2,1,2,0,1,0,0.00,53.88 ,50
03,014,00,009,0000,0,6082,70,6152,10155,0,2,1,2,0,1,0,0.00,60.58 ,50
03,014,00,010,0000,0,2708,46,2754,4804,0,2,1,2,0,1,0,0.00,57.33 ,50
03,014,00,011,0000,0,1023,9,1032,1730,0,2,1,2,0,1,0,0.00,59.65 ,50
03,014,00,012,0000,0,1812,50,1862,3085,0,2,1,2,0,1,0,0.00,60.36 ,50
03,014,00,013,0000,0,1554,19,1573,2608,0,2,1,2,0,1,0,0.00,60.31 ,50
03,014,00,014,0000,0,1452,18,1470,2309,0,2,1,2,0,1,0,0.00,63.66 ,50
03,014,00,015,0000,0,1646,16,1662,2921,0,2,1,2,0,1,0,0.00,56.90 ,50
03,014,00,016,0000,0,1052,113,1165,1907,0,2,1,2,0,1,0,0.00,61.09 ,50
03,015,00,001,0000,0,51097,494,51591,71810,0,2,1,2,0,1,0,0.00,71.84 ,50
03,015,00,002,0000,0,7682,78,7760,11351,0,2,1,2,0,1,0,0.00,68.36 ,50
03,015,00,003,0000,0,14456,452,14908,24797,0,2,1,2,0,1,0,0.00,60.12 ,50
03,015,00,004,0000,0,9825,128,9953,14174,0,2,1,2,0,1,0,0.00,70.22 ,50
03,015,00,005,0000,0,33167,405,33572,47529,0,2,1,2,0,1,0,0.00,70.63 ,50
03,015,00,006,0000,0,10470,149,10619,15498,0,2,1,2,0,1,0,0.00,68.52 ,50
03,015,00,007,0000,0,8171,107,8278,12924,0,2,1,2,0,1,0,0.00,64.05 ,50
03,015,00,008,0000,0,2904,45,2949,5141,0,2,1,2,0,1,0,0.00,57.36 ,50
03,015,00,009,0000,0,7070,111,7181,11487,0,2,1,2,0,1,0,0.00,62.51 ,50
03,015,00,010,0000,0,6739,161,6900,11751,0,2,1,2,0,1,0,0.00,58.72 ,50
03,015,00,011,0000,0,6223,122,6345,9560,0,2,1,2,0,1,0,0.00,66.37 ,50
03,015,00,012,0000,0,2859,57,2916,4750,0,2,1,2,0,1,0,0.00,61.39 ,50
03,015,00,013,0000,0,2864,55,2919,4943,0,2,1,2,0,1,0,0.00,59.05 ,50
03,016,00,001,0000,0,24037,305,24342,35411,0,2,1,2,0,1,0,0.00,68.74 ,50
03,016,00,002,0000,0,6325,78,6403,9723,0,2,1,2,0,1,0,0.00,65.85 ,50
03,016,00,003,0000,0,3979,52,4031,6822,0,2,1,2,0,1,0,0.00,59.09 ,50
03,016,00,004,0000,0,3770,67,3837,6551,0,2,1,2,0,1,0,0.00,58.57 ,50
03,016,00,005,0000,0,1221,29,1250,2760,0,2,1,2,0,1,0,0.00,45.29 ,50
03,016,00,006,0000,0,1182,32,1214,2266,0,2,1,2,0,1,0,0.00,53.57 ,50
03,017,00,001,0000,0,31361,296,31657,42393,0,2,1,2,0,1,0,0.00,74.68 ,50
03,017,00,002,0000,0,28735,291,29026,37325,0,2,1,2,0,1,0,0.00,77.77 ,50
03,017,00,003,0000,0,16400,136,16536,21442,0,2,1,2,0,1,0,0.00,77.12 ,50
03,017,00,004,0000,0,31168,246,31414,40600,0,2,1,2,0,1,0,0.00,77.37 ,50
03,017,00,005,0000,0,26858,281,27139,35443,0,2,1,2,0,1,0,0.00,76.57 ,50
03,017,00,006,0000,0,34519,328,34847,45223,0,2,1,2,0,1,0,0.00,77.06 ,50
03,017,00,007,0000,0,24366,169,24535,31850,0,2,1,2,0,1,0,0.00,77.03 ,50
03,018,00,001,0000,0,83104,915,84019,107742,0,2,1,2,0,1,0,0.00,77.98 ,50
03,018,00,002,0000,0,63440,708,64148,82166,0,2,1,2,0,1,0,0.00,78.07 ,50
03,018,00,003,0000,0,28307,408,28715,36666,0,2,1,2,0,1,0,0.00,78.32 ,50
03,019,00,001,0000,0,13007,101,13108,17478,0,2,1,2,0,1,0,0.00,75.00 ,50
03,019,00,002,0000,0,36082,385,36467,47630,0,2,1,2,0,1,0,0.00,76.56 ,50
03,019,00,003,0000,0,39809,384,40193,52590,0,2,1,2,0,1,0,0.00,76.43 ,50
03,019,00,004,0000,0,54057,478,54535,71456,0,2,1,2,0,1,0,0.00,76.32 ,50
03,019,00,005,0000,0,71096,680,71776,96171,0,2,1,2,0,1,0,0.00,74.63 ,50
03,019,00,006,0000,0,69102,649,69751,90195,0,2,1,2,0,1,0,0.00,77.33 ,50
03,019,00,007,0000,0,44397,491,44888,57577,0,2,1,2,0,1,0,0.00,77.96 ,50
03,019,00,008,0000,0,94084,916,95000,122697,0,2,1,2,0,1,0,0.00,77.43 ,50
03,020,00,001,0000,0,64237,536,64773,87155,0,2,1,2,0,1,0,0.00,74.32 ,50
03,020,00,002,0000,0,64651,594,65245,87982,0,2,1,2,0,1,0,0.00,74.16 ,50
03,021,00,001,0000,0,84018,707,84725,110753,0,2,1,2,0,1,0,0.00,76.50 ,50
03,021,00,002,0000,0,70354,556,70910,93693,0,2,1,2,0,1,0,0.00,75.68 ,50
03,021,00,003,0000,0,26051,176,26227,34182,0,2,1,2,0,1,0,0.00,76.73 ,50
03,021,00,004,0000,0,16203,143,16346,21701,0,2,1,2,0,1,0,0.00,75.32 ,50
03,021,00,005,0000,0,25764,219,25983,33142,0,2,1,2,0,1,0,0.00,78.40 ,50
03,021,00,006,0000,0,62546,584,63130,82132,0,2,1,2,0,1,0,0.00,76.86 ,50
03,021,00,007,0000,0,71090,751,71841,93860,0,2,1,2,0,1,0,0.00,76.54 ,50
04,001,00,001,0000,0,6832,96,6928,9772,0,2,1,2,0,1,0,0.00,70.90 ,50
04,001,00,002,0000,0,3581,86,3667,5440,0,2,1,2,0,1,0,0.00,67.41 ,50
04,001,00,003,0000,0,4707,80,4787,6749,0,2,1,2,0,1,0,0.00,70.93 ,50
04,001,00,004,0000,0,3574,84,3658,5380,0,2,1,2,0,1,0,0.00,67.99 ,50
04,001,00,005,0000,0,1958,55,2013,3054,0,2,1,2,0,1,0,0.00,65.91 ,50
04,001,00,006,0000,0,13,0,13,81,0,2,1,2,0,1,0,0.00,16.05 ,50
04,002,00,001,0000,0,1685,27,1712,2314,0,2,1,2,0,1,0,0.00,73.98 ,50
04,002,00,002,0000,0,481,12,493,765,0,2,1,2,0,1,0,0.00,64.44 ,50
04,002,00,003,0000,0,161,9,170,388,0,2,1,2,0,1,0,0.00,43.81 ,50
04,002,00,004,0000,0,298,5,303,428,0,2,1,2,0,1,0,0.00,70.79 ,50
01,000,00,001,0001,0,2935,17,2952,3706,0,2,1,2,0,1,0,0.00,79.65 ,50
01,000,00,001,0002,0,2478,17,2495,3154,0,2,1,2,0,1,0,0.00,79.11 ,50
01,000,00,001,0003,0,3311,30,3341,4202,0,2,1,2,0,1,0,0.00,79.51 ,50
01,000,00,001,0004,0,4138,32,4170,5263,0,2,1,2,0,1,0,0.00,79.23 ,50
01,000,00,001,0005,0,3792,35,3827,4782,0,2,1,2,0,1,0,0.00,80.03 ,50
01,000,00,001,0006,0,950,9,959,1153,0,2,1,2,0,1,0,0.00,83.17 ,50
01,000,00,001,0007,0,2957,28,2985,3725,0,2,1,2,0,1,0,0.00,80.13 ,50
01,000,00,001,0008,0,3542,32,3574,4495,0,2,1,2,0,1,0,0.00,79.51 ,50
01,000,00,001,0009,0,2812,47,2859,3569,0,2,1,2,0,1,0,0.00,80.11 ,50
01,000,00,001,0010,0,2970,29,2999,3767,0,2,1,2,0,1,0,0.00,79.61 ,50
01,000,00,001,0011,0,4776,53,4829,5986,0,2,1,2,0,1,0,0.00,80.67 ,50
01,000,00,001,0012,0,4006,42,4048,5315,0,2,1,2,0,1,0,0.00,76.16 ,50
01,000,00,001,0013,0,3536,33,3569,4536,0,2,1,2,0,1,0,0.00,78.68 ,50
01,000,00,001,0014,0,4042,29,4071,5301,0,2,1,2,0,1,0,0.00,76.80 ,50
01,000,00,001,0015,0,3820,30,3850,4810,0,2,1,2,0,1,0,0.00,80.04 ,50
01,000,00,001,0016,0,4687,39,4726,6014,0,2,1,2,0,1,0,0.00,78.58 ,50
01,000,00,001,0017,0,2452,26,2478,3089,0,2,1,2,0,1,0,0.00,80.22 ,50
01,000,00,001,0018,0,2982,42,3024,3722,0,2,1,2,0,1,0,0.00,81.25 ,50
01,000,00,001,0019,0,2482,25,2507,3253,0,2,1,2,0,1,0,0.00,77.07 ,50
01,000,00,001,0020,0,4918,41,4959,6182,0,2,1,2,0,1,0,0.00,80.22 ,50
01,000,00,001,0021,0,4459,64,4523,5688,0,2,1,2,0,1,0,0.00,79.52 ,50
01,000,00,001,0022,0,2906,19,2925,3707,0,2,1,2,0,1,0,0.00,78.90 ,50
01,000,00,001,0023,0,3175,27,3202,4098,0,2,1,2,0,1,0,0.00,78.14 ,50
01,000,00,001,0024,0,5152,45,5197,6538,0,2,1,2,0,1,0,0.00,79.49 ,50
01,000,00,001,0025,0,3705,40,3745,4869,0,2,1,2,0,1,0,0.00,76.92 ,50
01,000,00,001,0026,0,2055,18,2073,2799,0,2,1,2,0,1,0,0.00,74.06 ,50
01,000,00,001,0027,0,3164,30,3194,4260,0,2,1,2,0,1,0,0.00,74.98 ,50
01,000,00,001,0028,0,3407,32,3439,4546,0,2,1,2,0,1,0,0.00,75.65 ,50
01,000,00,001,0029,0,2676,19,2695,3386,0,2,1,2,0,1,0,0.00,79.59 ,50
01,000,00,001,0030,0,3267,33,3300,4207,0,2,1,2,0,1,0,0.00,78.44 ,50
01,000,00,001,0031,0,2383,22,2405,3063,0,2,1,2,0,1,0,0.00,78.52 ,50
01,000,00,001,0032,0,3670,33,3703,4669,0,2,1,2,0,1,0,0.00,79.31 ,50
01,000,00,001,0033,0,2364,16,2380,3018,0,2,1,2,0,1,0,0.00,78.86 ,50
01,000,00,001,0034,0,2545,16,2561,3173,0,2,1,2,0,1,0,0.00,80.71 ,50
01,000,00,001,0035,0,2666,26,2692,3492,0,2,1,2,0,1,0,0.00,77.09 ,50
01,000,00,001,0036,0,3049,26,3075,3816,0,2,1,2,0,1,0,0.00,80.58 ,50
01,000,00,001,0037,0,3473,39,3512,4505,0,2,1,2,0,1,0,0.00,77.96 ,50
01,000,00,001,0038,0,5595,79,5674,7115,0,2,1,2,0,1,0,0.00,79.75 ,50
01,000,00,001,0039,0,1396,16,1412,1804,0,2,1,2,0,1,0,0.00,78.27 ,50
01,000,00,001,0040,0,1819,16,1835,2335,0,2,1,2,0,1,0,0.00,78.59 ,50
01,000,00,002,0041,0,3003,12,3015,3859,0,2,1,2,0,1,0,0.00,78.13 ,50
01,000,00,002,0042,0,1736,27,1763,2282,0,2,1,2,0,1,0,0.00,77.26 ,50
01,000,00,002,0043,0,2798,21,2819,3678,0,2,1,2,0,1,0,0.00,76.64 ,50
01,000,00,002,0044,0,2528,16,2544,3275,0,2,1,2,0,1,0,0.00,77.68 ,50
01,000,00,002,0045,0,4768,40,4808,6143,0,2,1,2,0,1,0,0.00,78.27 ,50
01,000,00,002,0046,0,4293,39,4332,5470,0,2,1,2,0,1,0,0.00,79.20 ,50
01,000,00,002,0047,0,4622,32,4654,5896,0,2,1,2,0,1,0,0.00,78.93 ,50
01,000,00,002,0048,0,4690,50,4740,6187,0,2,1,2,0,1,0,0.00,76.61 ,50
01,000,00,002,0049,0,3181,32,3213,4081,0,2,1,2,0,1,0,0.00,78.73 ,50
01,000,00,002,0050,0,2327,14,2341,3044,0,2,1,2,0,1,0,0.00,76.91 ,50
01,000,00,002,0051,0,4311,49,4360,5475,0,2,1,2,0,1,0,0.00,79.63 ,50
01,000,00,002,0052,0,2426,21,2447,3157,0,2,1,2,0,1,0,0.00,77.51 ,50
01,000,00,002,0053,0,4153,50,4203,5586,0,2,1,2,0,1,0,0.00,75.24 ,50
01,000,00,002,0054,0,3025,24,3049,4040,0,2,1,2,0,1,0,0.00,75.47 ,50
01,000,00,002,0055,0,3460,29,3489,4352,0,2,1,2,0,1,0,0.00,80.17 ,50
01,000,00,002,0056,0,3516,35,3551,4564,0,2,1,2,0,1,0,0.00,77.80 ,50
01,000,00,002,0057,0,4523,37,4560,5789,0,2,1,2,0,1,0,0.00,78.77 ,50
01,000,00,002,0058,0,2384,21,2405,3030,0,2,1,2,0,1,0,0.00,79.37 ,50
01,000,00,002,0059,0,3735,42,3777,4714,0,2,1,2,0,1,0,0.00,80.12 ,50
01,000,00,002,0060,0,4790,51,4841,6164,0,2,1,2,0,1,0,0.00,78.54 ,50
01,000,00,002,0061,0,3932,42,3974,4927,0,2,1,2,0,1,0,0.00,80.66 ,50
01,000,00,002,0062,0,4502,35,4537,5714,0,2,1,2,0,1,0,0.00,79.40 ,50
01,000,00,002,0063,0,2957,41,2998,3668,0,2,1,2,0,1,0,0.00,81.73 ,50
01,000,00,002,0064,0,3318,34,3352,4067,0,2,1,2,0,1,0,0.00,82.42 ,50
01,000,00,002,0065,0,2584,24,2608,3526,0,2,1,2,0,1,0,0.00,73.96 ,50
01,000,00,002,0066,0,3859,38,3897,5062,0,2,1,2,0,1,0,0.00,76.99 ,50
01,000,00,002,0067,0,2464,23,2487,3213,0,2,1,2,0,1,0,0.00,77.40 ,50
01,000,00,002,0068,0,3359,25,3384,4353,0,2,1,2,0,1,0,0.00,77.74 ,50
01,000,00,002,0069,0,2930,16,2946,3765,0,2,1,2,0,1,0,0.00,78.25 ,50
01,000,00,002,0070,0,3450,14,3464,4431,0,2,1,2,0,1,0,0.00,78.18 ,50
01,000,00,002,0071,0,3874,38,3912,5054,0,2,1,2,0,1,0,0.00,77.40 ,50
01,000,00,002,0072,0,2996,25,3021,3826,0,2,1,2,0,1,0,0.00,78.96 ,50
01,000,00,002,0073,0,3211,26,3237,4207,0,2,1,2,0,1,0,0.00,76.94 ,50
01,000,00,002,0074,0,3622,23,3645,4936,0,2,1,2,0,1,0,0.00,73.85 ,50
01,000,00,002,0075,0,4899,37,4936,6340,0,2,1,2,0,1,0,0.00,77.85 ,50
01,000,00,002,0076,0,3522,27,3549,4590,0,2,1,2,0,1,0,0.00,77.32 ,50
01,000,00,002,0077,0,3629,29,3658,4728,0,2,1,2,0,1,0,0.00,77.37 ,50
01,000,00,002,0078,0,2834,21,2855,3869,0,2,1,2,0,1,0,0.00,73.79 ,50
01,000,00,002,0079,0,2535,16,2551,3380,0,2,1,2,0,1,0,0.00,75.47 ,50
01,000,00,002,0080,0,4160,29,4189,5581,0,2,1,2,0,1,0,0.00,75.06 ,50
01,000,00,002,0081,0,3851,16,3867,5305,0,2,1,2,0,1,0,0.00,72.89 ,50
01,000,00,002,0082,0,4515,35,4550,6157,0,2,1,2,0,1,0,0.00,73.90 ,50
01,000,00,002,0083,0,790,9,799,1055,0,2,1,2,0,1,0,0.00,75.73 ,50
01,000,00,002,0084,0,867,9,876,1110,0,2,1,2,0,1,0,0.00,78.92 ,50
01,000,00,002,0085,0,1214,14,1228,1685,0,2,1,2,0,1,0,0.00,72.88 ,50
01,000,00,002,0086,0,1839,21,1860,2690,0,2,1,2,0,1,0,0.00,69.14 ,50
01,000,00,002,0087,0,969,9,978,1273,0,2,1,2,0,1,0,0.00,76.83 ,50
01,000,00,002,0088,0,957,4,961,1159,0,2,1,2,0,1,0,0.00,82.92 ,50
01,000,00,002,0089,0,949,8,957,1227,0,2,1,2,0,1,0,0.00,78.00 ,50
01,000,00,002,0090,0,3783,30,3813,5174,0,2,1,2,0,1,0,0.00,73.70 ,50
01,000,00,003,0091,0,2264,23,2287,3147,0,2,1,2,0,1,0,0.00,72.67 ,50
01,000,00,003,0092,0,2249,31,2280,3403,0,2,1,2,0,1,0,0.00,67.00 ,50
01,000,00,003,0093,0,1818,16,1834,2825,0,2,1,2,0,1,0,0.00,64.92 ,50
01,000,00,003,0094,0,2925,25,2950,4259,0,2,1,2,0,1,0,0.00,69.27 ,50
01,000,00,003,0095,0,2978,39,3017,4487,0,2,1,2,0,1,0,0.00,67.24 ,50
01,000,00,003,0096,0,2626,26,2652,4004,0,2,1,2,0,1,0,0.00,66.23 ,50
01,000,00,003,0097,0,1735,17,1752,2739,0,2,1,2,0,1,0,0.00,63.96 ,50
01,000,00,003,0098,0,3337,30,3367,4693,0,2,1,2,0,1,0,0.00,71.75 ,50
01,000,00,003,0099,0,2138,35,2173,3078,0,2,1,2,0,1,0,0.00,70.60 ,50
01,000,00,003,0100,0,1676,17,1693,2474,0,2,1,2,0,1,0,0.00,68.43 ,50
01,000,00,003,0101,0,2060,22,2082,3247,0,2,1,2,0,1,0,0.00,64.12 ,50
01,000,00,003,0102,0,2757,30,2787,4021,0,2,1,2,0,1,0,0.00,69.31 ,50
01,000,00,003,0103,0,2925,24,2949,4084,0,2,1,2,0,1,0,0.00,72.21 ,50
01,000,00,003,0104,0,1730,25,1755,2384,0,2,1,2,0,1,0,0.00,73.62 ,50
01,000,00,003,0105,0,6027,51,6078,7838,0,2,1,2,0,1,0,0.00,77.55 ,50
01,000,00,003,0106,0,3097,32,3129,3956,0,2,1,2,0,1,0,0.00,79.10 ,50
01,000,00,003,0107,0,3205,23,3228,4077,0,2,1,2,0,1,0,0.00,79.18 ,50
01,000,00,003,0108,0,2905,31,2936,3893,0,2,1,2,0,1,0,0.00,75.42 ,50
01,000,00,003,0109,0,695,6,701,894,0,2,1,2,0,1,0,0.00,78.41 ,50
01,000,00,003,0110,0,3046,42,3088,4171,0,2,1,2,0,1,0,0.00,74.04 ,50
01,000,00,003,0111,0,3735,33,3768,5149,0,2,1,2,0,1,0,0.00,73.18 ,50
01,000,00,003,0112,0,2770,29,2799,3947,0,2,1,2,0,1,0,0.00,70.91 ,50
01,000,00,003,0113,0,3306,37,3343,4624,0,2,1,2,0,1,0,0.00,72.30 ,50
01,000,00,003,0114,0,3016,31,3047,4041,0,2,1,2,0,1,0,0.00,75.40 ,50
01,000,00,003,0115,0,4841,58,4899,6338,0,2,1,2,0,1,0,0.00,77.30 ,50
01,000,00,003,0116,0,2303,27,2330,3084,0,2,1,2,0,1,0,0.00,75.55 ,50
01,000,00,003,0117,0,4224,30,4254,5654,0,2,1,2,0,1,0,0.00,75.24 ,50
01,000,00,003,0118,0,3648,35,3683,4981,0,2,1,2,0,1,0,0.00,73.94 ,50
01,000,00,003,0119,0,4428,46,4474,5979,0,2,1,2,0,1,0,0.00,74.83 ,50
01,000,00,003,0120,0,2989,21,3010,4196,0,2,1,2,0,1,0,0.00,71.73 ,50
01,000,00,003,0121,0,2602,19,2621,3688,0,2,1,2,0,1,0,0.00,71.07 ,50
01,000,00,003,0122,0,2986,29,3015,4252,0,2,1,2,0,1,0,0.00,70.91 ,50
01,000,00,003,0123,0,2109,17,2126,3025,0,2,1,2,0,1,0,0.00,70.28 ,50
01,000,00,003,0124,0,3718,45,3763,5210,0,2,1,2,0,1,0,0.00,72.23 ,50
01,000,00,003,0125,0,3475,30,3505,4550,0,2,1,2,0,1,0,0.00,77.03 ,50
01,000,00,003,0126,0,2440,20,2460,3446,0,2,1,2,0,1,0,0.00,71.39 ,50
01,000,00,003,0127,0,2687,23,2710,3671,0,2,1,2,0,1,0,0.00,73.82 ,50
01,000,00,003,0128,0,1993,22,2015,2768,0,2,1,2,0,1,0,0.00,72.80 ,50
01,000,00,003,0129,0,3706,39,3745,5203,0,2,1,2,0,1,0,0.00,71.98 ,50
01,000,00,003,0130,0,2150,18,2168,3038,0,2,1,2,0,1,0,0.00,71.36 ,50
01,000,00,004,0131,0,2432,22,2454,3243,0,2,1,2,0,1,0,0.00,75.67 ,50
01,000,00,004,0132,0,2362,18,2380,3124,0,2,1,2,0,1,0,0.00,76.18 ,50
01,000,00,004,0133,0,2449,30,2479,3234,0,2,1,2,0,1,0,0.00,76.65 ,50
01,000,00,004,0134,0,2135,24,2159,2813,0,2,1,2,0,1,0,0.00,76.75 ,50
01,000,00,004,0135,0,3103,23,3126,4040,0,2,1,2,0,1,0,0.00,77.38 ,50
01,000,00,004,0136,0,2137,18,2155,2819,0,2,1,2,0,1,0,0.00,76.45 ,50
01,000,00,004,0137,0,2632,20,2652,3437,0,2,1,2,0,1,0,0.00,77.16 ,50
01,000,00,004,0138,0,3417,39,3456,4338,0,2,1,2,0,1,0,0.00,79.67 ,50
01,000,00,004,0139,0,3151,37,3188,4009,0,2,1,2,0,1,0,0.00,79.52 ,50
01,000,00,004,0140,0,2241,20,2261,3054,0,2,1,2,0,1,0,0.00,74.03 ,50
01,000,00,004,0141,0,5418,65,5483,6976,0,2,1,2,0,1,0,0.00,78.60 ,50
01,000,00,004,0142,0,2493,30,2523,3293,0,2,1,2,0,1,0,0.00,76.62 ,50
01,000,00,004,0143,0,3972,44,4016,5261,0,2,1,2,0,1,0,0.00,76.34 ,50
01,000,00,004,0144,0,1939,25,1964,2522,0,2,1,2,0,1,0,0.00,77.87 ,50
01,000,00,004,0145,0,2047,16,2063,2603,0,2,1,2,0,1,0,0.00,79.25 ,50
01,000,00,004,0146,0,2965,21,2986,3887,0,2,1,2,0,1,0,0.00,76.82 ,50
01,000,00,004,0147,0,2708,30,2738,3537,0,2,1,2,0,1,0,0.00,77.41 ,50
01,000,00,004,0148,0,1549,18,1567,1949,0,2,1,2,0,1,0,0.00,80.40 ,50
01,000,00,004,0149,0,1951,19,1970,2512,0,2,1,2,0,1,0,0.00,78.42 ,50
01,000,00,004,0150,0,3241,43,3284,4237,0,2,1,2,0,1,0,0.00,77.51 ,50
01,000,00,004,0151,0,4089,34,4123,5158,0,2,1,2,0,1,0,0.00,79.93 ,50
01,000,00,004,0152,0,4925,28,4953,6394,0,2,1,2,0,1,0,0.00,77.46 ,50
01,000,00,004,0153,0,771,6,777,989,0,2,1,2,0,1,0,0.00,78.56 ,50
01,000,00,004,0154,0,2807,13,2820,3595,0,2,1,2,0,1,0,0.00,78.44 ,50
01,000,00,004,0155,0,2501,28,2529,3148,0,2,1,2,0,1,0,0.00,80.34 ,50
01,000,00,004,0156,0,3712,30,3742,4695,0,2,1,2,0,1,0,0.00,79.70 ,50
01,000,00,005,0157,0,3766,25,3791,4854,0,2,1,2,0,1,0,0.00,78.10 ,50
01,000,00,005,0158,0,5252,35,5287,7132,0,2,1,2,0,1,0,0.00,74.13 ,50
01,000,00,005,0159,0,4024,23,4047,5553,0,2,1,2,0,1,0,0.00,72.88 ,50
01,000,00,005,0160,0,2868,16,2884,3834,0,2,1,2,0,1,0,0.00,75.22 ,50
01,000,00,005,0161,0,3208,16,3224,4424,0,2,1,2,0,1,0,0.00,72.88 ,50
01,000,00,005,0162,0,2925,19,2944,3850,0,2,1,2,0,1,0,0.00,76.47 ,50
01,000,00,005,0163,0,2528,18,2546,3615,0,2,1,2,0,1,0,0.00,70.43 ,50
01,000,00,005,0164,0,2889,17,2906,4054,0,2,1,2,0,1,0,0.00,71.68 ,50
01,000,00,005,0165,0,2728,16,2744,3865,0,2,1,2,0,1,0,0.00,71.00 ,50
01,000,00,005,0166,0,4467,36,4503,6253,0,2,1,2,0,1,0,0.00,72.01 ,50
01,000,00,005,0167,0,2427,10,2437,3403,0,2,1,2,0,1,0,0.00,71.61 ,50
01,000,00,005,0168,0,2929,21,2950,3963,0,2,1,2,0,1,0,0.00,74.44 ,50
01,000,00,005,0169,0,2020,17,2037,2823,0,2,1,2,0,1,0,0.00,72.16 ,50
01,000,00,005,0170,0,2839,19,2858,3739,0,2,1,2,0,1,0,0.00,76.44 ,50
01,000,00,005,0171,0,4905,31,4936,6862,0,2,1,2,0,1,0,0.00,71.93 ,50
01,000,00,005,0172,0,3929,34,3963,5348,0,2,1,2,0,1,0,0.00,74.10 ,50
01,000,00,005,0173,0,2202,23,2225,3051,0,2,1,2,0,1,0,0.00,72.93 ,50
01,000,00,005,0174,0,3593,24,3617,4638,0,2,1,2,0,1,0,0.00,77.99 ,50
01,000,00,005,0175,0,5398,48,5446,7137,0,2,1,2,0,1,0,0.00,76.31 ,50
01,000,00,005,0176,0,3103,18,3121,4052,0,2,1,2,0,1,0,0.00,77.02 ,50
01,000,00,005,0177,0,4274,28,4302,5764,0,2,1,2,0,1,0,0.00,74.64 ,50
01,000,00,005,0178,0,4371,32,4403,5984,0,2,1,2,0,1,0,0.00,73.58 ,50
01,000,00,005,0179,0,4213,35,4248,5741,0,2,1,2,0,1,0,0.00,73.99 ,50
01,000,00,005,0180,0,3855,31,3886,5168,0,2,1,2,0,1,0,0.00,75.19 ,50
01,000,00,005,0181,0,4369,34,4403,6117,0,2,1,2,0,1,0,0.00,71.98 ,50
01,000,00,005,0182,0,2405,17,2422,3207,0,2,1,2,0,1,0,0.00,75.52 ,50
01,000,00,005,0183,0,2086,15,2101,2826,0,2,1,2,0,1,0,0.00,74.35 ,50
01,000,00,005,0184,0,2294,15,2309,3043,0,2,1,2,0,1,0,0.00,75.88 ,50
01,000,00,005,0185,0,4292,41,4333,5756,0,2,1,2,0,1,0,0.00,75.28 ,50
01,000,00,005,0186,0,1954,15,1969,2626,0,2,1,2,0,1,0,0.00,74.98 ,50
01,000,00,005,0187,0,2074,18,2092,2794,0,2,1,2,0,1,0,0.00,74.87 ,50
01,000,00,005,0188,0,3618,28,3646,4807,0,2,1,2,0,1,0,0.00,75.85 ,50
01,000,00,005,0189,0,1610,10,1620,2260,0,2,1,2,0,1,0,0.00,71.68 ,50
01,000,00,006,0190,0,2922,15,2937,3818,0,2,1,2,0,1,0,0.00,76.93 ,50
01,000,00,006,0191,0,2920,19,2939,3900,0,2,1,2,0,1,0,0.00,75.36 ,50
01,000,00,006,0192,0,1794,16,1810,2543,0,2,1,2,0,1,0,0.00,71.18 ,50
01,000,00,006,0193,0,1678,7,1685,2321,0,2,1,2,0,1,0,0.00,72.60 ,50
01,000,00,006,0194,0,2584,13,2597,3532,0,2,1,2,0,1,0,0.00,73.53 ,50
01,000,00,006,0195,0,3641,35,3676,4905,0,2,1,2,0,1,0,0.00,74.94 ,50
01,000,00,006,0196,0,2698,30,2728,3740,0,2,1,2,0,1,0,0.00,72.94 ,50
01,000,00,006,0197,0,3623,34,3657,4840,0,2,1,2,0,1,0,0.00,75.56 ,50
01,000,00,006,0198,0,4034,37,4071,5430,0,2,1,2,0,1,0,0.00,74.97 ,50
01,000,00,006,0199,0,2195,26,2221,2839,0,2,1,2,0,1,0,0.00,78.23 ,50
01,000,00,006,0200,0,2885,43,2928,3811,0,2,1,2,0,1,0,0.00,76.83 ,50
01,000,00,006,0201,0,2229,37,2266,2946,0,2,1,2,0,1,0,0.00,76.92 ,50
01,000,00,006,0202,0,3288,30,3318,4189,0,2,1,2,0,1,0,0.00,79.21 ,50
01,000,00,006,0203,0,2748,36,2784,3600,0,2,1,2,0,1,0,0.00,77.33 ,50
01,000,00,006,0204,0,2942,39,2981,3815,0,2,1,2,0,1,0,0.00,78.14 ,50
01,000,00,006,0205,0,3693,28,3721,4548,0,2,1,2,0,1,0,0.00,81.82 ,50
01,000,00,006,0206,0,3435,37,3472,4529,0,2,1,2,0,1,0,0.00,76.66 ,50
01,000,00,006,0207,0,3397,37,3434,4379,0,2,1,2,0,1,0,0.00,78.42 ,50
01,000,00,006,0208,0,2370,20,2390,3136,0,2,1,2,0,1,0,0.00,76.21 ,50
01,000,00,006,0209,0,4100,40,4140,5368,0,2,1,2,0,1,0,0.00,77.12 ,50
01,000,00,006,0210,0,1667,26,1693,2263,0,2,1,2,0,1,0,0.00,74.81 ,50
01,000,00,006,0211,0,3682,34,3716,4726,0,2,1,2,0,1,0,0.00,78.63 ,50
01,000,00,006,0212,0,3546,24,3570,4614,0,2,1,2,0,1,0,0.00,77.37 ,50
01,000,00,006,0213,0,2894,30,2924,3724,0,2,1,2,0,1,0,0.00,78.52 ,50
01,000,00,006,0214,0,4926,65,4991,6306,0,2,1,2,0,1,0,0.00,79.15 ,50
01,000,00,006,0215,0,3992,43,4035,5157,0,2,1,2,0,1,0,0.00,78.24 ,50
01,000,00,006,0216,0,3825,92,3917,5133,0,2,1,2,0,1,0,0.00,76.31 ,50
01,000,00,006,0217,0,3459,14,3473,4443,0,2,1,2,0,1,0,0.00,78.17 ,50
01,000,00,006,0218,0,4316,59,4375,5575,0,2,1,2,0,1,0,0.00,78.48 ,50
01,000,00,006,0219,0,5234,56,5290,6931,0,2,1,2,0,1,0,0.00,76.32 ,50
01,000,00,006,0220,0,2813,29,2842,3736,0,2,1,2,0,1,0,0.00,76.07 ,50
01,000,00,006,0221,0,3726,57,3783,5059,0,2,1,2,0,1,0,0.00,74.78 ,50
01,000,00,006,0222,0,4880,45,4925,6468,0,2,1,2,0,1,0,0.00,76.14 ,50
01,000,00,006,0223,0,3008,48,3056,3987,0,2,1,2,0,1,0,0.00,76.65 ,50
01,000,00,006,0224,0,2992,30,3022,3915,0,2,1,2,0,1,0,0.00,77.19 ,50
01,000,00,006,0225,0,4012,69,4081,5282,0,2,1,2,0,1,0,0.00,77.26 ,50
01,000,00,006,0226,0,1964,17,1981,2552,0,2,1,2,0,1,0,0.00,77.63 ,50
01,000,00,006,0227,0,2667,37,2704,3557,0,2,1,2,0,1,0,0.00,76.02 ,50
01,000,00,006,0228,0,4245,33,4278,5507,0,2,1,2,0,1,0,0.00,77.68 ,50
01,000,00,006,0229,0,2942,26,2968,3876,0,2,1,2,0,1,0,0.00,76.57 ,50
01,000,00,006,0230,0,1852,20,1872,2495,0,2,1,2,0,1,0,0.00,75.03 ,50
01,000,00,007,0231,0,3267,44,3311,4168,0,2,1,2,0,1,0,0.00,79.44 ,50
01,000,00,007,0232,0,2520,22,2542,3245,0,2,1,2,0,1,0,0.00,78.34 ,50
01,000,00,007,0233,0,2624,35,2659,3252,0,2,1,2,0,1,0,0.00,81.77 ,50
01,000,00,007,0234,0,2005,15,2020,2642,0,2,1,2,0,1,0,0.00,76.46 ,50
01,000,00,007,0235,0,4170,50,4220,5229,0,2,1,2,0,1,0,0.00,80.70 ,50
01,000,00,007,0236,0,2817,36,2853,3560,0,2,1,2,0,1,0,0.00,80.14 ,50
01,000,00,007,0237,0,2635,37,2672,3432,0,2,1,2,0,1,0,0.00,77.86 ,50
01,000,00,007,0238,0,2839,22,2861,3556,0,2,1,2,0,1,0,0.00,80.46 ,50
01,000,00,007,0239,0,2839,28,2867,3622,0,2,1,2,0,1,0,0.00,79.16 ,50
01,000,00,007,0240,0,3711,33,3744,4712,0,2,1,2,0,1,0,0.00,79.46 ,50
01,000,00,007,0241,0,4326,51,4377,5434,0,2,1,2,0,1,0,0.00,80.55 ,50
01,000,00,007,0242,0,2883,44,2927,3601,0,2,1,2,0,1,0,0.00,81.28 ,50
01,000,00,007,0243,0,2698,26,2724,3339,0,2,1,2,0,1,0,0.00,81.58 ,50
01,000,00,007,0244,0,3038,26,3064,3890,0,2,1,2,0,1,0,0.00,78.77 ,50
01,000,00,007,0245,0,3231,27,3258,4079,0,2,1,2,0,1,0,0.00,79.87 ,50
01,000,00,007,0246,0,4765,45,4810,6160,0,2,1,2,0,1,0,0.00,78.08 ,50
01,000,00,007,0247,0,5428,79,5507,6799,0,2,1,2,0,1,0,0.00,81.00 ,50
01,000,00,007,0248,0,3838,40,3878,4841,0,2,1,2,0,1,0,0.00,80.11 ,50
01,000,00,008,0249,0,4363,43,4406,5486,0,2,1,2,0,1,0,0.00,80.31 ,50
01,000,00,008,0250,0,3437,33,3470,4310,0,2,1,2,0,1,0,0.00,80.51 ,50
01,000,00,008,0251,0,4704,32,4736,5912,0,2,1,2,0,1,0,0.00,80.11 ,50
01,000,00,008,0252,0,2702,12,2714,3331,0,2,1,2,0,1,0,0.00,81.48 ,50
01,000,00,008,0253,0,4397,33,4430,5506,0,2,1,2,0,1,0,0.00,80.46 ,50
01,000,00,008,0254,0,6161,52,6213,7753,0,2,1,2,0,1,0,0.00,80.14 ,50
01,000,00,008,0255,0,5270,36,5306,6592,0,2,1,2,0,1,0,0.00,80.49 ,50
01,000,00,008,0256,0,2694,17,2711,3347,0,2,1,2,0,1,0,0.00,81.00 ,50
01,000,00,008,0257,0,4594,40,4634,5571,0,2,1,2,0,1,0,0.00,83.18 ,50
01,000,00,008,0258,0,3693,27,3720,4686,0,2,1,2,0,1,0,0.00,79.39 ,50
01,000,00,008,0259,0,4066,32,4098,5160,0,2,1,2,0,1,0,0.00,79.42 ,50
01,000,00,008,0260,0,2422,17,2439,3122,0,2,1,2,0,1,0,0.00,78.12 ,50
01,000,00,008,0261,0,1960,22,1982,2555,0,2,1,2,0,1,0,0.00,77.57 ,50
01,000,00,008,0262,0,2635,22,2657,3442,0,2,1,2,0,1,0,0.00,77.19 ,50
01,000,00,008,0263,0,3297,30,3327,4200,0,2,1,2,0,1,0,0.00,79.21 ,50
01,000,00,008,0264,0,3600,29,3629,4449,0,2,1,2,0,1,0,0.00,81.57 ,50
01,000,00,008,0265,0,3736,27,3763,4659,0,2,1,2,0,1,0,0.00,80.77 ,50
01,000,00,008,0266,0,1987,24,2011,2472,0,2,1,2,0,1,0,0.00,81.35 ,50
01,000,00,008,0267,0,2839,23,2862,3519,0,2,1,2,0,1,0,0.00,81.33 ,50
01,000,00,008,0268,0,4655,27,4682,5905,0,2,1,2,0,1,0,0.00,79.29 ,50
01,000,00,008,0269,0,3044,33,3077,3817,0,2,1,2,0,1,0,0.00,80.61 ,50
01,000,00,008,0270,0,2300,11,2311,2980,0,2,1,2,0,1,0,0.00,77.55 ,50
01,000,00,008,0271,0,4960,36,4996,6377,0,2,1,2,0,1,0,0.00,78.34 ,50
01,000,00,008,0272,0,3580,23,3603,4530,0,2,1,2,0,1,0,0.00,79.54 ,50
01,000,00,008,0273,0,10430,79,10509,13282,0,2,1,2,0,1,0,0.00,79.12 ,50
01,000,00,008,0274,0,4297,42,4339,5465,0,2,1,2,0,1,0,0.00,79.40 ,50
01,000,00,008,0275,0,3845,33,3878,4999,0,2,1,2,0,1,0,0.00,77.58 ,50
01,000,00,008,0276,0,7379,64,7443,9480,0,2,1,2,0,1,0,0.00,78.51 ,50
01,000,00,008,0277,0,4282,37,4319,5423,0,2,1,2,0,1,0,0.00,79.64 ,50
01,000,00,009,0278,0,2884,18,2902,4307,0,2,1,2,0,1,0,0.00,67.38 ,50
01,000,00,009,0279,0,2599,22,2621,3718,0,2,1,2,0,1,0,0.00,70.49 ,50
01,000,00,009,0280,0,3806,12,3818,5244,0,2,1,2,0,1,0,0.00,72.81 ,50
01,000,00,009,0281,0,4380,32,4412,6314,0,2,1,2,0,1,0,0.00,69.88 ,50
01,000,00,009,0282,0,3008,19,3027,4754,0,2,1,2,0,1,0,0.00,63.67 ,50
01,000,00,009,0283,0,4210,26,4236,5678,0,2,1,2,0,1,0,0.00,74.60 ,50
01,000,00,009,0284,0,3275,31,3306,4714,0,2,1,2,0,1,0,0.00,70.13 ,50
01,000,00,009,0285,0,2380,18,2398,3544,0,2,1,2,0,1,0,0.00,67.66 ,50
01,000,00,009,0286,0,2591,19,2610,3706,0,2,1,2,0,1,0,0.00,70.43 ,50
01,000,00,009,0287,0,4139,32,4171,6058,0,2,1,2,0,1,0,0.00,68.85 ,50
01,000,00,009,0288,0,3127,18,3145,4283,0,2,1,2,0,1,0,0.00,73.43 ,50
01,000,00,009,0289,0,2436,21,2457,3540,0,2,1,2,0,1,0,0.00,69.41 ,50
01,000,00,009,0290,0,2401,14,2415,3302,0,2,1,2,0,1,0,0.00,73.14 ,50
01,000,00,009,0291,0,3662,36,3698,5107,0,2,1,2,0,1,0,0.00,72.41 ,50
01,000,00,009,0292,0,2836,26,2862,3957,0,2,1,2,0,1,0,0.00,72.33 ,50
01,000,00,009,0293,0,2823,19,2842,3961,0,2,1,2,0,1,0,0.00,71.75 ,50
01,000,00,009,0294,0,2678,17,2695,3704,0,2,1,2,0,1,0,0.00,72.76 ,50
01,000,00,009,0295,0,1972,13,1985,2689,0,2,1,2,0,1,0,0.00,73.82 ,50
01,000,00,009,0296,0,2502,20,2522,3386,0,2,1,2,0,1,0,0.00,74.48 ,50
01,000,00,009,0297,0,3245,21,3266,4150,0,2,1,2,0,1,0,0.00,78.70 ,50
01,000,00,009,0298,0,3241,18,3259,4251,0,2,1,2,0,1,0,0.00,76.66 ,50
01,000,00,009,0299,0,3739,24,3763,5196,0,2,1,2,0,1,0,0.00,72.42 ,50
01,000,00,009,0300,0,3781,16,3797,5063,0,2,1,2,0,1,0,0.00,75.00 ,50
01,000,00,009,0301,0,2192,11,2203,3176,0,2,1,2,0,1,0,0.00,69.36 ,50
01,000,00,009,0302,0,3044,13,3057,4178,0,2,1,2,0,1,0,0.00,73.17 ,50
01,000,00,009,0303,0,3534,24,3558,4872,0,2,1,2,0,1,0,0.00,73.03 ,50
01,000,00,009,0304,0,3356,28,3384,4668,0,2,1,2,0,1,0,0.00,72.49 ,50
01,000,00,009,0305,0,3135,17,3152,4454,0,2,1,2,0,1,0,0.00,70.77 ,50
01,000,00,009,0306,0,3842,38,3880,5141,0,2,1,2,0,1,0,0.00,75.47 ,50
01,000,00,009,0307,0,3531,37,3568,4873,0,2,1,2,0,1,0,0.00,73.22 ,50
01,000,00,009,0308,0,2736,25,2761,3610,0,2,1,2,0,1,0,0.00,76.48 ,50
01,000,00,009,0309,0,2401,16,2417,3378,0,2,1,2,0,1,0,0.00,71.55 ,50
01,000,00,009,0310,0,2522,22,2544,3499,0,2,1,2,0,1,0,0.00,72.71 ,50
01,000,00,009,0311,0,3511,27,3538,4962,0,2,1,2,0,1,0,0.00,71.30 ,50
01,000,00,009,0312,0,4599,27,4626,6084,0,2,1,2,0,1,0,0.00,76.04 ,50
01,000,00,009,0313,0,1986,10,1996,2758,0,2,1,2,0,1,0,0.00,72.37 ,50
01,000,00,009,0314,0,1924,14,1938,2705,0,2,1,2,0,1,0,0.00,71.65 ,50
01,000,00,009,0315,0,5002,27,5029,6831,0,2,1,2,0,1,0,0.00,73.62 ,50
01,000,00,009,0316,0,2656,25,2681,3957,0,2,1,2,0,1,0,0.00,67.75 ,50
01,000,00,009,0317,0,1581,14,1595,2323,0,2,1,2,0,1,0,0.00,68.66 ,50
01,000,00,009,0318,0,4667,25,4692,6534,0,2,1,2,0,1,0,0.00,71.81 ,50
01,000,00,009,0319,0,3939,35,3974,5169,0,2,1,2,0,1,0,0.00,76.88 ,50
01,000,00,009,0320,0,1406,6,1412,2062,0,2,1,2,0,1,0,0.00,68.48 ,50
01,000,00,009,0321,0,3432,38,3470,4509,0,2,1,2,0,1,0,0.00,76.96 ,50
01,000,00,009,0322,0,4589,24,4613,5923,0,2,1,2,0,1,0,0.00,77.88 ,50
01,000,00,009,0323,0,2480,25,2505,3293,0,2,1,2,0,1,0,0.00,76.07 ,50
01,000,00,009,0324,0,2714,15,2729,4054,0,2,1,2,0,1,0,0.00,67.32 ,50
01,000,00,009,0325,0,3196,38,3234,4760,0,2,1,2,0,1,0,0.00,67.94 ,50
01,000,00,009,0326,0,3436,35,3471,4837,0,2,1,2,0,1,0,0.00,71.76 ,50
01,000,00,009,0327,0,2641,20,2661,3872,0,2,1,2,0,1,0,0.00,68.72 ,50
01,000,00,009,0328,0,3399,20,3419,4753,0,2,1,2,0,1,0,0.00,71.93 ,50
01,000,00,009,0329,0,2535,22,2557,3502,0,2,1,2,0,1,0,0.00,73.02 ,50
01,000,00,009,0330,0,3664,26,3690,5339,0,2,1,2,0,1,0,0.00,69.11 ,50
01,000,00,009,0331,0,4159,29,4188,5792,0,2,1,2,0,1,0,0.00,72.31 ,50
01,000,00,010,0332,0,2191,21,2212,2935,0,2,1,2,0,1,0,0.00,75.37 ,50
01,000,00,010,0333,0,1604,15,1619,2317,0,2,1,2,0,1,0,0.00,69.87 ,50
01,000,00,010,0334,0,1621,11,1632,2152,0,2,1,2,0,1,0,0.00,75.84 ,50
01,000,00,010,0335,0,2929,14,2943,3929,0,2,1,2,0,1,0,0.00,74.90 ,50
01,000,00,010,0336,0,2937,28,2965,4026,0,2,1,2,0,1,0,0.00,73.65 ,50
01,000,00,010,0337,0,3420,21,3441,4597,0,2,1,2,0,1,0,0.00,74.85 ,50
01,000,00,010,0338,0,3451,32,3483,4572,0,2,1,2,0,1,0,0.00,76.18 ,50
01,000,00,010,0339,0,2114,20,2134,2794,0,2,1,2,0,1,0,0.00,76.38 ,50
01,000,00,010,0340,0,3201,27,3228,4105,0,2,1,2,0,1,0,0.00,78.64 ,50
01,000,00,010,0341,0,2759,30,2789,3604,0,2,1,2,0,1,0,0.00,77.39 ,50
01,000,00,010,0342,0,3408,22,3430,4425,0,2,1,2,0,1,0,0.00,77.51 ,50
01,000,00,010,0343,0,2949,16,2965,3791,0,2,1,2,0,1,0,0.00,78.21 ,50
01,000,00,010,0344,0,4211,39,4250,5533,0,2,1,2,0,1,0,0.00,76.81 ,50
01,000,00,010,0345,0,4469,57,4526,6039,0,2,1,2,0,1,0,0.00,74.95 ,50
01,000,00,010,0346,0,1982,32,2014,2640,0,2,1,2,0,1,0,0.00,76.29 ,50
01,000,00,010,0347,0,2104,12,2116,2882,0,2,1,2,0,1,0,0.00,73.42 ,50
01,000,00,010,0348,0,2453,39,2492,3365,0,2,1,2,0,1,0,0.00,74.06 ,50
01,000,00,010,0349,0,2744,17,2761,3588,0,2,1,2,0,1,0,0.00,76.95 ,50
01,000,00,010,0350,0,4471,25,4496,5906,0,2,1,2,0,1,0,0.00,76.13 ,50
01,000,00,010,0351,0,3405,25,3430,4438,0,2,1,2,0,1,0,0.00,77.29 ,50
01,000,00,010,0352,0,5069,36,5105,6366,0,2,1,2,0,1,0,0.00,80.19 ,50
01,000,00,010,0353,0,804,6,810,1259,0,2,1,2,0,1,0,0.00,64.34 ,50
01,000,00,010,0354,0,2070,17,2087,2999,0,2,1,2,0,1,0,0.00,69.59 ,50
01,000,00,010,0355,0,1427,19,1446,2103,0,2,1,2,0,1,0,0.00,68.76 ,50
01,000,00,010,0356,0,2239,12,2251,2966,0,2,1,2,0,1,0,0.00,75.89 ,50
01,000,00,010,0357,0,2602,27,2629,3612,0,2,1,2,0,1,0,0.00,72.79 ,50
01,000,00,010,0358,0,2490,16,2506,3519,0,2,1,2,0,1,0,0.00,71.21 ,50
01,000,00,010,0359,0,1896,15,1911,2687,0,2,1,2,0,1,0,0.00,71.12 ,50
01,000,00,010,0360,0,2842,22,2864,3882,0,2,1,2,0,1,0,0.00,73.78 ,50
01,000,00,010,0361,0,4005,27,4032,5131,0,2,1,2,0,1,0,0.00,78.58 ,50
01,000,00,010,0362,0,4464,36,4500,6024,0,2,1,2,0,1,0,0.00,74.70 ,50
01,000,00,011,0363,0,2742,35,2777,3964,0,2,1,2,0,1,0,0.00,70.06 ,50
01,000,00,011,0364,0,1764,25,1789,2630,0,2,1,2,0,1,0,0.00,68.02 ,50
01,000,00,011,0365,0,2047,16,2063,2898,0,2,1,2,0,1,0,0.00,71.19 ,50
01,000,00,011,0366,0,4211,41,4252,5494,0,2,1,2,0,1,0,0.00,77.39 ,50
01,000,00,011,0367,0,3434,45,3479,4582,0,2,1,2,0,1,0,0.00,75.93 ,50
01,000,00,011,0368,0,3184,28,3212,4230,0,2,1,2,0,1,0,0.00,75.93 ,50
01,000,00,011,0369,0,3026,15,3041,3988,0,2,1,2,0,1,0,0.00,76.25 ,50
01,000,00,011,0370,0,2579,22,2601,3313,0,2,1,2,0,1,0,0.00,78.51 ,50
01,000,00,011,0371,0,2907,18,2925,3669,0,2,1,2,0,1,0,0.00,79.72 ,50
01,000,00,011,0372,0,3038,33,3071,3847,0,2,1,2,0,1,0,0.00,79.83 ,50
01,000,00,011,0373,0,5103,47,5150,6561,0,2,1,2,0,1,0,0.00,78.49 ,50
01,000,00,011,0374,0,3101,39,3140,4078,0,2,1,2,0,1,0,0.00,77.00 ,50
01,000,00,011,0375,0,2684,26,2710,3621,0,2,1,2,0,1,0,0.00,74.84 ,50
01,000,00,011,0376,0,5677,46,5723,7328,0,2,1,2,0,1,0,0.00,78.10 ,50
01,000,00,011,0377,0,2614,20,2634,3512,0,2,1,2,0,1,0,0.00,75.00 ,50
01,000,00,011,0378,0,4673,41,4714,6043,0,2,1,2,0,1,0,0.00,78.01 ,50
01,000,00,011,0379,0,3636,41,3677,4916,0,2,1,2,0,1,0,0.00,74.80 ,50
01,000,00,011,0380,0,5311,54,5365,6953,0,2,1,2,0,1,0,0.00,77.16 ,50
01,000,00,011,0381,0,3530,51,3581,4640,0,2,1,2,0,1,0,0.00,77.18 ,50
01,000,00,011,0382,0,2423,27,2450,3123,0,2,1,2,0,1,0,0.00,78.45 ,50
01,000,00,011,0383,0,4355,48,4403,5769,0,2,1,2,0,1,0,0.00,76.32 ,50
01,000,00,011,0384,0,2817,30,2847,3639,0,2,1,2,0,1,0,0.00,78.24 ,50
01,000,00,011,0385,0,2137,23,2160,2727,0,2,1,2,0,1,0,0.00,79.21 ,50
01,000,00,011,0386,0,4397,33,4430,5889,0,2,1,2,0,1,0,0.00,75.22 ,50
01,000,00,011,0387,0,3292,34,3326,4270,0,2,1,2,0,1,0,0.00,77.89 ,50
01,000,00,011,0388,0,2534,25,2559,3309,0,2,1,2,0,1,0,0.00,77.33 ,50
01,000,00,011,0389,0,1999,18,2017,2492,0,2,1,2,0,1,0,0.00,80.94 ,50
01,000,00,011,0390,0,3003,51,3054,3893,0,2,1,2,0,1,0,0.00,78.45 ,50
01,000,00,011,0391,0,2583,46,2629,3325,0,2,1,2,0,1,0,0.00,79.07 ,50
01,000,00,011,0392,0,3173,28,3201,4075,0,2,1,2,0,1,0,0.00,78.55 ,50
01,000,00,011,0393,0,2935,33,2968,3882,0,2,1,2,0,1,0,0.00,76.46 ,50
01,000,00,011,0394,0,4110,36,4146,5332,0,2,1,2,0,1,0,0.00,77.76 ,50
01,000,00,011,0395,0,3080,31,3111,4099,0,2,1,2,0,1,0,0.00,75.90 ,50
01,000,00,011,0396,0,3478,30,3508,4477,0,2,1,2,0,1,0,0.00,78.36 ,50
01,000,00,011,0397,0,2885,44,2929,3788,0,2,1,2,0,1,0,0.00,77.32 ,50
01,000,00,011,0398,0,1929,19,1948,2469,0,2,1,2,0,1,0,0.00,78.90 ,50
01,000,00,012,0399,0,2913,27,2940,3851,0,2,1,2,0,1,0,0.00,76.34 ,50
01,000,00,012,0400,0,3386,32,3418,4478,0,2,1,2,0,1,0,0.00,76.33 ,50
01,000,00,012,0401,0,2520,18,2538,3313,0,2,1,2,0,1,0,0.00,76.61 ,50
01,000,00,012,0402,0,3702,30,3732,4684,0,2,1,2,0,1,0,0.00,79.68 ,50
01,000,00,012,0403,0,2550,32,2582,3272,0,2,1,2,0,1,0,0.00,78.91 ,50
01,000,00,012,0404,0,3361,29,3390,4430,0,2,1,2,0,1,0,0.00,76.52 ,50
01,000,00,012,0405,0,2803,16,2819,3624,0,2,1,2,0,1,0,0.00,77.79 ,50
01,000,00,012,0406,0,2914,25,2939,3775,0,2,1,2,0,1,0,0.00,77.85 ,50
01,000,00,012,0407,0,3255,23,3278,4235,0,2,1,2,0,1,0,0.00,77.40 ,50
01,000,00,012,0408,0,3150,32,3182,4267,0,2,1,2,0,1,0,0.00,74.57 ,50
01,000,00,012,0409,0,2396,27,2423,2986,0,2,1,2,0,1,0,0.00,81.15 ,50
01,000,00,012,0410,0,2834,15,2849,3739,0,2,1,2,0,1,0,0.00,76.20 ,50
01,000,00,012,0411,0,3983,30,4013,5167,0,2,1,2,0,1,0,0.00,77.67 ,50
01,000,00,012,0412,0,2360,21,2381,3196,0,2,1,2,0,1,0,0.00,74.50 ,50
01,000,00,012,0413,0,3303,30,3333,4255,0,2,1,2,0,1,0,0.00,78.33 ,50
01,000,00,012,0414,0,3453,36,3489,4646,0,2,1,2,0,1,0,0.00,75.10 ,50
01,000,00,012,0415,0,3057,19,3076,4021,0,2,1,2,0,1,0,0.00,76.50 ,50
01,000,00,012,0416,0,2865,24,2889,3849,0,2,1,2,0,1,0,0.00,75.06 ,50
01,000,00,012,0417,0,3448,35,3483,4415,0,2,1,2,0,1,0,0.00,78.89 ,50
01,000,00,012,0418,0,2995,40,3035,3961,0,2,1,2,0,1,0,0.00,76.62 ,50
01,000,00,012,0419,0,2118,14,2132,2696,0,2,1,2,0,1,0,0.00,79.08 ,50
01,000,00,012,0420,0,2350,20,2370,3110,0,2,1,2,0,1,0,0.00,76.21 ,50
01,000,00,012,0421,0,3494,24,3518,4520,0,2,1,2,0,1,0,0.00,77.83 ,50
01,000,00,012,0422,0,3936,29,3965,5115,0,2,1,2,0,1,0,0.00,77.52 ,50
01,000,00,012,0423,0,2520,34,2554,3488,0,2,1,2,0,1,0,0.00,73.22 ,50
01,000,00,012,0424,0,3326,19,3345,4338,0,2,1,2,0,1,0,0.00,77.11 ,50
01,000,00,012,0425,0,4201,33,4234,5345,0,2,1,2,0,1,0,0.00,79.21 ,50
01,000,00,012,0426,0,4540,51,4591,5978,0,2,1,2,0,1,0,0.00,76.80 ,50
01,000,00,012,0427,0,5545,55,5600,7093,0,2,1,2,0,1,0,0.00,78.95 ,50
01,000,00,012,0428,0,4942,38,4980,6291,0,2,1,2,0,1,0,0.00,79.16 ,50
01,000,00,012,0429,0,5733,46,5779,7365,0,2,1,2,0,1,0,0.00,78.47 ,50
01,000,00,012,0430,0,5184,44,5228,6602,0,2,1,2,0,1,0,0.00,79.19 ,50
01,000,00,012,0431,0,5502,52,5554,7030,0,2,1,2,0,1,0,0.00,79.00 ,50
01,000,00,012,0432,0,2161,22,2183,2913,0,2,1,2,0,1,0,0.00,74.94 ,50
01,000,00,012,0433,0,3594,42,3636,4900,0,2,1,2,0,1,0,0.00,74.20 ,50
01,000,00,012,0434,0,1498,14,1512,1936,0,2,1,2,0,1,0,0.00,78.10 ,50
01,000,00,012,0435,0,477,3,480,588,0,2,1,2,0,1,0,0.00,81.63 ,50
02,000,00,001,0001,0,788,9,797,981,0,2,1,2,0,1,0,0.00,81.24 ,50
02,000,00,001,0002,0,1011,11,1022,1310,0,2,1,2,0,1,0,0.00,78.02 ,50
02,000,00,001,0003,0,537,3,540,690,0,2,1,2,0,1,0,0.00,78.26 ,50
02,000,00,001,0004,0,586,15,601,750,0,2,1,2,0,1,0,0.00,80.13 ,50
02,000,00,001,0005,0,1097,6,1103,1386,0,2,1,2,0,1,0,0.00,79.58 ,50
02,000,00,001,0006,0,976,8,984,1224,0,2,1,2,0,1,0,0.00,80.39 ,50
02,000,00,001,0007,0,564,8,572,714,0,2,1,2,0,1,0,0.00,80.11 ,50
02,000,00,001,0008,0,1300,19,1319,1756,0,2,1,2,0,1,0,0.00,75.11 ,50
02,000,00,001,0009,0,608,3,611,768,0,2,1,2,0,1,0,0.00,79.56 ,50
02,000,00,001,0010,0,606,4,610,770,0,2,1,2,0,1,0,0.00,79.22 ,50
02,000,00,001,0011,0,1744,19,1763,2255,0,2,1,2,0,1,0,0.00,78.18 ,50
02,000,00,001,0012,0,990,5,995,1311,0,2,1,2,0,1,0,0.00,75.90 ,50
02,000,00,001,0013,0,571,4,575,723,0,2,1,2,0,1,0,0.00,79.53 ,50
02,000,00,001,0014,0,941,14,955,1237,0,2,1,2,0,1,0,0.00,77.20 ,50
02,000,00,001,0015,0,715,5,720,940,0,2,1,2,0,1,0,0.00,76.60 ,50
02,000,00,001,0016,0,666,9,675,866,0,2,1,2,0,1,0,0.00,77.94 ,50
02,000,00,001,0017,0,1478,12,1490,1924,0,2,1,2,0,1,0,0.00,77.44 ,50
02,000,00,001,0018,0,930,6,936,1231,0,2,1,2,0,1,0,0.00,76.04 ,50
02,000,00,001,0019,0,849,7,856,1147,0,2,1,2,0,1,0,0.00,74.63 ,50
02,000,00,001,0020,0,678,6,684,903,0,2,1,2,0,1,0,0.00,75.75 ,50
02,000,00,001,0021,0,838,10,848,1065,0,2,1,2,0,1,0,0.00,79.62 ,50
02,000,00,002,0022,0,1613,14,1627,2074,0,2,1,2,0,1,0,0.00,78.45 ,50
02,000,00,002,0023,0,1638,18,1656,2048,0,2,1,2,0,1,0,0.00,80.86 ,50
02,000,00,002,0024,0,3264,25,3289,4049,0,2,1,2,0,1,0,0.00,81.23 ,50
02,000,00,002,0025,0,3072,22,3094,3923,0,2,1,2,0,1,0,0.00,78.87 ,50
02,000,00,002,0026,0,1168,9,1177,1507,0,2,1,2,0,1,0,0.00,78.10 ,50
02,000,00,002,0027,0,680,7,687,884,0,2,1,2,0,1,0,0.00,77.71 ,50
02,000,00,002,0028,0,950,15,965,1207,0,2,1,2,0,1,0,0.00,79.95 ,50
02,000,00,002,0029,0,1661,17,1678,2065,0,2,1,2,0,1,0,0.00,81.26 ,50
02,000,00,002,0030,0,1205,12,1217,1573,0,2,1,2,0,1,0,0.00,77.37 ,50
02,000,00,002,0031,0,3542,38,3580,4588,0,2,1,2,0,1,0,0.00,78.03 ,50
02,000,00,002,0032,0,1133,12,1145,1508,0,2,1,2,0,1,0,0.00,75.93 ,50
02,000,00,002,0033,0,2250,19,2269,2866,0,2,1,2,0,1,0,0.00,79.17 ,50
02,000,00,002,0034,0,1643,20,1663,2042,0,2,1,2,0,1,0,0.00,81.44 ,50
02,000,00,002,0035,0,1504,15,1519,1964,0,2,1,2,0,1,0,0.00,77.34 ,50
02,000,00,002,0036,0,3126,36,3162,4058,0,2,1,2,0,1,0,0.00,77.92 ,50
02,000,00,002,0037,0,4491,29,4520,5724,0,2,1,2,0,1,0,0.00,78.97 ,50
02,000,00,002,0038,0,1037,5,1042,1367,0,2,1,2,0,1,0,0.00,76.23 ,50
02,000,00,002,0039,0,2448,16,2464,3098,0,2,1,2,0,1,0,0.00,79.54 ,50
02,000,00,002,0040,0,1785,4,1789,2281,0,2,1,2,0,1,0,0.00,78.43 ,50
02,000,00,002,0041,0,1700,12,1712,2201,0,2,1,2,0,1,0,0.00,77.78 ,50
02,000,00,002,0042,0,1380,15,1395,1807,0,2,1,2,0,1,0,0.00,77.20 ,50
02,000,00,002,0043,0,780,6,786,995,0,2,1,2,0,1,0,0.00,78.99 ,50
02,000,00,002,0044,0,742,9,751,969,0,2,1,2,0,1,0,0.00,77.50 ,50
02,000,00,002,0045,0,1355,12,1367,1736,0,2,1,2,0,1,0,0.00,78.74 ,50
02,000,00,002,0046,0,1435,14,1449,1908,0,2,1,2,0,1,0,0.00,75.94 ,50
02,000,00,002,0047,0,1213,13,1226,1565,0,2,1,2,0,1,0,0.00,78.34 ,50
02,000,00,002,0048,0,1317,12,1329,1718,0,2,1,2,0,1,0,0.00,77.36 ,50
02,000,00,002,0049,0,1207,19,1226,1605,0,2,1,2,0,1,0,0.00,76.39 ,50
02,000,00,002,0050,0,621,11,632,884,0,2,1,2,0,1,0,0.00,71.49 ,50
02,000,00,002,0051,0,956,13,969,1270,0,2,1,2,0,1,0,0.00,76.30 ,50
02,000,00,002,0052,0,985,8,993,1299,0,2,1,2,0,1,0,0.00,76.44 ,50
02,000,00,002,0053,0,857,5,862,1124,0,2,1,2,0,1,0,0.00,76.69 ,50
02,000,00,002,0054,0,1277,11,1288,1695,0,2,1,2,0,1,0,0.00,75.99 ,50
02,000,00,002,0055,0,937,14,951,1284,0,2,1,2,0,1,0,0.00,74.07 ,50
02,000,00,002,0056,0,1113,20,1133,1516,0,2,1,2,0,1,0,0.00,74.74 ,50
02,000,00,002,0057,0,1293,15,1308,1796,0,2,1,2,0,1,0,0.00,72.83 ,50
02,000,00,002,0058,0,882,8,890,1141,0,2,1,2,0,1,0,0.00,78.00 ,50
02,000,00,002,0059,0,420,1,421,524,0,2,1,2,0,1,0,0.00,80.34 ,50
02,000,00,003,0060,0,1390,21,1411,1824,0,2,1,2,0,1,0,0.00,77.36 ,50
02,000,00,003,0061,0,1117,14,1131,1399,0,2,1,2,0,1,0,0.00,80.84 ,50
02,000,00,003,0062,0,633,6,639,808,0,2,1,2,0,1,0,0.00,79.08 ,50
02,000,00,003,0063,0,575,7,582,730,0,2,1,2,0,1,0,0.00,79.73 ,50
02,000,00,003,0064,0,528,8,536,657,0,2,1,2,0,1,0,0.00,81.58 ,50
02,000,00,003,0065,0,813,10,823,1012,0,2,1,2,0,1,0,0.00,81.32 ,50
02,000,00,003,0066,0,830,15,845,1118,0,2,1,2,0,1,0,0.00,75.58 ,50
02,000,00,003,0067,0,738,7,745,954,0,2,1,2,0,1,0,0.00,78.09 ,50
02,000,00,003,0068,0,2005,20,2025,2608,0,2,1,2,0,1,0,0.00,77.65 ,50
02,000,00,003,0069,0,1363,14,1377,1763,0,2,1,2,0,1,0,0.00,78.11 ,50
02,000,00,003,0070,0,1531,27,1558,1974,0,2,1,2,0,1,0,0.00,78.93 ,50
02,000,00,003,0071,0,669,8,677,835,0,2,1,2,0,1,0,0.00,81.08 ,50
02,000,00,003,0072,0,1567,21,1588,1996,0,2,1,2,0,1,0,0.00,79.56 ,50
02,000,00,003,0073,0,1060,15,1075,1366,0,2,1,2,0,1,0,0.00,78.70 ,50
02,000,00,003,0074,0,1379,8,1387,1781,0,2,1,2,0,1,0,0.00,77.88 ,50
02,000,00,003,0075,0,2075,24,2099,2611,0,2,1,2,0,1,0,0.00,80.39 ,50
02,000,00,003,0076,0,1183,2,1185,1478,0,2,1,2,0,1,0,0.00,80.18 ,50
02,000,00,003,0077,0,1604,13,1617,2004,0,2,1,2,0,1,0,0.00,80.69 ,50
02,000,00,003,0078,0,1291,13,1304,1606,0,2,1,2,0,1,0,0.00,81.20 ,50
02,000,00,003,0079,0,823,3,826,1005,0,2,1,2,0,1,0,0.00,82.19 ,50
02,000,00,003,0080,0,1046,10,1056,1300,0,2,1,2,0,1,0,0.00,81.23 ,50
02,000,00,003,0081,0,774,12,786,1053,0,2,1,2,0,1,0,0.00,74.64 ,50
02,000,00,003,0082,0,383,4,387,482,0,2,1,2,0,1,0,0.00,80.29 ,50
02,000,00,003,0083,0,475,2,477,594,0,2,1,2,0,1,0,0.00,80.30 ,50
02,000,00,003,0084,0,506,8,514,616,0,2,1,2,0,1,0,0.00,83.44 ,50
02,000,00,003,0085,0,631,3,634,818,0,2,1,2,0,1,0,0.00,77.51 ,50
02,000,00,003,0086,0,459,4,463,580,0,2,1,2,0,1,0,0.00,79.83 ,50
02,000,00,003,0087,0,672,10,682,829,0,2,1,2,0,1,0,0.00,82.27 ,50
02,000,00,003,0088,0,997,7,1004,1242,0,2,1,2,0,1,0,0.00,80.84 ,50
02,000,00,003,0089,0,1198,12,1210,1559,0,2,1,2,0,1,0,0.00,77.61 ,50
02,000,00,003,0090,0,1113,16,1129,1417,0,2,1,2,0,1,0,0.00,79.68 ,50
02,000,00,003,0091,0,1185,8,1193,1475,0,2,1,2,0,1,0,0.00,80.88 ,50
02,000,00,003,0092,0,1572,24,1596,1925,0,2,1,2,0,1,0,0.00,82.91 ,50
02,000,00,003,0093,0,1035,3,1038,1259,0,2,1,2,0,1,0,0.00,82.45 ,50
02,000,00,003,0094,0,2107,22,2129,2699,0,2,1,2,0,1,0,0.00,78.88 ,50
02,000,00,003,0095,0,1747,22,1769,2187,0,2,1,2,0,1,0,0.00,80.89 ,50
02,000,00,003,0096,0,1287,12,1299,1697,0,2,1,2,0,1,0,0.00,76.55 ,50
02,000,00,003,0097,0,1584,14,1598,1979,0,2,1,2,0,1,0,0.00,80.75 ,50
02,000,00,003,0098,0,4317,31,4348,5447,0,2,1,2,0,1,0,0.00,79.82 ,50
02,000,00,003,0099,0,8013,74,8087,10600,0,2,1,2,0,1,0,0.00,76.29 ,50
02,000,00,003,0100,0,2921,40,2961,3822,0,2,1,2,0,1,0,0.00,77.47 ,50
02,000,00,003,0101,0,3017,28,3045,3850,0,2,1,2,0,1,0,0.00,79.09 ,50
02,000,00,003,0102,0,4032,45,4077,5314,0,2,1,2,0,1,0,0.00,76.72 ,50
02,000,00,003,0103,0,3516,38,3554,4731,0,2,1,2,0,1,0,0.00,75.12 ,50
02,000,00,004,0104,0,4574,36,4610,5959,0,2,1,2,0,1,0,0.00,77.36 ,50
02,000,00,004,0105,0,1521,11,1532,1993,0,2,1,2,0,1,0,0.00,76.87 ,50
02,000,00,004,0106,0,2468,18,2486,3285,0,2,1,2,0,1,0,0.00,75.68 ,50
02,000,00,004,0107,0,1680,17,1697,2038,0,2,1,2,0,1,0,0.00,83.27 ,50
02,000,00,004,0108,0,1952,17,1969,2585,0,2,1,2,0,1,0,0.00,76.17 ,50
02,000,00,004,0109,0,1545,12,1557,1981,0,2,1,2,0,1,0,0.00,78.60 ,50
02,000,00,004,0110,0,2243,22,2265,2835,0,2,1,2,0,1,0,0.00,79.89 ,50
02,000,00,004,0111,0,1298,14,1312,1714,0,2,1,2,0,1,0,0.00,76.55 ,50
02,000,00,004,0112,0,2435,19,2454,3073,0,2,1,2,0,1,0,0.00,79.86 ,50
02,000,00,004,0113,0,1629,16,1645,2042,0,2,1,2,0,1,0,0.00,80.56 ,50
02,000,00,004,0114,0,2049,25,2074,2621,0,2,1,2,0,1,0,0.00,79.13 ,50
02,000,00,004,0115,0,5084,37,5121,6629,0,2,1,2,0,1,0,0.00,77.25 ,50
02,000,00,004,0116,0,2175,23,2198,2768,0,2,1,2,0,1,0,0.00,79.41 ,50
02,000,00,004,0117,0,1118,15,1133,1471,0,2,1,2,0,1,0,0.00,77.02 ,50
02,000,00,004,0118,0,1445,8,1453,1761,0,2,1,2,0,1,0,0.00,82.51 ,50
02,000,00,004,0119,0,2458,33,2491,3007,0,2,1,2,0,1,0,0.00,82.84 ,50
02,000,00,004,0120,0,1251,7,1258,1537,0,2,1,2,0,1,0,0.00,81.85 ,50
02,000,00,004,0121,0,2309,32,2341,2874,0,2,1,2,0,1,0,0.00,81.45 ,50
02,000,00,004,0122,0,1565,11,1576,1988,0,2,1,2,0,1,0,0.00,79.28 ,50
02,000,00,004,0123,0,1662,17,1679,2112,0,2,1,2,0,1,0,0.00,79.50 ,50
02,000,00,004,0124,0,1387,11,1398,1699,0,2,1,2,0,1,0,0.00,82.28 ,50
02,000,00,004,0125,0,2100,19,2119,2602,0,2,1,2,0,1,0,0.00,81.44 ,50
02,000,00,004,0126,0,1177,7,1184,1470,0,2,1,2,0,1,0,0.00,80.54 ,50
02,000,00,004,0127,0,1783,21,1804,2200,0,2,1,2,0,1,0,0.00,82.00 ,50
02,000,00,004,0128,0,1807,10,1817,2296,0,2,1,2,0,1,0,0.00,79.14 ,50
02,000,00,004,0129,0,1717,12,1729,2104,0,2,1,2,0,1,0,0.00,82.18 ,50
02,000,00,004,0130,0,2470,17,2487,3116,0,2,1,2,0,1,0,0.00,79.81 ,50
02,000,00,004,0131,0,1323,11,1334,1669,0,2,1,2,0,1,0,0.00,79.93 ,50
02,000,00,004,0132,0,1284,8,1292,1652,0,2,1,2,0,1,0,0.00,78.21 ,50
02,000,00,004,0133,0,2268,20,2288,2815,0,2,1,2,0,1,0,0.00,81.28 ,50
02,000,00,004,0134,0,1350,9,1359,1730,0,2,1,2,0,1,0,0.00,78.55 ,50
02,000,00,004,0135,0,1797,10,1807,2255,0,2,1,2,0,1,0,0.00,80.13 ,50
02,000,00,004,0136,0,3201,19,3220,4066,0,2,1,2,0,1,0,0.00,79.19 ,50
02,000,00,004,0137,0,2052,21,2073,2627,0,2,1,2,0,1,0,0.00,78.91 ,50
02,000,00,004,0138,0,686,4,690,814,0,2,1,2,0,1,0,0.00,84.77 ,50
02,000,00,004,0139,0,1051,9,1060,1318,0,2,1,2,0,1,0,0.00,80.42 ,50
02,000,00,004,0140,0,625,5,630,789,0,2,1,2,0,1,0,0.00,79.85 ,50
02,000,00,005,0141,0,1930,25,1955,2533,0,2,1,2,0,1,0,0.00,77.18 ,50
02,000,00,005,0142,0,2841,29,2870,3727,0,2,1,2,0,1,0,0.00,77.01 ,50
02,000,00,005,0143,0,2238,23,2261,2906,0,2,1,2,0,1,0,0.00,77.80 ,50
02,000,00,005,0144,0,2209,25,2234,2907,0,2,1,2,0,1,0,0.00,76.85 ,50
02,000,00,005,0145,0,2550,42,2592,3326,0,2,1,2,0,1,0,0.00,77.93 ,50
02,000,00,005,0146,0,2192,20,2212,2687,0,2,1,2,0,1,0,0.00,82.32 ,50
02,000,00,005,0147,0,4925,45,4970,6234,0,2,1,2,0,1,0,0.00,79.72 ,50
02,000,00,005,0148,0,4709,37,4746,5893,0,2,1,2,0,1,0,0.00,80.54 ,50
02,000,00,005,0149,0,3045,24,3069,3881,0,2,1,2,0,1,0,0.00,79.08 ,50
02,000,00,005,0150,0,1413,19,1432,1864,0,2,1,2,0,1,0,0.00,76.82 ,50
02,000,00,005,0151,0,1078,13,1091,1411,0,2,1,2,0,1,0,0.00,77.32 ,50
02,000,00,005,0152,0,3094,36,3130,3871,0,2,1,2,0,1,0,0.00,80.86 ,50
02,000,00,005,0153,0,2477,21,2498,3093,0,2,1,2,0,1,0,0.00,80.76 ,50
02,000,00,005,0154,0,2729,19,2748,3439,0,2,1,2,0,1,0,0.00,79.91 ,50
02,000,00,005,0155,0,3782,19,3801,4798,0,2,1,2,0,1,0,0.00,79.22 ,50
02,000,00,005,0156,0,2344,20,2364,3063,0,2,1,2,0,1,0,0.00,77.18 ,50
02,000,00,005,0157,0,2717,22,2739,3590,0,2,1,2,0,1,0,0.00,76.30 ,50
02,000,00,005,0158,0,1606,10,1616,2101,0,2,1,2,0,1,0,0.00,76.92 ,50
02,000,00,005,0159,0,3152,26,3178,4144,0,2,1,2,0,1,0,0.00,76.69 ,50
02,000,00,005,0160,0,1985,23,2008,2545,0,2,1,2,0,1,0,0.00,78.90 ,50
02,000,00,005,0161,0,1715,13,1728,2283,0,2,1,2,0,1,0,0.00,75.69 ,50
02,000,00,005,0162,0,3380,31,3411,4371,0,2,1,2,0,1,0,0.00,78.04 ,50
02,000,00,005,0163,0,1614,12,1626,2077,0,2,1,2,0,1,0,0.00,78.29 ,50
02,000,00,005,0164,0,1772,7,1779,2270,0,2,1,2,0,1,0,0.00,78.37 ,50
02,000,00,005,0165,0,2577,19,2596,3320,0,2,1,2,0,1,0,0.00,78.19 ,50
02,000,00,005,0166,0,2260,21,2281,2879,0,2,1,2,0,1,0,0.00,79.23 ,50
02,000,00,005,0167,0,3056,23,3079,4027,0,2,1,2,0,1,0,0.00,76.46 ,50
02,000,00,005,0168,0,2575,22,2597,3273,0,2,1,2,0,1,0,0.00,79.35 ,50
02,000,00,005,0169,0,2999,42,3041,3965,0,2,1,2,0,1,0,0.00,76.70 ,50
02,000,00,005,0170,0,3537,36,3573,4560,0,2,1,2,0,1,0,0.00,78.36 ,50
02,000,00,005,0171,0,1861,11,1872,2491,0,2,1,2,0,1,0,0.00,75.15 ,50
02,000,00,005,0172,0,1887,30,1917,2540,0,2,1,2,0,1,0,0.00,75.47 ,50
02,000,00,005,0173,0,2565,24,2589,3498,0,2,1,2,0,1,0,0.00,74.01 ,50
02,000,00,005,0174,0,1547,20,1567,1918,0,2,1,2,0,1,0,0.00,81.70 ,50
02,000,00,005,0175,0,1538,21,1559,1981,0,2,1,2,0,1,0,0.00,78.70 ,50
02,000,00,005,0176,0,2540,21,2561,3215,0,2,1,2,0,1,0,0.00,79.66 ,50
02,000,00,005,0177,0,1950,25,1975,2636,0,2,1,2,0,1,0,0.00,74.92 ,50
02,000,00,005,0178,0,4105,33,4138,5400,0,2,1,2,0,1,0,0.00,76.63 ,50
02,000,00,005,0179,0,2313,16,2329,3022,0,2,1,2,0,1,0,0.00,77.07 ,50
02,000,00,005,0180,0,1131,7,1138,1479,0,2,1,2,0,1,0,0.00,76.94 ,50
02,000,00,005,0181,0,1095,15,1110,1427,0,2,1,2,0,1,0,0.00,77.79 ,50
02,000,00,005,0182,0,2299,29,2328,3165,0,2,1,2,0,1,0,0.00,73.55 ,50
02,000,00,005,0183,0,1623,15,1638,2274,0,2,1,2,0,1,0,0.00,72.03 ,50
02,000,00,005,0184,0,2282,20,2302,3002,0,2,1,2,0,1,0,0.00,76.68 ,50
02,000,00,005,0185,0,2786,30,2816,3624,0,2,1,2,0,1,0,0.00,77.70 ,50
02,000,00,005,0186,0,2630,19,2649,3313,0,2,1,2,0,1,0,0.00,79.96 ,50
02,000,00,005,0187,0,2104,16,2120,2708,0,2,1,2,0,1,0,0.00,78.29 ,50
02,000,00,005,0188,0,1244,10,1254,1589,0,2,1,2,0,1,0,0.00,78.92 ,50
02,000,00,005,0189,0,1459,13,1472,1809,0,2,1,2,0,1,0,0.00,81.37 ,50
02,000,00,005,0190,0,1198,4,1202,1547,0,2,1,2,0,1,0,0.00,77.70 ,50
02,000,00,005,0191,0,928,8,936,1160,0,2,1,2,0,1,0,0.00,80.69 ,50
02,000,00,005,0192,0,2323,15,2338,2981,0,2,1,2,0,1,0,0.00,78.43 ,50
02,000,00,005,0193,0,1866,17,1883,2363,0,2,1,2,0,1,0,0.00,79.69 ,50
02,000,00,005,0194,0,1497,7,1504,1964,0,2,1,2,0,1,0,0.00,76.58 ,50
02,000,00,005,0195,0,1394,14,1408,1883,0,2,1,2,0,1,0,0.00,74.77 ,50
02,000,00,005,0196,0,752,11,763,949,0,2,1,2,0,1,0,0.00,80.40 ,50
02,000,00,005,0197,0,960,8,968,1200,0,2,1,2,0,1,0,0.00,80.67 ,50
02,000,00,005,0198,0,1447,11,1458,1874,0,2,1,2,0,1,0,0.00,77.80 ,50
02,000,00,005,0199,0,1685,16,1701,2132,0,2,1,2,0,1,0,0.00,79.78 ,50
02,000,00,005,0200,0,2486,27,2513,3255,0,2,1,2,0,1,0,0.00,77.20 ,50
02,000,00,005,0201,0,2944,36,2980,3885,0,2,1,2,0,1,0,0.00,76.71 ,50
02,000,00,005,0202,0,2725,30,2755,3445,0,2,1,2,0,1,0,0.00,79.97 ,50
02,000,00,005,0203,0,1101,13,1114,1418,0,2,1,2,0,1,0,0.00,78.56 ,50
02,000,00,005,0204,0,1355,8,1363,1702,0,2,1,2,0,1,0,0.00,80.08 ,50
02,000,00,005,0205,0,1513,14,1527,1964,0,2,1,2,0,1,0,0.00,77.75 ,50
02,000,00,005,0206,0,884,9,893,1148,0,2,1,2,0,1,0,0.00,77.79 ,50
02,000,00,005,0207,0,885,7,892,1138,0,2,1,2,0,1,0,0.00,78.38 ,50
02,000,00,005,0208,0,1082,10,1092,1447,0,2,1,2,0,1,0,0.00,75.47 ,50
02,000,00,005,0209,0,1141,6,1147,1536,0,2,1,2,0,1,0,0.00,74.67 ,50
02,000,00,005,0210,0,678,4,682,926,0,2,1,2,0,1,0,0.00,73.65 ,50
02,000,00,005,0211,0,486,7,493,601,0,2,1,2,0,1,0,0.00,82.03 ,50
02,000,00,005,0212,0,848,11,859,1184,0,2,1,2,0,1,0,0.00,72.55 ,50
02,000,00,005,0213,0,3050,23,3073,4037,0,2,1,2,0,1,0,0.00,76.12 ,50
02,000,00,005,0214,0,988,7,995,1306,0,2,1,2,0,1,0,0.00,76.19 ,50
02,000,00,005,0215,0,736,5,741,1034,0,2,1,2,0,1,0,0.00,71.66 ,50
02,000,00,005,0216,0,965,7,972,1274,0,2,1,2,0,1,0,0.00,76.30 ,50
02,000,00,005,0217,0,897,3,900,1149,0,2,1,2,0,1,0,0.00,78.33 ,50
02,000,00,005,0218,0,1695,24,1719,2144,0,2,1,2,0,1,0,0.00,80.18 ,50
02,000,00,005,0219,0,946,7,953,1230,0,2,1,2,0,1,0,0.00,77.48 ,50
02,000,00,005,0220,0,349,4,353,449,0,2,1,2,0,1,0,0.00,78.62 ,50
02,000,00,005,0221,0,2152,18,2170,2766,0,2,1,2,0,1,0,0.00,78.45 ,50
02,000,00,005,0222,0,1396,11,1407,1876,0,2,1,2,0,1,0,0.00,75.00 ,50
02,000,00,005,0223,0,625,9,634,788,0,2,1,2,0,1,0,0.00,80.46 ,50
02,000,00,005,0224,0,1023,16,1039,1306,0,2,1,2,0,1,0,0.00,79.56 ,50
02,000,00,005,0225,0,955,7,962,1226,0,2,1,2,0,1,0,0.00,78.47 ,50
02,000,00,005,0226,0,1054,12,1066,1378,0,2,1,2,0,1,0,0.00,77.36 ,50
02,000,00,005,0227,0,1005,10,1015,1320,0,2,1,2,0,1,0,0.00,76.89 ,50
02,000,00,005,0228,0,1909,23,1932,2534,0,2,1,2,0,1,0,0.00,76.24 ,50
02,000,00,006,0229,0,1503,12,1515,1918,0,2,1,2,0,1,0,0.00,78.99 ,50
02,000,00,006,0230,0,1767,14,1781,2263,0,2,1,2,0,1,0,0.00,78.70 ,50
02,000,00,006,0231,0,522,7,529,730,0,2,1,2,0,1,0,0.00,72.47 ,50
02,000,00,006,0232,0,941,10,951,1247,0,2,1,2,0,1,0,0.00,76.26 ,50
02,000,00,006,0233,0,823,8,831,1062,0,2,1,2,0,1,0,0.00,78.25 ,50
02,000,00,006,0234,0,788,12,800,992,0,2,1,2,0,1,0,0.00,80.65 ,50
02,000,00,006,0235,0,780,6,786,990,0,2,1,2,0,1,0,0.00,79.39 ,50
02,000,00,006,0236,0,996,3,999,1292,0,2,1,2,0,1,0,0.00,77.32 ,50
02,000,00,006,0237,0,1119,8,1127,1402,0,2,1,2,0,1,0,0.00,80.39 ,50
02,000,00,006,0238,0,947,9,956,1211,0,2,1,2,0,1,0,0.00,78.94 ,50
02,000,00,006,0239,0,714,12,726,925,0,2,1,2,0,1,0,0.00,78.49 ,50
02,000,00,006,0240,0,747,6,753,928,0,2,1,2,0,1,0,0.00,81.14 ,50
02,000,00,006,0241,0,679,2,681,904,0,2,1,2,0,1,0,0.00,75.33 ,50
02,000,00,006,0242,0,724,4,728,942,0,2,1,2,0,1,0,0.00,77.28 ,50
02,000,00,006,0243,0,1778,12,1790,2452,0,2,1,2,0,1,0,0.00,73.00 ,50
02,000,00,006,0244,0,1794,20,1814,2258,0,2,1,2,0,1,0,0.00,80.34 ,50
02,000,00,006,0245,0,1368,15,1383,1848,0,2,1,2,0,1,0,0.00,74.84 ,50
02,000,00,006,0246,0,463,1,464,588,0,2,1,2,0,1,0,0.00,78.91 ,50
02,000,00,006,0247,0,1533,13,1546,2058,0,2,1,2,0,1,0,0.00,75.12 ,50
02,000,00,006,0248,0,1155,5,1160,1477,0,2,1,2,0,1,0,0.00,78.54 ,50
02,000,00,006,0249,0,1732,17,1749,2269,0,2,1,2,0,1,0,0.00,77.08 ,50
02,000,00,006,0250,0,709,6,715,954,0,2,1,2,0,1,0,0.00,74.95 ,50
02,000,00,006,0251,0,610,4,614,828,0,2,1,2,0,1,0,0.00,74.15 ,50
02,000,00,006,0252,0,1779,12,1791,2247,0,2,1,2,0,1,0,0.00,79.71 ,50
02,000,00,006,0253,0,930,11,941,1194,0,2,1,2,0,1,0,0.00,78.81 ,50
02,000,00,006,0254,0,618,7,625,791,0,2,1,2,0,1,0,0.00,79.01 ,50
02,000,00,006,0255,0,914,10,924,1198,0,2,1,2,0,1,0,0.00,77.13 ,50
02,000,00,006,0256,0,1252,12,1264,1600,0,2,1,2,0,1,0,0.00,79.00 ,50
02,000,00,006,0257,0,934,8,942,1264,0,2,1,2,0,1,0,0.00,74.53 ,50
02,000,00,006,0258,0,668,3,671,845,0,2,1,2,0,1,0,0.00,79.41 ,50
02,000,00,006,0259,0,1623,14,1637,2093,0,2,1,2,0,1,0,0.00,78.21 ,50
02,000,00,006,0260,0,2029,20,2049,2629,0,2,1,2,0,1,0,0.00,77.94 ,50
02,000,00,007,0261,0,692,4,696,921,0,2,1,2,0,1,0,0.00,75.57 ,50
02,000,00,007,0262,0,948,8,956,1194,0,2,1,2,0,1,0,0.00,80.07 ,50
02,000,00,007,0263,0,1190,5,1195,1600,0,2,1,2,0,1,0,0.00,74.69 ,50
02,000,00,007,0264,0,808,13,821,1087,0,2,1,2,0,1,0,0.00,75.53 ,50
02,000,00,007,0265,0,1054,5,1059,1336,0,2,1,2,0,1,0,0.00,79.27 ,50
02,000,00,007,0266,0,742,4,746,987,0,2,1,2,0,1,0,0.00,75.58 ,50
02,000,00,007,0267,0,653,2,655,863,0,2,1,2,0,1,0,0.00,75.90 ,50
02,000,00,007,0268,0,2117,15,2132,2745,0,2,1,2,0,1,0,0.00,77.67 ,50
02,000,00,007,0269,0,893,8,901,1135,0,2,1,2,0,1,0,0.00,79.38 ,50
02,000,00,007,0270,0,1090,8,1098,1417,0,2,1,2,0,1,0,0.00,77.49 ,50
02,000,00,007,0271,0,572,5,577,768,0,2,1,2,0,1,0,0.00,75.13 ,50
02,000,00,007,0272,0,773,4,777,1002,0,2,1,2,0,1,0,0.00,77.54 ,50
02,000,00,007,0273,0,776,3,779,1062,0,2,1,2,0,1,0,0.00,73.35 ,50
02,000,00,007,0274,0,1467,7,1474,1812,0,2,1,2,0,1,0,0.00,81.35 ,50
02,000,00,007,0275,0,935,10,945,1217,0,2,1,2,0,1,0,0.00,77.65 ,50
02,000,00,007,0276,0,1290,8,1298,1727,0,2,1,2,0,1,0,0.00,75.16 ,50
02,000,00,007,0277,0,1033,17,1050,1361,0,2,1,2,0,1,0,0.00,77.15 ,50
02,000,00,007,0278,0,778,7,785,1093,0,2,1,2,0,1,0,0.00,71.82 ,50
02,000,00,007,0279,0,970,7,977,1280,0,2,1,2,0,1,0,0.00,76.33 ,50
02,000,00,007,0280,0,1050,6,1056,1378,0,2,1,2,0,1,0,0.00,76.63 ,50
02,000,00,008,0281,0,486,3,489,651,0,2,1,2,0,1,0,0.00,75.12 ,50
02,000,00,008,0282,0,994,5,999,1360,0,2,1,2,0,1,0,0.00,73.46 ,50
02,000,00,008,0283,0,1022,13,1035,1411,0,2,1,2,0,1,0,0.00,73.35 ,50
02,000,00,008,0284,0,1158,14,1172,1568,0,2,1,2,0,1,0,0.00,74.74 ,50
02,000,00,008,0285,0,979,10,989,1340,0,2,1,2,0,1,0,0.00,73.81 ,50
02,000,00,008,0286,0,1119,13,1132,1489,0,2,1,2,0,1,0,0.00,76.02 ,50
02,000,00,008,0287,0,1173,11,1184,1519,0,2,1,2,0,1,0,0.00,77.95 ,50
02,000,00,008,0288,0,624,11,635,797,0,2,1,2,0,1,0,0.00,79.67 ,50
02,000,00,008,0289,0,1317,7,1324,1654,0,2,1,2,0,1,0,0.00,80.05 ,50
02,000,00,008,0290,0,1111,9,1120,1604,0,2,1,2,0,1,0,0.00,69.83 ,50
02,000,00,008,0291,0,1081,9,1090,1377,0,2,1,2,0,1,0,0.00,79.16 ,50
02,000,00,008,0292,0,1210,16,1226,1537,0,2,1,2,0,1,0,0.00,79.77 ,50
02,000,00,008,0293,0,1357,5,1362,1761,0,2,1,2,0,1,0,0.00,77.34 ,50
02,000,00,008,0294,0,1305,13,1318,1720,0,2,1,2,0,1,0,0.00,76.63 ,50
02,000,00,008,0295,0,1591,10,1601,2036,0,2,1,2,0,1,0,0.00,78.63 ,50
02,000,00,008,0296,0,997,14,1011,1311,0,2,1,2,0,1,0,0.00,77.12 ,50
02,000,00,008,0297,0,2176,20,2196,3004,0,2,1,2,0,1,0,0.00,73.10 ,50
02,000,00,008,0298,0,1895,20,1915,2440,0,2,1,2,0,1,0,0.00,78.48 ,50
02,000,00,008,0299,0,1853,24,1877,2439,0,2,1,2,0,1,0,0.00,76.96 ,50
02,000,00,008,0300,0,1706,28,1734,2215,0,2,1,2,0,1,0,0.00,78.28 ,50
02,000,00,008,0301,0,790,7,797,1000,0,2,1,2,0,1,0,0.00,79.70 ,50
02,000,00,008,0302,0,2036,19,2055,2657,0,2,1,2,0,1,0,0.00,77.34 ,50
02,000,00,008,0303,0,1172,9,1181,1482,0,2,1,2,0,1,0,0.00,79.69 ,50
02,000,00,008,0304,0,1527,10,1537,1937,0,2,1,2,0,1,0,0.00,79.35 ,50
02,000,00,008,0305,0,1200,12,1212,1535,0,2,1,2,0,1,0,0.00,78.96 ,50
02,000,00,008,0306,0,638,8,646,840,0,2,1,2,0,1,0,0.00,76.90 ,50
02,000,00,008,0307,0,1096,7,1103,1415,0,2,1,2,0,1,0,0.00,77.95 ,50
02,000,00,008,0308,0,2415,25,2440,3165,0,2,1,2,0,1,0,0.00,77.09 ,50
02,000,00,008,0309,0,1612,21,1633,2093,0,2,1,2,0,1,0,0.00,78.02 ,50
02,000,00,008,0310,0,2686,29,2715,3384,0,2,1,2,0,1,0,0.00,80.23 ,50
02,000,00,008,0311,0,1329,8,1337,1671,0,2,1,2,0,1,0,0.00,80.01 ,50
02,000,00,008,0312,0,2153,16,2169,2790,0,2,1,2,0,1,0,0.00,77.74 ,50
02,000,00,008,0313,0,1826,10,1836,2404,0,2,1,2,0,1,0,0.00,76.37 ,50
02,000,00,008,0314,0,1078,20,1098,1486,0,2,1,2,0,1,0,0.00,73.89 ,50
02,000,00,008,0315,0,1283,5,1288,1655,0,2,1,2,0,1,0,0.00,77.82 ,50
02,000,00,008,0316,0,1569,13,1582,1973,0,2,1,2,0,1,0,0.00,80.18 ,50
02,000,00,008,0317,0,1772,16,1788,2368,0,2,1,2,0,1,0,0.00,75.51 ,50
02,000,00,008,0318,0,1383,19,1402,1806,0,2,1,2,0,1,0,0.00,77.63 ,50
02,000,00,008,0319,0,1267,10,1277,1580,0,2,1,2,0,1,0,0.00,80.82 ,50
02,000,00,008,0320,0,1822,16,1838,2396,0,2,1,2,0,1,0,0.00,76.71 ,50
02,000,00,008,0321,0,1359,12,1371,1793,0,2,1,2,0,1,0,0.00,76.46 ,50
02,000,00,008,0322,0,2683,18,2701,3499,0,2,1,2,0,1,0,0.00,77.19 ,50
02,000,00,008,0323,0,1523,20,1543,1960,0,2,1,2,0,1,0,0.00,78.72 ,50
02,000,00,008,0324,0,1126,8,1134,1408,0,2,1,2,0,1,0,0.00,80.54 ,50
02,000,00,008,0325,0,3104,22,3126,3921,0,2,1,2,0,1,0,0.00,79.72 ,50
02,000,00,008,0326,0,1645,11,1656,2139,0,2,1,2,0,1,0,0.00,77.42 ,50
02,000,00,008,0327,0,959,13,972,1241,0,2,1,2,0,1,0,0.00,78.32 ,50
02,000,00,008,0328,0,1256,12,1268,1600,0,2,1,2,0,1,0,0.00,79.25 ,50
02,000,00,008,0329,0,2225,14,2239,2895,0,2,1,2,0,1,0,0.00,77.34 ,50
02,000,00,008,0330,0,1117,8,1125,1435,0,2,1,2,0,1,0,0.00,78.40 ,50
02,000,00,008,0331,0,833,10,843,1082,0,2,1,2,0,1,0,0.00,77.91 ,50
02,000,00,008,0332,0,1497,16,1513,1938,0,2,1,2,0,1,0,0.00,78.07 ,50
02,000,00,008,0333,0,1783,21,1804,2265,0,2,1,2,0,1,0,0.00,79.65 ,50
02,000,00,008,0334,0,2189,17,2206,2914,0,2,1,2,0,1,0,0.00,75.70 ,50
02,000,00,008,0335,0,2238,31,2269,2990,0,2,1,2,0,1,0,0.00,75.89 ,50
02,000,00,008,0336,0,1627,22,1649,2188,0,2,1,2,0,1,0,0.00,75.37 ,50
02,000,00,008,0337,0,1836,13,1849,2424,0,2,1,2,0,1,0,0.00,76.28 ,50
02,000,00,008,0338,0,1691,19,1710,2238,0,2,1,2,0,1,0,0.00,76.41 ,50
02,000,00,008,0339,0,1180,9,1189,1536,0,2,1,2,0,1,0,0.00,77.41 ,50
02,000,00,008,0340,0,1622,18,1640,2150,0,2,1,2,0,1,0,0.00,76.28 ,50
02,000,00,008,0341,0,2855,28,2883,3767,0,2,1,2,0,1,0,0.00,76.53 ,50
02,000,00,008,0342,0,2978,25,3003,3822,0,2,1,2,0,1,0,0.00,78.57 ,50
02,000,00,008,0343,0,2578,21,2599,3301,0,2,1,2,0,1,0,0.00,78.73 ,50
02,000,00,008,0344,0,2728,27,2755,3497,0,2,1,2,0,1,0,0.00,78.78 ,50
02,000,00,008,0345,0,1578,13,1591,1979,0,2,1,2,0,1,0,0.00,80.39 ,50
02,000,00,008,0346,0,1786,17,1803,2249,0,2,1,2,0,1,0,0.00,80.17 ,50
02,000,00,008,0347,0,2749,17,2766,3491,0,2,1,2,0,1,0,0.00,79.23 ,50
02,000,00,008,0348,0,1430,9,1439,1839,0,2,1,2,0,1,0,0.00,78.25 ,50
02,000,00,008,0349,0,1671,18,1689,2148,0,2,1,2,0,1,0,0.00,78.63 ,50
02,000,00,009,0350,0,5043,51,5094,6842,0,2,1,2,0,1,0,0.00,74.45 ,50
02,000,00,009,0351,0,1700,22,1722,2352,0,2,1,2,0,1,0,0.00,73.21 ,50
02,000,00,009,0352,0,2558,24,2582,3330,0,2,1,2,0,1,0,0.00,77.54 ,50
02,000,00,009,0353,0,1430,23,1453,1879,0,2,1,2,0,1,0,0.00,77.33 ,50
02,000,00,009,0354,0,1133,17,1150,1518,0,2,1,2,0,1,0,0.00,75.76 ,50
02,000,00,009,0355,0,1592,24,1616,2240,0,2,1,2,0,1,0,0.00,72.14 ,50
02,000,00,009,0356,0,1184,12,1196,1645,0,2,1,2,0,1,0,0.00,72.71 ,50
02,000,00,009,0357,0,664,4,668,897,0,2,1,2,0,1,0,0.00,74.47 ,50
02,000,00,009,0358,0,1321,7,1328,1805,0,2,1,2,0,1,0,0.00,73.57 ,50
02,000,00,009,0359,0,1145,10,1155,1531,0,2,1,2,0,1,0,0.00,75.44 ,50
02,000,00,009,0360,0,2046,15,2061,2800,0,2,1,2,0,1,0,0.00,73.61 ,50
02,000,00,009,0361,0,1070,12,1082,1420,0,2,1,2,0,1,0,0.00,76.20 ,50
02,000,00,009,0362,0,611,3,614,817,0,2,1,2,0,1,0,0.00,75.15 ,50
02,000,00,009,0363,0,734,14,748,990,0,2,1,2,0,1,0,0.00,75.56 ,50
02,000,00,009,0364,0,1407,20,1427,1756,0,2,1,2,0,1,0,0.00,81.26 ,50
02,000,00,009,0365,0,1518,19,1537,1903,0,2,1,2,0,1,0,0.00,80.77 ,50
02,000,00,009,0366,0,1906,29,1935,2451,0,2,1,2,0,1,0,0.00,78.95 ,50
02,000,00,009,0367,0,1429,15,1444,1951,0,2,1,2,0,1,0,0.00,74.01 ,50
02,000,00,009,0368,0,2519,30,2549,3314,0,2,1,2,0,1,0,0.00,76.92 ,50
02,000,00,009,0369,0,673,9,682,861,0,2,1,2,0,1,0,0.00,79.21 ,50
02,000,00,009,0370,0,782,13,795,995,0,2,1,2,0,1,0,0.00,79.90 ,50
02,000,00,009,0371,0,948,16,964,1214,0,2,1,2,0,1,0,0.00,79.41 ,50
02,000,00,009,0372,0,978,11,989,1252,0,2,1,2,0,1,0,0.00,78.99 ,50
02,000,00,009,0373,0,2029,42,2071,2563,0,2,1,2,0,1,0,0.00,80.80 ,50
02,000,00,009,0374,0,1584,18,1602,1934,0,2,1,2,0,1,0,0.00,82.83 ,50
02,000,00,009,0375,0,164,2,166,229,0,2,1,2,0,1,0,0.00,72.49 ,50
02,000,00,009,0376,0,2359,18,2377,3038,0,2,1,2,0,1,0,0.00,78.24 ,50
02,000,00,009,0377,0,1486,14,1500,1816,0,2,1,2,0,1,0,0.00,82.60 ,50
02,000,00,009,0378,0,751,9,760,990,0,2,1,2,0,1,0,0.00,76.77 ,50
02,000,00,009,0379,0,903,8,911,1190,0,2,1,2,0,1,0,0.00,76.55 ,50
02,000,00,009,0380,0,1627,18,1645,2122,0,2,1,2,0,1,0,0.00,77.52 ,50
02,000,00,009,0381,0,1661,15,1676,2134,0,2,1,2,0,1,0,0.00,78.54 ,50
02,000,00,009,0382,0,1558,18,1576,2196,0,2,1,2,0,1,0,0.00,71.77 ,50
02,000,00,009,0383,0,2194,22,2216,2902,0,2,1,2,0,1,0,0.00,76.36 ,50
02,000,00,009,0384,0,2352,24,2376,3165,0,2,1,2,0,1,0,0.00,75.07 ,50
02,000,00,009,0385,0,1387,13,1400,1869,0,2,1,2,0,1,0,0.00,74.91 ,50
02,000,00,009,0386,0,1943,18,1961,2524,0,2,1,2,0,1,0,0.00,77.69 ,50
02,000,00,009,0387,0,2100,20,2120,2653,0,2,1,2,0,1,0,0.00,79.91 ,50
02,000,00,009,0388,0,1977,21,1998,2597,0,2,1,2,0,1,0,0.00,76.93 ,50
02,000,00,009,0389,0,1468,18,1486,1976,0,2,1,2,0,1,0,0.00,75.20 ,50
02,000,00,009,0390,0,1732,24,1756,2344,0,2,1,2,0,1,0,0.00,74.91 ,50
02,000,00,009,0391,0,1577,12,1589,2049,0,2,1,2,0,1,0,0.00,77.55 ,50
02,000,00,009,0392,0,2187,27,2214,2864,0,2,1,2,0,1,0,0.00,77.30 ,50
02,000,00,009,0393,0,1990,13,2003,2563,0,2,1,2,0,1,0,0.00,78.15 ,50
02,000,00,009,0394,0,1028,16,1044,1386,0,2,1,2,0,1,0,0.00,75.32 ,50
02,000,00,009,0395,0,3505,42,3547,4520,0,2,1,2,0,1,0,0.00,78.47 ,50
02,000,00,009,0396,0,1779,11,1790,2336,0,2,1,2,0,1,0,0.00,76.63 ,50
02,000,00,009,0397,0,3055,22,3077,3923,0,2,1,2,0,1,0,0.00,78.43 ,50
02,000,00,009,0398,0,1840,20,1860,2446,0,2,1,2,0,1,0,0.00,76.04 ,50
02,000,00,009,0399,0,1529,16,1545,2016,0,2,1,2,0,1,0,0.00,76.64 ,50
02,000,00,009,0400,0,2237,20,2257,2873,0,2,1,2,0,1,0,0.00,78.56 ,50
02,000,00,009,0401,0,2277,20,2297,2955,0,2,1,2,0,1,0,0.00,77.73 ,50
02,000,00,009,0402,0,2061,19,2080,2730,0,2,1,2,0,1,0,0.00,76.19 ,50
02,000,00,009,0403,0,2138,20,2158,2641,0,2,1,2,0,1,0,0.00,81.71 ,50
02,000,00,009,0404,0,1921,38,1959,2522,0,2,1,2,0,1,0,0.00,77.68 ,50
02,000,00,009,0405,0,1806,17,1823,2369,0,2,1,2,0,1,0,0.00,76.95 ,50
02,000,00,009,0406,0,1381,11,1392,1821,0,2,1,2,0,1,0,0.00,76.44 ,50
02,000,00,009,0407,0,1481,14,1495,1930,0,2,1,2,0,1,0,0.00,77.46 ,50
02,000,00,009,0408,0,2314,22,2336,3023,0,2,1,2,0,1,0,0.00,77.27 ,50
02,000,00,009,0409,0,1962,20,1982,2550,0,2,1,2,0,1,0,0.00,77.73 ,50
02,000,00,010,0410,0,966,12,978,1315,0,2,1,2,0,1,0,0.00,74.37 ,50
02,000,00,010,0411,0,909,11,920,1234,0,2,1,2,0,1,0,0.00,74.55 ,50
02,000,00,010,0412,0,1302,18,1320,1742,0,2,1,2,0,1,0,0.00,75.77 ,50
02,000,00,010,0413,0,1596,21,1617,2160,0,2,1,2,0,1,0,0.00,74.86 ,50
02,000,00,010,0414,0,1954,25,1979,2658,0,2,1,2,0,1,0,0.00,74.45 ,50
02,000,00,010,0415,0,822,8,830,1071,0,2,1,2,0,1,0,0.00,77.50 ,50
02,000,00,010,0416,0,1095,15,1110,1554,0,2,1,2,0,1,0,0.00,71.43 ,50
02,000,00,010,0417,0,1764,22,1786,2350,0,2,1,2,0,1,0,0.00,76.00 ,50
02,000,00,010,0418,0,1266,13,1279,1643,0,2,1,2,0,1,0,0.00,77.85 ,50
02,000,00,010,0419,0,1664,15,1679,2319,0,2,1,2,0,1,0,0.00,72.40 ,50
02,000,00,010,0420,0,1176,12,1188,1569,0,2,1,2,0,1,0,0.00,75.72 ,50
02,000,00,010,0421,0,771,10,781,1098,0,2,1,2,0,1,0,0.00,71.13 ,50
02,000,00,010,0422,0,1477,21,1498,1889,0,2,1,2,0,1,0,0.00,79.30 ,50
02,000,00,011,0423,0,1319,14,1333,1751,0,2,1,2,0,1,0,0.00,76.13 ,50
02,000,00,011,0424,0,2024,14,2038,2533,0,2,1,2,0,1,0,0.00,80.46 ,50
02,000,00,011,0425,0,1416,7,1423,1747,0,2,1,2,0,1,0,0.00,81.45 ,50
02,000,00,011,0426,0,2005,22,2027,2628,0,2,1,2,0,1,0,0.00,77.13 ,50
02,000,00,011,0427,0,1074,10,1084,1390,0,2,1,2,0,1,0,0.00,77.99 ,50
02,000,00,011,0428,0,1049,5,1054,1339,0,2,1,2,0,1,0,0.00,78.72 ,50
02,000,00,011,0429,0,1138,8,1146,1445,0,2,1,2,0,1,0,0.00,79.31 ,50
02,000,00,011,0430,0,1359,15,1374,1721,0,2,1,2,0,1,0,0.00,79.84 ,50
02,000,00,011,0431,0,1520,19,1539,1929,0,2,1,2,0,1,0,0.00,79.78 ,50
02,000,00,011,0432,0,1922,22,1944,2505,0,2,1,2,0,1,0,0.00,77.60 ,50
02,000,00,011,0433,0,1701,14,1715,2167,0,2,1,2,0,1,0,0.00,79.14 ,50
02,000,00,011,0434,0,1001,12,1013,1324,0,2,1,2,0,1,0,0.00,76.51 ,50
02,000,00,011,0435,0,2801,30,2831,3694,0,2,1,2,0,1,0,0.00,76.64 ,50
02,000,00,011,0436,0,2216,21,2237,2921,0,2,1,2,0,1,0,0.00,76.58 ,50
02,000,00,011,0437,0,1932,16,1948,2497,0,2,1,2,0,1,0,0.00,78.01 ,50
02,000,00,011,0438,0,585,7,592,723,0,2,1,2,0,1,0,0.00,81.88 ,50
02,000,00,011,0439,0,1132,12,1144,1440,0,2,1,2,0,1,0,0.00,79.44 ,50
02,000,00,011,0440,0,2186,26,2212,2875,0,2,1,2,0,1,0,0.00,76.94 ,50
02,000,00,011,0441,0,1771,19,1790,2326,0,2,1,2,0,1,0,0.00,76.96 ,50
02,000,00,011,0442,0,1157,13,1170,1462,0,2,1,2,0,1,0,0.00,80.03 ,50
02,000,00,011,0443,0,1625,21,1646,2050,0,2,1,2,0,1,0,0.00,80.29 ,50
02,000,00,011,0444,0,1237,8,1245,1554,0,2,1,2,0,1,0,0.00,80.12 ,50
02,000,00,011,0445,0,1123,11,1134,1456,0,2,1,2,0,1,0,0.00,77.88 ,50
02,000,00,011,0446,0,1052,16,1068,1280,0,2,1,2,0,1,0,0.00,83.44 ,50
02,000,00,011,0447,0,2094,37,2131,2626,0,2,1,2,0,1,0,0.00,81.15 ,50
02,000,00,011,0448,0,733,13,746,938,0,2,1,2,0,1,0,0.00,79.53 ,50
02,000,00,011,0449,0,752,9,761,968,0,2,1,2,0,1,0,0.00,78.62 ,50
02,000,00,011,0450,0,2040,25,2065,2663,0,2,1,2,0,1,0,0.00,77.54 ,50
02,000,00,011,0451,0,1317,15,1332,1706,0,2,1,2,0,1,0,0.00,78.08 ,50
02,000,00,011,0452,0,1075,7,1082,1331,0,2,1,2,0,1,0,0.00,81.29 ,50
02,000,00,011,0453,0,3044,30,3074,4038,0,2,1,2,0,1,0,0.00,76.13 ,50
02,000,00,011,0454,0,1579,16,1595,2057,0,2,1,2,0,1,0,0.00,77.54 ,50
02,000,00,011,0455,0,1413,15,1428,1736,0,2,1,2,0,1,0,0.00,82.26 ,50
02,000,00,011,0456,0,1507,18,1525,1863,0,2,1,2,0,1,0,0.00,81.86 ,50
02,000,00,011,0457,0,1090,8,1098,1383,0,2,1,2,0,1,0,0.00,79.39 ,50
02,000,00,011,0458,0,1579,17,1596,2092,0,2,1,2,0,1,0,0.00,76.29 ,50
02,000,00,011,0459,0,1455,16,1471,1960,0,2,1,2,0,1,0,0.00,75.05 ,50
02,000,00,011,0460,0,1087,9,1096,1363,0,2,1,2,0,1,0,0.00,80.41 ,50
02,000,00,011,0461,0,2598,23,2621,3748,0,2,1,2,0,1,0,0.00,69.93 ,50
02,000,00,011,0462,0,1408,12,1420,2026,0,2,1,2,0,1,0,0.00,70.09 ,50
02,000,00,011,0463,0,1483,19,1502,2139,0,2,1,2,0,1,0,0.00,70.22 ,50
02,000,00,011,0464,0,1648,22,1670,2382,0,2,1,2,0,1,0,0.00,70.11 ,50
02,000,00,011,0465,0,1643,18,1661,2378,0,2,1,2,0,1,0,0.00,69.85 ,50
03,001,00,001,0001,0,945,9,954,1242,0,2,1,2,0,1,0,0.00,76.81 ,50
03,001,00,001,0002,0,994,2,996,1295,0,2,1,2,0,1,0,0.00,76.91 ,50
03,001,00,001,0003,0,448,3,451,568,0,2,1,2,0,1,0,0.00,79.40 ,50
03,001,00,001,0004,0,882,9,891,1149,0,2,1,2,0,1,0,0.00,77.55 ,50
03,001,00,001,0005,0,1248,6,1254,1652,0,2,1,2,0,1,0,0.00,75.91 ,50
03,001,00,001,0006,0,2948,32,2980,3927,0,2,1,2,0,1,0,0.00,75.88 ,50
03,001,00,001,0007,0,1875,19,1894,2495,0,2,1,2,0,1,0,0.00,75.91 ,50
03,001,00,001,0008,0,3386,34,3420,4476,0,2,1,2,0,1,0,0.00,76.41 ,50
03,001,00,001,0009,0,2388,27,2415,3104,0,2,1,2,0,1,0,0.00,77.80 ,50
03,001,00,001,0010,0,1535,6,1541,2004,0,2,1,2,0,1,0,0.00,76.90 ,50
03,001,00,001,0011,0,2649,40,2689,3579,0,2,1,2,0,1,0,0.00,75.13 ,50
03,001,00,001,0012,0,3411,27,3438,4337,0,2,1,2,0,1,0,0.00,79.27 ,50
03,001,00,001,0013,0,1819,15,1834,2365,0,2,1,2,0,1,0,0.00,77.55 ,50
03,001,00,001,0014,0,1656,15,1671,2134,0,2,1,2,0,1,0,0.00,78.30 ,50
03,001,00,001,0015,0,1658,13,1671,2164,0,2,1,2,0,1,0,0.00,77.22 ,50
03,001,00,001,0016,0,2159,14,2173,2738,0,2,1,2,0,1,0,0.00,79.36 ,50
03,001,00,001,0017,0,1136,11,1147,1489,0,2,1,2,0,1,0,0.00,77.03 ,50
03,001,00,001,0018,0,2619,24,2643,3366,0,2,1,2,0,1,0,0.00,78.52 ,50
03,001,00,001,0019,0,2341,26,2367,3101,0,2,1,2,0,1,0,0.00,76.33 ,50
03,001,00,001,0020,0,2902,45,2947,3945,0,2,1,2,0,1,0,0.00,74.70 ,50
03,001,00,001,0021,0,3364,22,3386,4333,0,2,1,2,0,1,0,0.00,78.14 ,50
03,001,00,001,0022,0,2411,33,2444,3161,0,2,1,2,0,1,0,0.00,77.32 ,50
03,001,00,001,0023,0,2925,32,2957,3769,0,2,1,2,0,1,0,0.00,78.46 ,50
03,001,00,001,0024,0,2396,27,2423,3041,0,2,1,2,0,1,0,0.00,79.68 ,50
03,001,00,001,0025,0,2763,32,2795,3649,0,2,1,2,0,1,0,0.00,76.60 ,50
03,001,00,001,0026,0,2369,19,2388,3086,0,2,1,2,0,1,0,0.00,77.38 ,50
03,001,00,001,0027,0,1389,16,1405,1809,0,2,1,2,0,1,0,0.00,77.67 ,50
03,001,00,001,0028,0,1607,11,1618,1991,0,2,1,2,0,1,0,0.00,81.27 ,50
03,001,00,001,0029,0,1727,19,1746,2236,0,2,1,2,0,1,0,0.00,78.09 ,50
03,001,00,001,0030,0,1550,13,1563,1969,0,2,1,2,0,1,0,0.00,79.38 ,50
03,001,00,001,0031,0,1789,18,1807,2383,0,2,1,2,0,1,0,0.00,75.83 ,50
03,001,00,001,0032,0,1512,17,1529,2042,0,2,1,2,0,1,0,0.00,74.88 ,50
03,001,00,001,0033,0,1944,23,1967,2619,0,2,1,2,0,1,0,0.00,75.11 ,50
03,001,00,001,0034,0,2698,26,2724,3508,0,2,1,2,0,1,0,0.00,77.65 ,50
03,001,00,001,0035,0,2301,23,2324,2969,0,2,1,2,0,1,0,0.00,78.28 ,50
03,001,00,001,0036,0,3005,37,3042,3897,0,2,1,2,0,1,0,0.00,78.06 ,50
03,001,00,001,0037,0,1529,14,1543,2041,0,2,1,2,0,1,0,0.00,75.60 ,50
03,001,00,001,0038,0,1924,27,1951,2525,0,2,1,2,0,1,0,0.00,77.27 ,50
03,001,00,001,0039,0,1668,23,1691,2184,0,2,1,2,0,1,0,0.00,77.43 ,50
03,001,00,001,0040,0,1886,20,1906,2447,0,2,1,2,0,1,0,0.00,77.89 ,50
03,001,00,001,0041,0,2786,31,2817,3576,0,2,1,2,0,1,0,0.00,78.78 ,50
03,001,00,001,0042,0,1973,18,1991,2614,0,2,1,2,0,1,0,0.00,76.17 ,50
03,001,00,001,0043,0,2043,20,2063,2729,0,2,1,2,0,1,0,0.00,75.60 ,50
03,001,00,001,0044,0,1839,14,1853,2453,0,2,1,2,0,1,0,0.00,75.54 ,50
03,001,00,001,0045,0,1858,10,1868,2587,0,2,1,2,0,1,0,0.00,72.21 ,50
03,001,00,001,0046,0,2011,23,2034,2641,0,2,1,2,0,1,0,0.00,77.02 ,50
03,001,00,001,0047,0,3147,33,3180,4159,0,2,1,2,0,1,0,0.00,76.46 ,50
03,001,00,001,0048,0,1862,16,1878,2480,0,2,1,2,0,1,0,0.00,75.73 ,50
03,001,00,001,0049,0,1977,18,1995,2573,0,2,1,2,0,1,0,0.00,77.54 ,50
03,001,00,001,0050,0,2261,20,2281,2995,0,2,1,2,0,1,0,0.00,76.16 ,50
03,001,00,001,0051,0,1502,18,1520,2056,0,2,1,2,0,1,0,0.00,73.93 ,50
03,001,00,001,0052,0,1889,15,1904,2506,0,2,1,2,0,1,0,0.00,75.98 ,50
03,001,00,001,0053,0,1660,17,1677,2213,0,2,1,2,0,1,0,0.00,75.78 ,50
03,001,00,001,0054,0,2542,26,2568,3390,0,2,1,2,0,1,0,0.00,75.75 ,50
03,001,00,001,0055,0,1716,13,1729,2241,0,2,1,2,0,1,0,0.00,77.15 ,50
03,001,00,001,0056,0,1564,11,1575,1995,0,2,1,2,0,1,0,0.00,78.95 ,50
03,001,00,001,0057,0,2236,26,2262,2931,0,2,1,2,0,1,0,0.00,77.18 ,50
03,001,00,001,0058,0,1958,23,1981,2606,0,2,1,2,0,1,0,0.00,76.02 ,50
03,001,00,001,0059,0,2547,30,2577,3502,0,2,1,2,0,1,0,0.00,73.59 ,50
03,001,00,001,0060,0,1313,12,1325,1757,0,2,1,2,0,1,0,0.00,75.41 ,50
03,001,00,001,0061,0,3183,34,3217,4143,0,2,1,2,0,1,0,0.00,77.65 ,50
03,001,00,001,0062,0,2614,20,2634,3312,0,2,1,2,0,1,0,0.00,79.53 ,50
03,001,00,001,0063,0,2347,36,2383,3034,0,2,1,2,0,1,0,0.00,78.54 ,50
03,001,00,001,0064,0,1810,17,1827,2418,0,2,1,2,0,1,0,0.00,75.56 ,50
03,001,00,001,0065,0,2866,23,2889,3772,0,2,1,2,0,1,0,0.00,76.59 ,50
03,001,00,001,0066,0,1209,6,1215,1583,0,2,1,2,0,1,0,0.00,76.75 ,50
03,001,00,001,0067,0,1710,29,1739,2196,0,2,1,2,0,1,0,0.00,79.19 ,50
03,001,00,001,0068,0,1517,23,1540,2056,0,2,1,2,0,1,0,0.00,74.90 ,50
03,001,00,001,0069,0,1902,25,1927,2397,0,2,1,2,0,1,0,0.00,80.39 ,50
03,001,00,001,0070,0,3006,34,3040,3966,0,2,1,2,0,1,0,0.00,76.65 ,50
03,001,00,001,0071,0,1803,20,1823,2364,0,2,1,2,0,1,0,0.00,77.12 ,50
03,001,00,001,0072,0,1686,16,1702,2118,0,2,1,2,0,1,0,0.00,80.36 ,50
03,001,00,001,0073,0,2554,38,2592,3351,0,2,1,2,0,1,0,0.00,77.35 ,50
03,001,00,001,0074,0,1808,26,1834,2379,0,2,1,2,0,1,0,0.00,77.09 ,50
03,001,00,001,0075,0,1966,14,1980,2629,0,2,1,2,0,1,0,0.00,75.31 ,50
03,001,00,001,0076,0,1040,10,1050,1381,0,2,1,2,0,1,0,0.00,76.03 ,50
03,001,00,001,0077,0,1581,11,1592,2077,0,2,1,2,0,1,0,0.00,76.65 ,50
03,001,00,001,0078,0,1834,31,1865,2495,0,2,1,2,0,1,0,0.00,74.75 ,50
03,001,00,001,0079,0,2122,27,2149,2885,0,2,1,2,0,1,0,0.00,74.49 ,50
03,001,00,001,0080,0,2998,23,3021,3963,0,2,1,2,0,1,0,0.00,76.23 ,50
03,001,00,001,0081,0,2068,19,2087,2730,0,2,1,2,0,1,0,0.00,76.45 ,50
03,001,00,001,0082,0,1466,16,1482,1888,0,2,1,2,0,1,0,0.00,78.50 ,50
03,001,00,001,0083,0,2487,35,2522,3218,0,2,1,2,0,1,0,0.00,78.37 ,50
03,001,00,001,0084,0,1069,11,1080,1444,0,2,1,2,0,1,0,0.00,74.79 ,50
03,001,00,001,0085,0,1844,22,1866,2502,0,2,1,2,0,1,0,0.00,74.58 ,50
03,001,00,001,0086,0,1440,9,1449,1924,0,2,1,2,0,1,0,0.00,75.31 ,50
03,001,00,001,0087,0,1181,11,1192,1582,0,2,1,2,0,1,0,0.00,75.35 ,50
03,001,00,001,0088,0,1823,15,1838,2371,0,2,1,2,0,1,0,0.00,77.52 ,50
03,001,00,001,0089,0,2417,20,2437,3159,0,2,1,2,0,1,0,0.00,77.14 ,50
03,001,00,001,0090,0,1609,21,1630,2180,0,2,1,2,0,1,0,0.00,74.77 ,50
03,001,00,001,0091,0,1783,8,1791,2350,0,2,1,2,0,1,0,0.00,76.21 ,50
03,001,00,001,0092,0,2859,32,2891,3634,0,2,1,2,0,1,0,0.00,79.55 ,50
03,001,00,001,0093,0,1888,22,1910,2454,0,2,1,2,0,1,0,0.00,77.83 ,50
03,001,00,001,0094,0,1696,17,1713,2216,0,2,1,2,0,1,0,0.00,77.30 ,50
03,001,00,001,0095,0,1908,16,1924,2404,0,2,1,2,0,1,0,0.00,80.03 ,50
03,001,00,001,0096,0,3043,39,3082,3946,0,2,1,2,0,1,0,0.00,78.10 ,50
03,001,00,001,0097,0,2653,21,2674,3522,0,2,1,2,0,1,0,0.00,75.92 ,50
03,001,00,001,0098,0,3328,42,3370,4426,0,2,1,2,0,1,0,0.00,76.14 ,50
03,001,00,001,0099,0,2172,20,2192,2744,0,2,1,2,0,1,0,0.00,79.88 ,50
03,001,00,001,0100,0,626,6,632,882,0,2,1,2,0,1,0,0.00,71.66 ,50
03,001,00,001,0101,0,1571,22,1593,2117,0,2,1,2,0,1,0,0.00,75.25 ,50
03,001,00,001,0102,0,2643,26,2669,3450,0,2,1,2,0,1,0,0.00,77.36 ,50
03,001,00,001,0103,0,1745,20,1765,2298,0,2,1,2,0,1,0,0.00,76.81 ,50
03,001,00,001,0104,0,1694,18,1712,2255,0,2,1,2,0,1,0,0.00,75.92 ,50
03,001,00,001,0105,0,1290,6,1296,1630,0,2,1,2,0,1,0,0.00,79.51 ,50
03,001,00,001,0106,0,2819,32,2851,3764,0,2,1,2,0,1,0,0.00,75.74 ,50
03,001,00,001,0107,0,2528,26,2554,3329,0,2,1,2,0,1,0,0.00,76.72 ,50
03,001,00,001,0108,0,2447,41,2488,3135,0,2,1,2,0,1,0,0.00,79.36 ,50
03,001,00,001,0109,0,2331,32,2363,3602,0,2,1,2,0,1,0,0.00,65.60 ,50
03,001,00,001,0110,0,2717,34,2751,3673,0,2,1,2,0,1,0,0.00,74.90 ,50
03,001,00,001,0111,0,1970,23,1993,2585,0,2,1,2,0,1,0,0.00,77.10 ,50
03,001,00,001,0112,0,1863,27,1890,2420,0,2,1,2,0,1,0,0.00,78.10 ,50
03,001,00,001,0113,0,779,10,789,1052,0,2,1,2,0,1,0,0.00,75.00 ,50
03,001,00,001,0114,0,2955,34,2989,4027,0,2,1,2,0,1,0,0.00,74.22 ,50
03,001,00,001,0115,0,2309,55,2364,3187,0,2,1,2,0,1,0,0.00,74.18 ,50
03,001,00,001,0116,0,2465,29,2494,3338,0,2,1,2,0,1,0,0.00,74.72 ,50
03,001,00,001,0117,0,1681,21,1702,2311,0,2,1,2,0,1,0,0.00,73.65 ,50
03,001,00,001,0118,0,2629,39,2668,3681,0,2,1,2,0,1,0,0.00,72.48 ,50
03,001,00,001,0119,0,1762,26,1788,2378,0,2,1,2,0,1,0,0.00,75.19 ,50
03,001,00,001,0120,0,2877,29,2906,3814,0,2,1,2,0,1,0,0.00,76.19 ,50
03,001,00,001,0121,0,1783,22,1805,2410,0,2,1,2,0,1,0,0.00,74.90 ,50
03,001,00,001,0122,0,2712,27,2739,3680,0,2,1,2,0,1,0,0.00,74.43 ,50
03,001,00,001,0123,0,2792,44,2836,3698,0,2,1,2,0,1,0,0.00,76.69 ,50
03,001,00,001,0124,0,1799,16,1815,2345,0,2,1,2,0,1,0,0.00,77.40 ,50
03,001,00,001,0125,0,1780,12,1792,2364,0,2,1,2,0,1,0,0.00,75.80 ,50
03,001,00,002,0126,0,2306,25,2331,3015,0,2,1,2,0,1,0,0.00,77.31 ,50
03,001,00,002,0127,0,2367,29,2396,2998,0,2,1,2,0,1,0,0.00,79.92 ,50
03,001,00,002,0128,0,1314,8,1322,1760,0,2,1,2,0,1,0,0.00,75.11 ,50
03,001,00,002,0129,0,1172,12,1184,1499,0,2,1,2,0,1,0,0.00,78.99 ,50
03,001,00,002,0130,0,949,12,961,1218,0,2,1,2,0,1,0,0.00,78.90 ,50
03,001,00,002,0131,0,1464,16,1480,1910,0,2,1,2,0,1,0,0.00,77.49 ,50
03,001,00,002,0132,0,2103,27,2130,2781,0,2,1,2,0,1,0,0.00,76.59 ,50
03,001,00,002,0133,0,320,1,321,403,0,2,1,2,0,1,0,0.00,79.65 ,50
03,001,00,002,0134,0,1747,15,1762,2337,0,2,1,2,0,1,0,0.00,75.40 ,50
03,001,00,002,0135,0,2095,15,2110,2704,0,2,1,2,0,1,0,0.00,78.03 ,50
03,001,00,002,0136,0,1858,17,1875,2435,0,2,1,2,0,1,0,0.00,77.00 ,50
03,001,00,002,0137,0,1938,14,1952,2441,0,2,1,2,0,1,0,0.00,79.97 ,50
03,001,00,002,0138,0,2401,28,2429,3116,0,2,1,2,0,1,0,0.00,77.95 ,50
03,001,00,002,0139,0,1473,10,1483,1895,0,2,1,2,0,1,0,0.00,78.26 ,50
03,001,00,002,0140,0,1642,19,1661,2092,0,2,1,2,0,1,0,0.00,79.40 ,50
03,001,00,002,0141,0,2306,20,2326,2949,0,2,1,2,0,1,0,0.00,78.87 ,50
03,001,00,002,0142,0,2769,28,2797,3522,0,2,1,2,0,1,0,0.00,79.42 ,50
03,001,00,002,0143,0,2705,19,2724,3478,0,2,1,2,0,1,0,0.00,78.32 ,50
03,001,00,002,0144,0,1803,14,1817,2315,0,2,1,2,0,1,0,0.00,78.49 ,50
03,001,00,002,0145,0,3123,30,3153,4012,0,2,1,2,0,1,0,0.00,78.59 ,50
03,001,00,002,0146,0,2844,29,2873,3660,0,2,1,2,0,1,0,0.00,78.50 ,50
03,001,00,002,0147,0,1539,12,1551,1928,0,2,1,2,0,1,0,0.00,80.45 ,50
03,001,00,002,0148,0,2638,27,2665,3602,0,2,1,2,0,1,0,0.00,73.99 ,50
03,001,00,002,0149,0,783,7,790,1162,0,2,1,2,0,1,0,0.00,67.99 ,50
03,001,00,002,0150,0,1105,16,1121,1573,0,2,1,2,0,1,0,0.00,71.27 ,50
03,001,00,002,0151,0,1015,12,1027,1419,0,2,1,2,0,1,0,0.00,72.37 ,50
03,001,00,002,0152,0,1310,13,1323,1733,0,2,1,2,0,1,0,0.00,76.34 ,50
03,001,00,002,0153,0,959,10,969,1205,0,2,1,2,0,1,0,0.00,80.41 ,50
03,001,00,002,0154,0,846,8,854,1119,0,2,1,2,0,1,0,0.00,76.32 ,50
03,001,00,002,0155,0,968,10,978,1393,0,2,1,2,0,1,0,0.00,70.21 ,50
03,001,00,002,0156,0,1013,16,1029,1371,0,2,1,2,0,1,0,0.00,75.05 ,50
03,001,00,002,0157,0,900,15,915,1240,0,2,1,2,0,1,0,0.00,73.79 ,50
03,001,00,002,0158,0,1175,15,1190,1553,0,2,1,2,0,1,0,0.00,76.63 ,50
03,001,00,002,0159,0,1069,14,1083,1420,0,2,1,2,0,1,0,0.00,76.27 ,50
03,001,00,002,0160,0,1531,16,1547,2011,0,2,1,2,0,1,0,0.00,76.93 ,50
03,001,00,002,0161,0,1197,11,1208,1639,0,2,1,2,0,1,0,0.00,73.70 ,50
03,001,00,002,0162,0,899,6,905,1137,0,2,1,2,0,1,0,0.00,79.60 ,50
03,001,00,002,0163,0,785,8,793,1027,0,2,1,2,0,1,0,0.00,77.22 ,50
03,001,00,002,0164,0,1317,11,1328,1688,0,2,1,2,0,1,0,0.00,78.67 ,50
03,001,00,002,0165,0,735,4,739,898,0,2,1,2,0,1,0,0.00,82.29 ,50
03,001,00,002,0166,0,776,6,782,1041,0,2,1,2,0,1,0,0.00,75.12 ,50
03,001,00,002,0167,0,1192,16,1208,1609,0,2,1,2,0,1,0,0.00,75.08 ,50
03,001,00,002,0168,0,551,4,555,738,0,2,1,2,0,1,0,0.00,75.20 ,50
03,001,00,002,0169,0,1536,14,1550,2080,0,2,1,2,0,1,0,0.00,74.52 ,50
03,001,00,002,0170,0,1554,12,1566,2051,0,2,1,2,0,1,0,0.00,76.35 ,50
03,001,00,002,0171,0,1290,9,1299,1697,0,2,1,2,0,1,0,0.00,76.55 ,50
03,001,00,002,0172,0,1921,18,1939,2504,0,2,1,2,0,1,0,0.00,77.44 ,50
03,001,00,002,0173,0,2742,24,2766,3461,0,2,1,2,0,1,0,0.00,79.92 ,50
03,001,00,002,0174,0,1087,13,1100,1443,0,2,1,2,0,1,0,0.00,76.23 ,50
03,001,00,002,0175,0,877,7,884,1119,0,2,1,2,0,1,0,0.00,79.00 ,50
03,001,00,002,0176,0,1002,8,1010,1260,0,2,1,2,0,1,0,0.00,80.16 ,50
03,001,00,002,0177,0,1200,16,1216,1613,0,2,1,2,0,1,0,0.00,75.39 ,50
03,001,00,002,0178,0,1177,14,1191,1539,0,2,1,2,0,1,0,0.00,77.39 ,50
03,001,00,002,0179,0,1869,12,1881,2408,0,2,1,2,0,1,0,0.00,78.11 ,50
03,001,00,002,0180,0,1070,8,1078,1388,0,2,1,2,0,1,0,0.00,77.67 ,50
03,001,00,002,0181,0,766,6,772,1002,0,2,1,2,0,1,0,0.00,77.05 ,50
03,001,00,002,0182,0,1248,10,1258,1652,0,2,1,2,0,1,0,0.00,76.15 ,50
03,001,00,002,0183,0,1449,20,1469,1812,0,2,1,2,0,1,0,0.00,81.07 ,50
03,001,00,002,0184,0,1392,21,1413,1850,0,2,1,2,0,1,0,0.00,76.38 ,50
03,001,00,002,0185,0,1154,9,1163,1537,0,2,1,2,0,1,0,0.00,75.67 ,50
03,001,00,002,0186,0,534,1,535,707,0,2,1,2,0,1,0,0.00,75.67 ,50
03,001,00,002,0187,0,1155,9,1164,1579,0,2,1,2,0,1,0,0.00,73.72 ,50
03,001,00,002,0188,0,478,3,481,626,0,2,1,2,0,1,0,0.00,76.84 ,50
03,001,00,002,0189,0,1314,18,1332,1742,0,2,1,2,0,1,0,0.00,76.46 ,50
03,001,00,002,0190,0,1126,12,1138,1559,0,2,1,2,0,1,0,0.00,73.00 ,50
03,001,00,002,0191,0,1485,17,1502,1889,0,2,1,2,0,1,0,0.00,79.51 ,50
03,001,00,002,0192,0,1106,19,1125,1463,0,2,1,2,0,1,0,0.00,76.90 ,50
03,001,00,002,0193,0,845,11,856,1111,0,2,1,2,0,1,0,0.00,77.05 ,50
03,001,00,002,0194,0,1088,11,1099,1386,0,2,1,2,0,1,0,0.00,79.29 ,50
03,001,00,002,0195,0,1661,30,1691,2208,0,2,1,2,0,1,0,0.00,76.59 ,50
03,001,00,002,0196,0,1746,25,1771,2294,0,2,1,2,0,1,0,0.00,77.20 ,50
03,001,00,002,0197,0,1191,10,1201,1512,0,2,1,2,0,1,0,0.00,79.43 ,50
03,001,00,002,0198,0,903,16,919,1185,0,2,1,2,0,1,0,0.00,77.55 ,50
03,001,00,002,0199,0,1122,14,1136,1466,0,2,1,2,0,1,0,0.00,77.49 ,50
03,001,00,002,0200,0,1773,20,1793,2312,0,2,1,2,0,1,0,0.00,77.55 ,50
03,001,00,002,0201,0,1694,26,1720,2177,0,2,1,2,0,1,0,0.00,79.01 ,50
03,001,00,002,0202,0,894,13,907,1133,0,2,1,2,0,1,0,0.00,80.05 ,50
03,001,00,002,0203,0,1406,13,1419,1771,0,2,1,2,0,1,0,0.00,80.12 ,50
03,001,00,002,0204,0,2774,32,2806,3606,0,2,1,2,0,1,0,0.00,77.81 ,50
03,001,00,002,0205,0,2364,27,2391,3030,0,2,1,2,0,1,0,0.00,78.91 ,50
03,001,00,002,0206,0,2787,27,2814,3612,0,2,1,2,0,1,0,0.00,77.91 ,50
03,001,00,002,0207,0,1538,14,1552,2034,0,2,1,2,0,1,0,0.00,76.30 ,50
03,001,00,002,0208,0,1270,19,1289,1649,0,2,1,2,0,1,0,0.00,78.17 ,50
03,001,00,002,0209,0,1677,24,1701,2120,0,2,1,2,0,1,0,0.00,80.24 ,50
03,001,00,002,0210,0,2661,27,2688,3508,0,2,1,2,0,1,0,0.00,76.62 ,50
03,001,00,002,0211,0,1784,9,1793,2237,0,2,1,2,0,1,0,0.00,80.15 ,50
03,001,00,002,0212,0,1697,19,1716,2201,0,2,1,2,0,1,0,0.00,77.96 ,50
03,001,00,002,0213,0,2062,18,2080,2647,0,2,1,2,0,1,0,0.00,78.58 ,50
03,001,00,002,0214,0,1987,18,2005,2531,0,2,1,2,0,1,0,0.00,79.22 ,50
03,001,00,002,0215,0,1804,19,1823,2321,0,2,1,2,0,1,0,0.00,78.54 ,50
03,001,00,002,0216,0,3084,33,3117,3974,0,2,1,2,0,1,0,0.00,78.43 ,50
03,001,00,002,0217,0,1543,15,1558,2007,0,2,1,2,0,1,0,0.00,77.63 ,50
03,001,00,002,0218,0,2261,32,2293,2868,0,2,1,2,0,1,0,0.00,79.95 ,50
03,001,00,002,0219,0,1999,21,2020,2583,0,2,1,2,0,1,0,0.00,78.20 ,50
03,001,00,002,0220,0,1578,13,1591,2093,0,2,1,2,0,1,0,0.00,76.02 ,50
03,001,00,002,0221,0,1599,10,1609,2042,0,2,1,2,0,1,0,0.00,78.80 ,50
03,001,00,002,0222,0,2300,15,2315,2996,0,2,1,2,0,1,0,0.00,77.27 ,50
03,001,00,002,0223,0,2495,29,2524,3343,0,2,1,2,0,1,0,0.00,75.50 ,50
03,001,00,002,0224,0,2834,29,2863,3777,0,2,1,2,0,1,0,0.00,75.80 ,50
03,001,00,002,0225,0,2068,24,2092,2727,0,2,1,2,0,1,0,0.00,76.71 ,50
03,001,00,002,0226,0,3160,41,3201,4030,0,2,1,2,0,1,0,0.00,79.43 ,50
03,001,00,002,0227,0,3616,42,3658,4729,0,2,1,2,0,1,0,0.00,77.35 ,50
03,001,00,002,0228,0,3619,41,3660,4811,0,2,1,2,0,1,0,0.00,76.08 ,50
03,001,00,002,0229,0,1578,18,1596,2161,0,2,1,2,0,1,0,0.00,73.85 ,50
03,001,00,002,0230,0,1925,26,1951,2547,0,2,1,2,0,1,0,0.00,76.60 ,50
03,001,00,002,0231,0,1488,22,1510,1973,0,2,1,2,0,1,0,0.00,76.53 ,50
03,001,00,002,0232,0,1612,20,1632,2122,0,2,1,2,0,1,0,0.00,76.91 ,50
03,001,00,002,0233,0,1430,13,1443,1810,0,2,1,2,0,1,0,0.00,79.72 ,50
03,001,00,002,0234,0,2245,21,2266,2913,0,2,1,2,0,1,0,0.00,77.79 ,50
03,001,00,002,0235,0,1457,21,1478,1886,0,2,1,2,0,1,0,0.00,78.37 ,50
03,001,00,002,0236,0,2415,25,2440,3190,0,2,1,2,0,1,0,0.00,76.49 ,50
03,001,00,002,0237,0,1578,14,1592,2081,0,2,1,2,0,1,0,0.00,76.50 ,50
03,001,00,002,0238,0,1697,26,1723,2216,0,2,1,2,0,1,0,0.00,77.75 ,50
03,001,00,002,0239,0,1298,14,1312,1665,0,2,1,2,0,1,0,0.00,78.80 ,50
03,001,00,002,0240,0,1685,25,1710,2172,0,2,1,2,0,1,0,0.00,78.73 ,50
03,001,00,002,0241,0,3113,46,3159,4243,0,2,1,2,0,1,0,0.00,74.45 ,50
03,001,00,003,0242,0,1952,28,1980,2607,0,2,1,2,0,1,0,0.00,75.95 ,50
03,001,00,003,0243,0,981,8,989,1348,0,2,1,2,0,1,0,0.00,73.37 ,50
03,001,00,003,0244,0,3088,28,3116,4053,0,2,1,2,0,1,0,0.00,76.88 ,50
03,001,00,003,0245,0,2153,18,2171,2757,0,2,1,2,0,1,0,0.00,78.75 ,50
03,001,00,003,0246,0,1430,9,1439,1870,0,2,1,2,0,1,0,0.00,76.95 ,50
03,001,00,003,0247,0,2108,23,2131,2732,0,2,1,2,0,1,0,0.00,78.00 ,50
03,001,00,003,0248,0,2165,17,2182,2827,0,2,1,2,0,1,0,0.00,77.18 ,50
03,001,00,003,0249,0,2033,24,2057,2648,0,2,1,2,0,1,0,0.00,77.68 ,50
03,001,00,003,0250,0,2788,24,2812,3651,0,2,1,2,0,1,0,0.00,77.02 ,50
03,001,00,003,0251,0,2381,32,2413,3167,0,2,1,2,0,1,0,0.00,76.19 ,50
03,001,00,003,0252,0,2370,17,2387,3061,0,2,1,2,0,1,0,0.00,77.98 ,50
03,001,00,003,0253,0,3007,37,3044,3847,0,2,1,2,0,1,0,0.00,79.13 ,50
03,001,00,003,0254,0,2295,32,2327,3023,0,2,1,2,0,1,0,0.00,76.98 ,50
03,001,00,003,0255,0,2844,40,2884,3778,0,2,1,2,0,1,0,0.00,76.34 ,50
03,001,00,003,0256,0,2303,21,2324,3032,0,2,1,2,0,1,0,0.00,76.65 ,50
03,001,00,003,0257,0,2848,31,2879,3785,0,2,1,2,0,1,0,0.00,76.06 ,50
03,001,00,003,0258,0,2610,24,2634,3437,0,2,1,2,0,1,0,0.00,76.64 ,50
03,001,00,003,0259,0,2352,19,2371,2993,0,2,1,2,0,1,0,0.00,79.22 ,50
03,001,00,003,0260,0,1173,10,1183,1602,0,2,1,2,0,1,0,0.00,73.85 ,50
03,001,00,003,0261,0,1901,11,1912,2418,0,2,1,2,0,1,0,0.00,79.07 ,50
03,001,00,003,0262,0,1507,25,1532,1958,0,2,1,2,0,1,0,0.00,78.24 ,50
03,001,00,003,0263,0,2125,16,2141,2747,0,2,1,2,0,1,0,0.00,77.94 ,50
03,001,00,003,0264,0,2888,32,2920,3832,0,2,1,2,0,1,0,0.00,76.20 ,50
03,001,00,003,0265,0,2104,23,2127,2770,0,2,1,2,0,1,0,0.00,76.79 ,50
03,001,00,003,0266,0,2485,24,2509,3275,0,2,1,2,0,1,0,0.00,76.61 ,50
03,001,00,003,0267,0,2419,24,2443,3196,0,2,1,2,0,1,0,0.00,76.44 ,50
03,001,00,003,0268,0,2141,17,2158,2784,0,2,1,2,0,1,0,0.00,77.51 ,50
03,001,00,003,0269,0,1677,24,1701,2218,0,2,1,2,0,1,0,0.00,76.69 ,50
03,001,00,003,0270,0,2813,20,2833,3622,0,2,1,2,0,1,0,0.00,78.22 ,50
03,001,00,003,0271,0,2703,21,2724,3584,0,2,1,2,0,1,0,0.00,76.00 ,50
03,001,00,003,0272,0,2250,16,2266,2968,0,2,1,2,0,1,0,0.00,76.35 ,50
03,001,00,003,0273,0,1557,11,1568,2021,0,2,1,2,0,1,0,0.00,77.59 ,50
03,001,00,003,0274,0,1586,16,1602,2158,0,2,1,2,0,1,0,0.00,74.24 ,50
03,001,00,003,0275,0,2788,23,2811,3714,0,2,1,2,0,1,0,0.00,75.69 ,50
03,001,00,003,0276,0,1827,12,1839,2398,0,2,1,2,0,1,0,0.00,76.69 ,50
03,001,00,003,0277,0,2403,39,2442,3339,0,2,1,2,0,1,0,0.00,73.14 ,50
03,001,00,003,0278,0,1824,18,1842,2423,0,2,1,2,0,1,0,0.00,76.02 ,50
03,001,00,003,0279,0,2125,28,2153,2926,0,2,1,2,0,1,0,0.00,73.58 ,50
03,001,00,003,0280,0,3228,34,3262,4256,0,2,1,2,0,1,0,0.00,76.64 ,50
03,001,00,003,0281,0,2166,26,2192,2885,0,2,1,2,0,1,0,0.00,75.98 ,50
03,001,00,003,0282,0,3125,37,3162,4328,0,2,1,2,0,1,0,0.00,73.06 ,50
03,001,00,003,0283,0,1544,11,1555,1971,0,2,1,2,0,1,0,0.00,78.89 ,50
03,001,00,003,0284,0,2370,37,2407,3183,0,2,1,2,0,1,0,0.00,75.62 ,50
03,001,00,003,0285,0,2072,20,2092,2773,0,2,1,2,0,1,0,0.00,75.44 ,50
03,001,00,003,0286,0,1516,12,1528,1930,0,2,1,2,0,1,0,0.00,79.17 ,50
03,001,00,003,0287,0,182,1,183,235,0,2,1,2,0,1,0,0.00,77.87 ,50
03,001,00,003,0288,0,3060,33,3093,4131,0,2,1,2,0,1,0,0.00,74.87 ,50
03,001,00,003,0289,0,1739,22,1761,2281,0,2,1,2,0,1,0,0.00,77.20 ,50
03,001,00,003,0290,0,2154,26,2180,2894,0,2,1,2,0,1,0,0.00,75.33 ,50
03,001,00,003,0291,0,2017,15,2032,2607,0,2,1,2,0,1,0,0.00,77.94 ,50
03,001,00,003,0292,0,2070,23,2093,2714,0,2,1,2,0,1,0,0.00,77.12 ,50
03,001,00,003,0293,0,1442,12,1454,1954,0,2,1,2,0,1,0,0.00,74.41 ,50
03,001,00,003,0294,0,3478,28,3506,4612,0,2,1,2,0,1,0,0.00,76.02 ,50
03,001,00,003,0295,0,2164,17,2181,2810,0,2,1,2,0,1,0,0.00,77.62 ,50
03,001,00,003,0296,0,2479,22,2501,3432,0,2,1,2,0,1,0,0.00,72.87 ,50
03,001,00,003,0297,0,2192,21,2213,3064,0,2,1,2,0,1,0,0.00,72.23 ,50
03,001,00,003,0298,0,3154,44,3198,4269,0,2,1,2,0,1,0,0.00,74.91 ,50
03,001,00,003,0299,0,3070,35,3105,3988,0,2,1,2,0,1,0,0.00,77.86 ,50
03,001,00,003,0300,0,1660,19,1679,2215,0,2,1,2,0,1,0,0.00,75.80 ,50
03,001,00,003,0301,0,2338,21,2359,3077,0,2,1,2,0,1,0,0.00,76.67 ,50
03,001,00,003,0302,0,2211,25,2236,2900,0,2,1,2,0,1,0,0.00,77.10 ,50
03,001,00,003,0303,0,2586,24,2610,3419,0,2,1,2,0,1,0,0.00,76.34 ,50
03,001,00,003,0304,0,2350,24,2374,3073,0,2,1,2,0,1,0,0.00,77.25 ,50
03,001,00,003,0305,0,1377,12,1389,1836,0,2,1,2,0,1,0,0.00,75.65 ,50
03,001,00,003,0306,0,2634,33,2667,3388,0,2,1,2,0,1,0,0.00,78.72 ,50
03,001,00,003,0307,0,1719,21,1740,2245,0,2,1,2,0,1,0,0.00,77.51 ,50
03,001,00,003,0308,0,1651,16,1667,2119,0,2,1,2,0,1,0,0.00,78.67 ,50
03,001,00,003,0309,0,2052,15,2067,2682,0,2,1,2,0,1,0,0.00,77.07 ,50
03,001,00,003,0310,0,1109,21,1130,1444,0,2,1,2,0,1,0,0.00,78.25 ,50
03,001,00,003,0311,0,2027,15,2042,2664,0,2,1,2,0,1,0,0.00,76.65 ,50
03,001,00,003,0312,0,382,5,387,488,0,2,1,2,0,1,0,0.00,79.30 ,50
03,001,00,003,0313,0,2611,27,2638,3464,0,2,1,2,0,1,0,0.00,76.15 ,50
03,001,00,003,0314,0,1660,17,1677,2025,0,2,1,2,0,1,0,0.00,82.81 ,50
03,001,00,003,0315,0,1984,23,2007,2548,0,2,1,2,0,1,0,0.00,78.77 ,50
03,001,00,003,0316,0,2244,16,2260,2991,0,2,1,2,0,1,0,0.00,75.56 ,50
03,001,00,003,0317,0,1402,19,1421,1950,0,2,1,2,0,1,0,0.00,72.87 ,50
03,001,00,003,0318,0,1668,26,1694,2156,0,2,1,2,0,1,0,0.00,78.57 ,50
03,001,00,003,0319,0,2027,20,2047,2766,0,2,1,2,0,1,0,0.00,74.01 ,50
03,001,00,003,0320,0,3134,34,3168,4096,0,2,1,2,0,1,0,0.00,77.34 ,50
03,001,00,003,0321,0,1972,25,1997,2667,0,2,1,2,0,1,0,0.00,74.88 ,50
03,001,00,003,0322,0,2715,32,2747,3589,0,2,1,2,0,1,0,0.00,76.54 ,50
03,001,00,003,0323,0,2101,15,2116,2800,0,2,1,2,0,1,0,0.00,75.57 ,50
03,001,00,003,0324,0,1381,21,1402,1798,0,2,1,2,0,1,0,0.00,77.98 ,50
03,001,00,003,0325,0,2137,15,2152,2761,0,2,1,2,0,1,0,0.00,77.94 ,50
03,001,00,003,0326,0,2343,24,2367,3041,0,2,1,2,0,1,0,0.00,77.84 ,50
03,001,00,003,0327,0,1815,24,1839,2365,0,2,1,2,0,1,0,0.00,77.76 ,50
03,001,00,003,0328,0,2613,32,2645,3456,0,2,1,2,0,1,0,0.00,76.53 ,50
03,001,00,003,0329,0,2984,34,3018,3863,0,2,1,2,0,1,0,0.00,78.13 ,50
03,001,00,003,0330,0,1931,16,1947,2490,0,2,1,2,0,1,0,0.00,78.19 ,50
03,001,00,003,0331,0,1968,24,1992,2576,0,2,1,2,0,1,0,0.00,77.33 ,50
03,001,00,003,0332,0,1581,19,1600,2077,0,2,1,2,0,1,0,0.00,77.03 ,50
03,001,00,003,0333,0,1155,13,1168,1574,0,2,1,2,0,1,0,0.00,74.21 ,50
03,001,00,003,0334,0,2222,27,2249,2909,0,2,1,2,0,1,0,0.00,77.31 ,50
03,001,00,004,0335,0,1233,11,1244,1653,0,2,1,2,0,1,0,0.00,75.26 ,50
03,001,00,004,0336,0,836,6,842,1126,0,2,1,2,0,1,0,0.00,74.78 ,50
03,001,00,004,0337,0,1569,16,1585,2157,0,2,1,2,0,1,0,0.00,73.48 ,50
03,001,00,004,0338,0,2621,34,2655,3448,0,2,1,2,0,1,0,0.00,77.00 ,50
03,001,00,004,0339,0,2265,31,2296,2947,0,2,1,2,0,1,0,0.00,77.91 ,50
03,001,00,004,0340,0,2532,20,2552,3364,0,2,1,2,0,1,0,0.00,75.86 ,50
03,001,00,004,0341,0,2461,27,2488,3235,0,2,1,2,0,1,0,0.00,76.91 ,50
03,001,00,004,0342,0,969,9,978,1265,0,2,1,2,0,1,0,0.00,77.31 ,50
03,001,00,004,0343,0,2204,11,2215,2912,0,2,1,2,0,1,0,0.00,76.06 ,50
03,001,00,004,0344,0,2392,21,2413,3260,0,2,1,2,0,1,0,0.00,74.02 ,50
03,001,00,004,0345,0,1510,13,1523,2020,0,2,1,2,0,1,0,0.00,75.40 ,50
03,001,00,004,0346,0,2222,22,2244,2978,0,2,1,2,0,1,0,0.00,75.35 ,50
03,001,00,004,0347,0,1949,10,1959,2563,0,2,1,2,0,1,0,0.00,76.43 ,50
03,001,00,004,0348,0,2783,14,2797,3696,0,2,1,2,0,1,0,0.00,75.68 ,50
03,001,00,004,0349,0,2664,18,2682,3388,0,2,1,2,0,1,0,0.00,79.16 ,50
03,001,00,004,0350,0,2421,19,2440,3139,0,2,1,2,0,1,0,0.00,77.73 ,50
03,001,00,004,0351,0,2054,19,2073,2656,0,2,1,2,0,1,0,0.00,78.05 ,50
03,001,00,004,0352,0,2014,20,2034,2632,0,2,1,2,0,1,0,0.00,77.28 ,50
03,001,00,004,0353,0,2556,28,2584,3370,0,2,1,2,0,1,0,0.00,76.68 ,50
03,001,00,004,0354,0,3056,27,3083,3931,0,2,1,2,0,1,0,0.00,78.43 ,50
03,001,00,004,0355,0,2426,19,2445,3083,0,2,1,2,0,1,0,0.00,79.31 ,50
03,001,00,004,0356,0,2879,19,2898,3641,0,2,1,2,0,1,0,0.00,79.59 ,50
03,001,00,004,0357,0,2424,24,2448,3211,0,2,1,2,0,1,0,0.00,76.24 ,50
03,001,00,004,0358,0,1914,12,1926,2466,0,2,1,2,0,1,0,0.00,78.10 ,50
03,001,00,004,0359,0,2237,11,2248,2864,0,2,1,2,0,1,0,0.00,78.49 ,50
03,001,00,004,0360,0,3725,29,3754,4688,0,2,1,2,0,1,0,0.00,80.08 ,50
03,001,00,004,0361,0,2795,31,2826,3580,0,2,1,2,0,1,0,0.00,78.94 ,50
03,001,00,004,0362,0,3611,31,3642,4636,0,2,1,2,0,1,0,0.00,78.56 ,50
03,001,00,004,0363,0,2541,23,2564,3254,0,2,1,2,0,1,0,0.00,78.80 ,50
03,001,00,004,0364,0,1862,14,1876,2431,0,2,1,2,0,1,0,0.00,77.17 ,50
03,001,00,004,0365,0,2469,13,2482,3289,0,2,1,2,0,1,0,0.00,75.46 ,50
03,001,00,004,0366,0,2741,17,2758,3549,0,2,1,2,0,1,0,0.00,77.71 ,50
03,001,00,004,0367,0,2620,31,2651,3516,0,2,1,2,0,1,0,0.00,75.40 ,50
03,001,00,004,0368,0,2160,11,2171,2918,0,2,1,2,0,1,0,0.00,74.40 ,50
03,001,00,004,0369,0,1368,6,1374,1856,0,2,1,2,0,1,0,0.00,74.03 ,50
03,001,00,004,0370,0,3068,27,3095,4035,0,2,1,2,0,1,0,0.00,76.70 ,50
03,001,00,004,0371,0,2451,24,2475,3200,0,2,1,2,0,1,0,0.00,77.34 ,50
03,001,00,004,0372,0,2091,19,2110,2804,0,2,1,2,0,1,0,0.00,75.25 ,50
03,001,00,004,0373,0,2133,23,2156,2676,0,2,1,2,0,1,0,0.00,80.57 ,50
03,001,00,004,0374,0,2132,17,2149,2762,0,2,1,2,0,1,0,0.00,77.81 ,50
03,001,00,004,0375,0,1331,5,1336,1733,0,2,1,2,0,1,0,0.00,77.09 ,50
03,001,00,004,0376,0,2501,29,2530,3355,0,2,1,2,0,1,0,0.00,75.41 ,50
03,001,00,004,0377,0,2586,22,2608,3326,0,2,1,2,0,1,0,0.00,78.41 ,50
03,001,00,004,0378,0,2614,32,2646,3402,0,2,1,2,0,1,0,0.00,77.78 ,50
03,001,00,004,0379,0,3351,32,3383,4392,0,2,1,2,0,1,0,0.00,77.03 ,50
03,001,00,004,0380,0,2224,34,2258,2875,0,2,1,2,0,1,0,0.00,78.54 ,50
03,001,00,004,0381,0,821,20,841,1058,0,2,1,2,0,1,0,0.00,79.49 ,50
03,001,00,004,0382,0,653,10,663,864,0,2,1,2,0,1,0,0.00,76.74 ,50
03,001,00,004,0383,0,763,24,787,1017,0,2,1,2,0,1,0,0.00,77.38 ,50
03,001,00,004,0384,0,595,9,604,788,0,2,1,2,0,1,0,0.00,76.65 ,50
03,001,00,004,0385,0,1983,23,2006,2566,0,2,1,2,0,1,0,0.00,78.18 ,50
03,001,00,004,0386,0,1631,12,1643,2148,0,2,1,2,0,1,0,0.00,76.49 ,50
03,001,00,004,0387,0,1486,18,1504,1919,0,2,1,2,0,1,0,0.00,78.37 ,50
03,001,00,004,0388,0,1109,9,1118,1532,0,2,1,2,0,1,0,0.00,72.98 ,50
03,001,00,004,0389,0,1445,17,1462,1907,0,2,1,2,0,1,0,0.00,76.66 ,50
03,001,00,004,0390,0,1661,17,1678,2151,0,2,1,2,0,1,0,0.00,78.01 ,50
03,001,00,004,0391,0,1428,19,1447,1827,0,2,1,2,0,1,0,0.00,79.20 ,50
03,001,00,004,0392,0,1734,25,1759,2291,0,2,1,2,0,1,0,0.00,76.78 ,50
03,001,00,005,0393,0,3164,28,3192,4119,0,2,1,2,0,1,0,0.00,77.49 ,50
03,001,00,005,0394,0,2390,18,2408,3052,0,2,1,2,0,1,0,0.00,78.90 ,50
03,001,00,005,0395,0,2676,27,2703,3493,0,2,1,2,0,1,0,0.00,77.38 ,50
03,001,00,005,0396,0,1214,10,1224,1470,0,2,1,2,0,1,0,0.00,83.27 ,50
03,001,00,005,0397,0,2445,25,2470,3102,0,2,1,2,0,1,0,0.00,79.63 ,50
03,001,00,005,0398,0,2248,11,2259,2877,0,2,1,2,0,1,0,0.00,78.52 ,50
03,001,00,005,0399,0,2101,20,2121,2710,0,2,1,2,0,1,0,0.00,78.27 ,50
03,001,00,005,0400,0,1170,16,1186,1467,0,2,1,2,0,1,0,0.00,80.85 ,50
03,001,00,005,0401,0,825,9,834,1076,0,2,1,2,0,1,0,0.00,77.51 ,50
03,001,00,005,0402,0,2686,22,2708,3417,0,2,1,2,0,1,0,0.00,79.25 ,50
03,001,00,005,0403,0,1981,17,1998,2576,0,2,1,2,0,1,0,0.00,77.56 ,50
03,001,00,005,0404,0,2660,21,2681,3541,0,2,1,2,0,1,0,0.00,75.71 ,50
03,001,00,005,0405,0,2699,28,2727,3594,0,2,1,2,0,1,0,0.00,75.88 ,50
03,001,00,005,0406,0,1757,20,1777,2400,0,2,1,2,0,1,0,0.00,74.04 ,50
03,001,00,005,0407,0,1680,24,1704,2277,0,2,1,2,0,1,0,0.00,74.84 ,50
03,001,00,005,0408,0,1814,22,1836,2430,0,2,1,2,0,1,0,0.00,75.56 ,50
03,001,00,005,0409,0,2448,28,2476,3240,0,2,1,2,0,1,0,0.00,76.42 ,50
03,001,00,005,0410,0,2460,25,2485,3286,0,2,1,2,0,1,0,0.00,75.62 ,50
03,001,00,005,0411,0,2487,33,2520,3426,0,2,1,2,0,1,0,0.00,73.56 ,50
03,001,00,005,0412,0,1703,7,1710,2258,0,2,1,2,0,1,0,0.00,75.73 ,50
03,001,00,005,0413,0,2212,22,2234,2946,0,2,1,2,0,1,0,0.00,75.83 ,50
03,001,00,005,0414,0,1133,13,1146,1496,0,2,1,2,0,1,0,0.00,76.60 ,50
03,001,00,005,0415,0,1525,18,1543,2012,0,2,1,2,0,1,0,0.00,76.69 ,50
03,001,00,005,0416,0,2300,29,2329,2984,0,2,1,2,0,1,0,0.00,78.05 ,50
03,001,00,005,0417,0,2679,32,2711,3498,0,2,1,2,0,1,0,0.00,77.50 ,50
03,001,00,005,0418,0,2579,21,2600,3378,0,2,1,2,0,1,0,0.00,76.97 ,50
03,001,00,005,0419,0,1222,10,1232,1601,0,2,1,2,0,1,0,0.00,76.95 ,50
03,001,00,005,0420,0,3066,28,3094,4000,0,2,1,2,0,1,0,0.00,77.35 ,50
03,001,00,005,0421,0,879,16,895,1141,0,2,1,2,0,1,0,0.00,78.44 ,50
03,001,00,005,0422,0,1266,12,1278,1726,0,2,1,2,0,1,0,0.00,74.04 ,50
03,001,00,005,0423,0,2685,37,2722,3556,0,2,1,2,0,1,0,0.00,76.55 ,50
03,001,00,005,0424,0,3283,40,3323,4355,0,2,1,2,0,1,0,0.00,76.30 ,50
03,001,00,005,0425,0,2676,15,2691,3628,0,2,1,2,0,1,0,0.00,74.17 ,50
03,001,00,005,0426,0,1245,17,1262,1676,0,2,1,2,0,1,0,0.00,75.30 ,50
03,001,00,005,0427,0,2922,29,2951,3847,0,2,1,2,0,1,0,0.00,76.71 ,50
03,001,00,005,0428,0,1413,18,1431,1835,0,2,1,2,0,1,0,0.00,77.98 ,50
03,001,00,005,0429,0,1859,21,1880,2490,0,2,1,2,0,1,0,0.00,75.50 ,50
03,001,00,005,0430,0,2593,31,2624,3528,0,2,1,2,0,1,0,0.00,74.38 ,50
03,001,00,005,0431,0,2184,19,2203,2851,0,2,1,2,0,1,0,0.00,77.27 ,50
03,001,00,005,0432,0,3140,25,3165,4152,0,2,1,2,0,1,0,0.00,76.23 ,50
03,001,00,005,0433,0,2215,26,2241,3015,0,2,1,2,0,1,0,0.00,74.33 ,50
03,001,00,005,0434,0,2059,24,2083,2680,0,2,1,2,0,1,0,0.00,77.72 ,50
03,001,00,005,0435,0,1505,6,1511,1950,0,2,1,2,0,1,0,0.00,77.49 ,50
03,001,00,005,0436,0,2661,18,2679,3406,0,2,1,2,0,1,0,0.00,78.66 ,50
03,001,00,005,0437,0,3034,31,3065,4117,0,2,1,2,0,1,0,0.00,74.45 ,50
03,001,00,005,0438,0,1122,18,1140,1437,0,2,1,2,0,1,0,0.00,79.33 ,50
03,001,00,005,0439,0,1485,17,1502,2165,0,2,1,2,0,1,0,0.00,69.38 ,50
03,001,00,005,0440,0,1495,15,1510,1930,0,2,1,2,0,1,0,0.00,78.24 ,50
03,001,00,005,0441,0,2835,33,2868,3801,0,2,1,2,0,1,0,0.00,75.45 ,50
03,001,00,005,0442,0,3264,31,3295,4282,0,2,1,2,0,1,0,0.00,76.95 ,50
03,001,00,005,0443,0,2292,20,2312,3089,0,2,1,2,0,1,0,0.00,74.85 ,50
03,001,00,005,0444,0,3393,29,3422,4469,0,2,1,2,0,1,0,0.00,76.57 ,50
03,001,00,005,0445,0,2391,18,2409,3086,0,2,1,2,0,1,0,0.00,78.06 ,50
03,001,00,005,0446,0,2653,21,2674,3620,0,2,1,2,0,1,0,0.00,73.87 ,50
03,001,00,005,0447,0,2891,26,2917,3892,0,2,1,2,0,1,0,0.00,74.95 ,50
03,001,00,005,0448,0,1211,4,1215,1584,0,2,1,2,0,1,0,0.00,76.70 ,50
03,001,00,005,0449,0,2139,12,2151,2876,0,2,1,2,0,1,0,0.00,74.79 ,50
03,001,00,005,0450,0,2306,26,2332,3221,0,2,1,2,0,1,0,0.00,72.40 ,50
03,001,00,005,0451,0,3830,34,3864,5141,0,2,1,2,0,1,0,0.00,75.16 ,50
03,001,00,005,0452,0,1719,16,1735,2283,0,2,1,2,0,1,0,0.00,76.00 ,50
03,001,00,005,0453,0,1353,10,1363,1689,0,2,1,2,0,1,0,0.00,80.70 ,50
03,001,00,005,0454,0,1651,16,1667,2165,0,2,1,2,0,1,0,0.00,77.00 ,50
03,001,00,005,0455,0,1785,25,1810,2458,0,2,1,2,0,1,0,0.00,73.64 ,50
03,001,00,005,0456,0,2877,36,2913,3946,0,2,1,2,0,1,0,0.00,73.82 ,50
03,001,00,005,0457,0,3182,39,3221,4227,0,2,1,2,0,1,0,0.00,76.20 ,50
03,001,00,005,0458,0,1749,28,1777,2377,0,2,1,2,0,1,0,0.00,74.76 ,50
03,001,00,005,0459,0,1552,20,1572,2102,0,2,1,2,0,1,0,0.00,74.79 ,50
03,001,00,005,0460,0,1998,23,2021,2878,0,2,1,2,0,1,0,0.00,70.22 ,50
03,001,00,005,0461,0,3648,43,3691,4905,0,2,1,2,0,1,0,0.00,75.25 ,50
03,001,00,005,0462,0,2638,15,2653,3529,0,2,1,2,0,1,0,0.00,75.18 ,50
03,001,00,006,0463,0,1025,14,1039,1350,0,2,1,2,0,1,0,0.00,76.96 ,50
03,001,00,006,0464,0,825,6,831,1132,0,2,1,2,0,1,0,0.00,73.41 ,50
03,001,00,006,0465,0,1439,12,1451,1984,0,2,1,2,0,1,0,0.00,73.14 ,50
03,001,00,006,0466,0,883,3,886,1280,0,2,1,2,0,1,0,0.00,69.22 ,50
03,001,00,006,0467,0,668,8,676,889,0,2,1,2,0,1,0,0.00,76.04 ,50
03,001,00,006,0468,0,1667,18,1685,2172,0,2,1,2,0,1,0,0.00,77.58 ,50
03,001,00,006,0469,0,3002,16,3018,3942,0,2,1,2,0,1,0,0.00,76.56 ,50
03,001,00,006,0470,0,3021,25,3046,3939,0,2,1,2,0,1,0,0.00,77.33 ,50
03,001,00,006,0471,0,1883,12,1895,2526,0,2,1,2,0,1,0,0.00,75.02 ,50
03,001,00,006,0472,0,3974,39,4013,5370,0,2,1,2,0,1,0,0.00,74.73 ,50
03,001,00,006,0473,0,4613,41,4654,6154,0,2,1,2,0,1,0,0.00,75.63 ,50
03,001,00,006,0474,0,2265,21,2286,3099,0,2,1,2,0,1,0,0.00,73.77 ,50
03,001,00,006,0475,0,1602,11,1613,2161,0,2,1,2,0,1,0,0.00,74.64 ,50
03,001,00,006,0476,0,4167,22,4189,5563,0,2,1,2,0,1,0,0.00,75.30 ,50
03,001,00,006,0477,0,2671,17,2688,3567,0,2,1,2,0,1,0,0.00,75.36 ,50
03,001,00,006,0478,0,3748,35,3783,5101,0,2,1,2,0,1,0,0.00,74.16 ,50
03,001,00,006,0479,0,2702,20,2722,3597,0,2,1,2,0,1,0,0.00,75.67 ,50
03,001,00,006,0480,0,1764,18,1782,2417,0,2,1,2,0,1,0,0.00,73.73 ,50
03,001,00,006,0481,0,2438,18,2456,3287,0,2,1,2,0,1,0,0.00,74.72 ,50
03,001,00,006,0482,0,1919,11,1930,2519,0,2,1,2,0,1,0,0.00,76.62 ,50
03,001,00,006,0483,0,2147,11,2158,2935,0,2,1,2,0,1,0,0.00,73.53 ,50
03,001,00,006,0484,0,915,14,929,1358,0,2,1,2,0,1,0,0.00,68.41 ,50
03,001,00,006,0485,0,676,8,684,886,0,2,1,2,0,1,0,0.00,77.20 ,50
03,001,00,006,0486,0,1779,15,1794,2492,0,2,1,2,0,1,0,0.00,71.99 ,50
03,001,00,006,0487,0,2453,20,2473,3336,0,2,1,2,0,1,0,0.00,74.13 ,50
03,001,00,006,0488,0,2636,17,2653,3434,0,2,1,2,0,1,0,0.00,77.26 ,50
03,001,00,006,0489,0,2272,18,2290,2935,0,2,1,2,0,1,0,0.00,78.02 ,50
03,001,00,006,0490,0,2496,22,2518,3235,0,2,1,2,0,1,0,0.00,77.84 ,50
03,001,00,006,0491,0,4365,45,4410,5961,0,2,1,2,0,1,0,0.00,73.98 ,50
03,001,00,006,0492,0,2392,16,2408,3184,0,2,1,2,0,1,0,0.00,75.63 ,50
03,001,00,006,0493,0,2847,28,2875,3819,0,2,1,2,0,1,0,0.00,75.28 ,50
03,001,00,006,0494,0,3188,18,3206,4347,0,2,1,2,0,1,0,0.00,73.75 ,50
03,001,00,006,0495,0,3221,31,3252,4297,0,2,1,2,0,1,0,0.00,75.68 ,50
03,001,00,006,0496,0,1527,22,1549,2014,0,2,1,2,0,1,0,0.00,76.91 ,50
03,001,00,006,0497,0,322,1,323,491,0,2,1,2,0,1,0,0.00,65.78 ,50
03,001,00,006,0498,0,3068,32,3100,4106,0,2,1,2,0,1,0,0.00,75.50 ,50
03,001,00,006,0499,0,1005,21,1026,1520,0,2,1,2,0,1,0,0.00,67.50 ,50
03,001,00,006,0500,0,1170,37,1207,1701,0,2,1,2,0,1,0,0.00,70.96 ,50
03,001,00,006,0501,0,2639,30,2669,3477,0,2,1,2,0,1,0,0.00,76.76 ,50
03,001,00,006,0502,0,2586,22,2608,3492,0,2,1,2,0,1,0,0.00,74.68 ,50
03,001,00,006,0503,0,5924,84,6008,7972,0,2,1,2,0,1,0,0.00,75.36 ,50
03,001,00,006,0504,0,4758,49,4807,6346,0,2,1,2,0,1,0,0.00,75.75 ,50
03,001,00,006,0505,0,2734,26,2760,3606,0,2,1,2,0,1,0,0.00,76.54 ,50
03,001,00,006,0506,0,3687,28,3715,4854,0,2,1,2,0,1,0,0.00,76.53 ,50
03,001,00,006,0507,0,4267,33,4300,5796,0,2,1,2,0,1,0,0.00,74.19 ,50
03,001,00,006,0508,0,2851,42,2893,3817,0,2,1,2,0,1,0,0.00,75.79 ,50
03,001,00,006,0509,0,2808,24,2832,3761,0,2,1,2,0,1,0,0.00,75.30 ,50
03,001,00,006,0510,0,2344,13,2357,3182,0,2,1,2,0,1,0,0.00,74.07 ,50
03,001,00,006,0511,0,784,7,791,1092,0,2,1,2,0,1,0,0.00,72.44 ,50
03,001,00,006,0512,0,2068,15,2083,2762,0,2,1,2,0,1,0,0.00,75.42 ,50
03,001,00,006,0513,0,2361,29,2390,3141,0,2,1,2,0,1,0,0.00,76.09 ,50
03,001,00,006,0514,0,1386,15,1401,1931,0,2,1,2,0,1,0,0.00,72.55 ,50
03,001,00,006,0515,0,556,8,564,795,0,2,1,2,0,1,0,0.00,70.94 ,50
03,001,00,006,0516,0,1387,18,1405,2003,0,2,1,2,0,1,0,0.00,70.14 ,50
03,001,00,006,0517,0,1594,25,1619,2100,0,2,1,2,0,1,0,0.00,77.10 ,50
03,001,00,006,0518,0,1000,20,1020,1382,0,2,1,2,0,1,0,0.00,73.81 ,50
03,001,00,006,0519,0,784,9,793,1041,0,2,1,2,0,1,0,0.00,76.18 ,50
03,001,00,006,0520,0,410,3,413,593,0,2,1,2,0,1,0,0.00,69.65 ,50
03,001,00,007,0521,0,3025,18,3043,3840,0,2,1,2,0,1,0,0.00,79.24 ,50
03,001,00,007,0522,0,2003,19,2022,2636,0,2,1,2,0,1,0,0.00,76.71 ,50
03,001,00,007,0523,0,2573,20,2593,3375,0,2,1,2,0,1,0,0.00,76.83 ,50
03,001,00,007,0524,0,2704,25,2729,3607,0,2,1,2,0,1,0,0.00,75.66 ,50
03,001,00,007,0525,0,2241,27,2268,2866,0,2,1,2,0,1,0,0.00,79.13 ,50
03,001,00,007,0526,0,2506,30,2536,3460,0,2,1,2,0,1,0,0.00,73.29 ,50
03,001,00,007,0527,0,1711,22,1733,2277,0,2,1,2,0,1,0,0.00,76.11 ,50
03,001,00,007,0528,0,1436,16,1452,1898,0,2,1,2,0,1,0,0.00,76.50 ,50
03,001,00,007,0529,0,1469,13,1482,1919,0,2,1,2,0,1,0,0.00,77.23 ,50
03,001,00,007,0530,0,2276,21,2297,2894,0,2,1,2,0,1,0,0.00,79.37 ,50
03,001,00,007,0531,0,1517,18,1535,1980,0,2,1,2,0,1,0,0.00,77.53 ,50
03,001,00,007,0532,0,693,3,696,882,0,2,1,2,0,1,0,0.00,78.91 ,50
03,001,00,007,0533,0,851,7,858,1048,0,2,1,2,0,1,0,0.00,81.87 ,50
03,001,00,007,0534,0,1400,20,1420,1777,0,2,1,2,0,1,0,0.00,79.91 ,50
03,001,00,007,0535,0,2031,22,2053,2547,0,2,1,2,0,1,0,0.00,80.60 ,50
03,001,00,007,0536,0,2764,23,2787,3417,0,2,1,2,0,1,0,0.00,81.56 ,50
03,001,00,007,0537,0,1556,11,1567,1979,0,2,1,2,0,1,0,0.00,79.18 ,50
03,001,00,007,0538,0,2066,18,2084,2566,0,2,1,2,0,1,0,0.00,81.22 ,50
03,001,00,007,0539,0,1716,13,1729,2177,0,2,1,2,0,1,0,0.00,79.42 ,50
03,001,00,007,0540,0,1942,8,1950,2512,0,2,1,2,0,1,0,0.00,77.63 ,50
03,001,00,007,0541,0,821,10,831,1050,0,2,1,2,0,1,0,0.00,79.14 ,50
03,001,00,007,0542,0,3033,42,3075,4061,0,2,1,2,0,1,0,0.00,75.72 ,50
03,001,00,007,0543,0,2175,21,2196,2755,0,2,1,2,0,1,0,0.00,79.71 ,50
03,001,00,007,0544,0,2414,35,2449,3223,0,2,1,2,0,1,0,0.00,75.99 ,50
03,001,00,007,0545,0,1702,17,1719,2316,0,2,1,2,0,1,0,0.00,74.22 ,50
03,001,00,007,0546,0,1902,26,1928,2498,0,2,1,2,0,1,0,0.00,77.18 ,50
03,001,00,007,0547,0,1877,17,1894,2400,0,2,1,2,0,1,0,0.00,78.92 ,50
03,001,00,007,0548,0,2227,29,2256,2941,0,2,1,2,0,1,0,0.00,76.71 ,50
03,001,00,007,0549,0,1530,18,1548,1972,0,2,1,2,0,1,0,0.00,78.50 ,50
03,001,00,007,0550,0,1390,24,1414,1876,0,2,1,2,0,1,0,0.00,75.37 ,50
03,001,00,007,0551,0,1974,23,1997,2564,0,2,1,2,0,1,0,0.00,77.89 ,50
03,001,00,007,0552,0,832,10,842,1061,0,2,1,2,0,1,0,0.00,79.36 ,50
03,001,00,007,0553,0,847,6,853,1048,0,2,1,2,0,1,0,0.00,81.39 ,50
03,001,00,007,0554,0,895,5,900,1112,0,2,1,2,0,1,0,0.00,80.94 ,50
03,001,00,007,0555,0,873,9,882,1095,0,2,1,2,0,1,0,0.00,80.55 ,50
03,001,00,007,0556,0,603,4,607,749,0,2,1,2,0,1,0,0.00,81.04 ,50
03,001,00,007,0557,0,816,11,827,1067,0,2,1,2,0,1,0,0.00,77.51 ,50
03,001,00,008,0558,0,341,4,345,441,0,2,1,2,0,1,0,0.00,78.23 ,50
03,001,00,008,0559,0,576,3,579,760,0,2,1,2,0,1,0,0.00,76.18 ,50
03,001,00,008,0560,0,1023,7,1030,1259,0,2,1,2,0,1,0,0.00,81.81 ,50
03,001,00,008,0561,0,1296,8,1304,1602,0,2,1,2,0,1,0,0.00,81.40 ,50
03,001,00,008,0562,0,627,9,636,770,0,2,1,2,0,1,0,0.00,82.60 ,50
03,001,00,008,0563,0,2613,23,2636,3298,0,2,1,2,0,1,0,0.00,79.93 ,50
03,001,00,008,0564,0,2163,30,2193,2865,0,2,1,2,0,1,0,0.00,76.54 ,50
03,001,00,008,0565,0,1915,17,1932,2336,0,2,1,2,0,1,0,0.00,82.71 ,50
03,001,00,008,0566,0,2039,17,2056,2500,0,2,1,2,0,1,0,0.00,82.24 ,50
03,001,00,008,0567,0,2682,37,2719,3389,0,2,1,2,0,1,0,0.00,80.23 ,50
03,001,00,008,0568,0,546,5,551,673,0,2,1,2,0,1,0,0.00,81.87 ,50
03,001,00,008,0569,0,840,5,845,1030,0,2,1,2,0,1,0,0.00,82.04 ,50
03,001,00,008,0570,0,3269,40,3309,4219,0,2,1,2,0,1,0,0.00,78.43 ,50
03,001,00,008,0571,0,2291,33,2324,2943,0,2,1,2,0,1,0,0.00,78.97 ,50
03,001,00,008,0572,0,2058,44,2102,2651,0,2,1,2,0,1,0,0.00,79.29 ,50
03,001,00,008,0573,0,2165,37,2202,2943,0,2,1,2,0,1,0,0.00,74.82 ,50
03,001,00,008,0574,0,2150,26,2176,2855,0,2,1,2,0,1,0,0.00,76.22 ,50
03,001,00,008,0575,0,2790,35,2825,3661,0,2,1,2,0,1,0,0.00,77.16 ,50
03,001,00,008,0576,0,2845,36,2881,3717,0,2,1,2,0,1,0,0.00,77.51 ,50
03,001,00,008,0577,0,200,4,204,264,0,2,1,2,0,1,0,0.00,77.27 ,50
03,001,00,009,0578,0,338,3,341,414,0,2,1,2,0,1,0,0.00,82.37 ,50
03,001,00,009,0579,0,373,3,376,458,0,2,1,2,0,1,0,0.00,82.10 ,50
03,001,00,009,0580,0,1426,33,1459,1873,0,2,1,2,0,1,0,0.00,77.90 ,50
03,001,00,009,0581,0,570,9,579,734,0,2,1,2,0,1,0,0.00,78.88 ,50
03,001,00,009,0582,0,645,6,651,832,0,2,1,2,0,1,0,0.00,78.25 ,50
03,001,00,009,0583,0,2684,21,2705,3432,0,2,1,2,0,1,0,0.00,78.82 ,50
03,001,00,009,0584,0,1720,27,1747,2378,0,2,1,2,0,1,0,0.00,73.47 ,50
03,001,00,009,0585,0,1258,14,1272,1650,0,2,1,2,0,1,0,0.00,77.09 ,50
03,001,00,009,0586,0,1662,19,1681,2246,0,2,1,2,0,1,0,0.00,74.84 ,50
03,001,00,009,0587,0,2033,27,2060,2719,0,2,1,2,0,1,0,0.00,75.76 ,50
03,001,00,009,0588,0,3241,38,3279,4369,0,2,1,2,0,1,0,0.00,75.05 ,50
03,001,00,009,0589,0,3363,45,3408,4501,0,2,1,2,0,1,0,0.00,75.72 ,50
03,001,00,009,0590,0,3497,45,3542,4729,0,2,1,2,0,1,0,0.00,74.90 ,50
03,001,00,009,0591,0,2069,30,2099,2731,0,2,1,2,0,1,0,0.00,76.86 ,50
03,001,00,009,0592,0,640,8,648,835,0,2,1,2,0,1,0,0.00,77.60 ,50
03,001,00,009,0593,0,696,7,703,936,0,2,1,2,0,1,0,0.00,75.11 ,50
03,001,00,009,0594,0,364,5,369,473,0,2,1,2,0,1,0,0.00,78.01 ,50
03,001,00,009,0595,0,634,13,647,870,0,2,1,2,0,1,0,0.00,74.37 ,50
03,001,00,009,0596,0,595,4,599,841,0,2,1,2,0,1,0,0.00,71.22 ,50
03,001,00,009,0597,0,883,8,891,1121,0,2,1,2,0,1,0,0.00,79.48 ,50
03,001,00,009,0598,0,1363,17,1380,1743,0,2,1,2,0,1,0,0.00,79.17 ,50
03,001,00,009,0599,0,1686,19,1705,2225,0,2,1,2,0,1,0,0.00,76.63 ,50
03,001,00,009,0600,0,656,15,671,819,0,2,1,2,0,1,0,0.00,81.93 ,50
03,001,00,009,0601,0,965,10,975,1312,0,2,1,2,0,1,0,0.00,74.31 ,50
03,001,00,009,0602,0,1137,16,1153,1576,0,2,1,2,0,1,0,0.00,73.16 ,50
03,001,00,010,0603,0,504,4,508,604,0,2,1,2,0,1,0,0.00,84.11 ,50
03,001,00,010,0604,0,791,11,802,933,0,2,1,2,0,1,0,0.00,85.96 ,50
03,001,00,010,0605,0,1015,11,1026,1214,0,2,1,2,0,1,0,0.00,84.51 ,50
03,001,00,010,0606,0,1083,9,1092,1333,0,2,1,2,0,1,0,0.00,81.92 ,50
03,001,00,010,0607,0,500,2,502,639,0,2,1,2,0,1,0,0.00,78.56 ,50
03,001,00,010,0608,0,1778,25,1803,2282,0,2,1,2,0,1,0,0.00,79.01 ,50
03,001,00,010,0609,0,604,8,612,717,0,2,1,2,0,1,0,0.00,85.36 ,50
03,001,00,010,0610,0,1031,6,1037,1262,0,2,1,2,0,1,0,0.00,82.17 ,50
03,001,00,010,0611,0,912,7,919,1112,0,2,1,2,0,1,0,0.00,82.64 ,50
03,001,00,010,0612,0,5597,40,5637,7028,0,2,1,2,0,1,0,0.00,80.21 ,50
03,001,00,010,0613,0,4038,38,4076,5129,0,2,1,2,0,1,0,0.00,79.47 ,50
03,001,00,010,0614,0,1099,11,1110,1359,0,2,1,2,0,1,0,0.00,81.68 ,50
03,001,00,010,0615,0,1147,19,1166,1495,0,2,1,2,0,1,0,0.00,77.99 ,50
03,001,00,010,0616,0,736,4,740,906,0,2,1,2,0,1,0,0.00,81.68 ,50
03,001,00,010,0617,0,505,7,512,667,0,2,1,2,0,1,0,0.00,76.76 ,50
03,001,00,010,0618,0,598,4,602,773,0,2,1,2,0,1,0,0.00,77.88 ,50
03,001,00,010,0619,0,2768,21,2789,3673,0,2,1,2,0,1,0,0.00,75.93 ,50
03,001,00,010,0620,0,2865,19,2884,3716,0,2,1,2,0,1,0,0.00,77.61 ,50
03,001,00,010,0621,0,2405,22,2427,3075,0,2,1,2,0,1,0,0.00,78.93 ,50
03,001,00,010,0622,0,700,12,712,898,0,2,1,2,0,1,0,0.00,79.29 ,50
03,001,00,010,0623,0,1346,15,1361,1855,0,2,1,2,0,1,0,0.00,73.37 ,50
03,001,00,010,0624,0,5612,48,5660,7216,0,2,1,2,0,1,0,0.00,78.44 ,50
03,001,00,010,0625,0,2865,35,2900,3744,0,2,1,2,0,1,0,0.00,77.46 ,50
03,001,00,010,0626,0,1329,9,1338,1668,0,2,1,2,0,1,0,0.00,80.22 ,50
03,001,00,010,0627,0,796,7,803,998,0,2,1,2,0,1,0,0.00,80.46 ,50
03,001,00,010,0628,0,710,7,717,845,0,2,1,2,0,1,0,0.00,84.85 ,50
03,001,00,010,0629,0,1052,16,1068,1378,0,2,1,2,0,1,0,0.00,77.50 ,50
03,001,00,010,0630,0,603,7,610,743,0,2,1,2,0,1,0,0.00,82.10 ,50
03,001,00,010,0631,0,614,5,619,775,0,2,1,2,0,1,0,0.00,79.87 ,50
03,001,00,010,0632,0,458,3,461,574,0,2,1,2,0,1,0,0.00,80.31 ,50
03,001,00,010,0633,0,843,10,853,1106,0,2,1,2,0,1,0,0.00,77.12 ,50
03,001,00,010,0634,0,2174,36,2210,2769,0,2,1,2,0,1,0,0.00,79.81 ,50
03,001,00,010,0635,0,2468,23,2491,3156,0,2,1,2,0,1,0,0.00,78.93 ,50
03,001,00,011,0636,0,1022,4,1026,1272,0,2,1,2,0,1,0,0.00,80.66 ,50
03,001,00,011,0637,0,940,13,953,1263,0,2,1,2,0,1,0,0.00,75.46 ,50
03,001,00,011,0638,0,732,7,739,983,0,2,1,2,0,1,0,0.00,75.18 ,50
03,001,00,011,0639,0,2428,15,2443,3191,0,2,1,2,0,1,0,0.00,76.56 ,50
03,001,00,011,0640,0,448,3,451,588,0,2,1,2,0,1,0,0.00,76.70 ,50
03,001,00,011,0641,0,3453,21,3474,4489,0,2,1,2,0,1,0,0.00,77.39 ,50
03,001,00,011,0642,0,3278,25,3303,4280,0,2,1,2,0,1,0,0.00,77.17 ,50
03,001,00,011,0643,0,1622,14,1636,2054,0,2,1,2,0,1,0,0.00,79.65 ,50
03,001,00,011,0644,0,1876,24,1900,2410,0,2,1,2,0,1,0,0.00,78.84 ,50
03,001,00,011,0645,0,1746,14,1760,2246,0,2,1,2,0,1,0,0.00,78.36 ,50
03,001,00,011,0646,0,1246,13,1259,1683,0,2,1,2,0,1,0,0.00,74.81 ,50
03,001,00,011,0647,0,3401,38,3439,4584,0,2,1,2,0,1,0,0.00,75.02 ,50
03,001,00,011,0648,0,1843,12,1855,2380,0,2,1,2,0,1,0,0.00,77.94 ,50
03,001,00,011,0649,0,1039,14,1053,1375,0,2,1,2,0,1,0,0.00,76.58 ,50
03,001,00,011,0650,0,899,7,906,1189,0,2,1,2,0,1,0,0.00,76.20 ,50
03,001,00,011,0651,0,322,3,325,418,0,2,1,2,0,1,0,0.00,77.75 ,50
03,001,00,011,0652,0,1845,24,1869,2408,0,2,1,2,0,1,0,0.00,77.62 ,50
03,001,00,011,0653,0,1090,14,1104,1444,0,2,1,2,0,1,0,0.00,76.45 ,50
03,001,00,011,0654,0,2562,33,2595,3315,0,2,1,2,0,1,0,0.00,78.28 ,50
03,001,00,011,0655,0,1810,17,1827,2490,0,2,1,2,0,1,0,0.00,73.37 ,50
03,001,00,011,0656,0,851,5,856,1164,0,2,1,2,0,1,0,0.00,73.54 ,50
03,001,00,011,0657,0,1205,16,1221,1612,0,2,1,2,0,1,0,0.00,75.74 ,50
03,001,00,011,0658,0,3473,36,3509,4564,0,2,1,2,0,1,0,0.00,76.88 ,50
03,001,00,011,0659,0,1188,15,1203,1579,0,2,1,2,0,1,0,0.00,76.19 ,50
03,001,00,011,0660,0,2268,31,2299,3012,0,2,1,2,0,1,0,0.00,76.33 ,50
03,001,00,011,0661,0,1855,22,1877,2505,0,2,1,2,0,1,0,0.00,74.93 ,50
03,001,00,011,0662,0,4749,51,4800,6345,0,2,1,2,0,1,0,0.00,75.65 ,50
03,001,00,011,0663,0,2630,15,2645,3472,0,2,1,2,0,1,0,0.00,76.18 ,50
03,001,00,011,0664,0,4510,38,4548,5991,0,2,1,2,0,1,0,0.00,75.91 ,50
03,001,00,011,0665,0,3030,42,3072,3914,0,2,1,2,0,1,0,0.00,78.49 ,50
03,001,00,011,0666,0,1661,14,1675,2141,0,2,1,2,0,1,0,0.00,78.23 ,50
03,001,00,011,0667,0,2417,20,2437,3165,0,2,1,2,0,1,0,0.00,77.00 ,50
03,001,00,012,0668,0,676,4,680,847,0,2,1,2,0,1,0,0.00,80.28 ,50
03,001,00,012,0669,0,1300,4,1304,1646,0,2,1,2,0,1,0,0.00,79.22 ,50
03,001,00,012,0670,0,1132,9,1141,1492,0,2,1,2,0,1,0,0.00,76.47 ,50
03,001,00,012,0671,0,503,5,508,669,0,2,1,2,0,1,0,0.00,75.93 ,50
03,001,00,012,0672,0,1177,15,1192,1621,0,2,1,2,0,1,0,0.00,73.53 ,50
03,001,00,012,0673,0,970,14,984,1342,0,2,1,2,0,1,0,0.00,73.32 ,50
03,001,00,012,0674,0,4382,39,4421,5875,0,2,1,2,0,1,0,0.00,75.25 ,50
03,001,00,012,0675,0,1610,11,1621,2183,0,2,1,2,0,1,0,0.00,74.26 ,50
03,001,00,012,0676,0,962,10,972,1256,0,2,1,2,0,1,0,0.00,77.39 ,50
03,001,00,012,0677,0,229,2,231,329,0,2,1,2,0,1,0,0.00,70.21 ,50
03,001,00,012,0678,0,444,2,446,624,0,2,1,2,0,1,0,0.00,71.47 ,50
03,001,00,012,0679,0,281,3,284,402,0,2,1,2,0,1,0,0.00,70.65 ,50
03,001,00,012,0680,0,123,1,124,165,0,2,1,2,0,1,0,0.00,75.15 ,50
03,001,00,012,0681,0,1327,14,1341,1782,0,2,1,2,0,1,0,0.00,75.25 ,50
03,001,00,012,0682,0,2255,30,2285,3050,0,2,1,2,0,1,0,0.00,74.92 ,50
03,001,00,012,0683,0,1063,14,1077,1408,0,2,1,2,0,1,0,0.00,76.49 ,50
03,001,00,012,0684,0,1432,16,1448,1970,0,2,1,2,0,1,0,0.00,73.50 ,50
03,001,00,012,0685,0,430,1,431,637,0,2,1,2,0,1,0,0.00,67.66 ,50
03,001,00,012,0686,0,467,0,467,708,0,2,1,2,0,1,0,0.00,65.96 ,50
03,001,00,012,0687,0,344,5,349,542,0,2,1,2,0,1,0,0.00,64.39 ,50
03,001,00,012,0688,0,210,2,212,313,0,2,1,2,0,1,0,0.00,67.73 ,50
03,001,00,012,0689,0,326,2,328,479,0,2,1,2,0,1,0,0.00,68.48 ,50
03,001,00,012,0690,0,253,3,256,356,0,2,1,2,0,1,0,0.00,71.91 ,50
03,001,00,012,0691,0,228,1,229,328,0,2,1,2,0,1,0,0.00,69.82 ,50
03,001,00,012,0692,0,368,1,369,531,0,2,1,2,0,1,0,0.00,69.49 ,50
03,001,00,012,0693,0,372,5,377,538,0,2,1,2,0,1,0,0.00,70.07 ,50
03,001,00,012,0694,0,583,2,585,790,0,2,1,2,0,1,0,0.00,74.05 ,50
03,001,00,012,0695,0,248,2,250,387,0,2,1,2,0,1,0,0.00,64.60 ,50
03,001,00,012,0696,0,147,1,148,206,0,2,1,2,0,1,0,0.00,71.84 ,50
03,001,00,012,0697,0,370,0,370,542,0,2,1,2,0,1,0,0.00,68.27 ,50
03,001,00,012,0698,0,748,7,755,1070,0,2,1,2,0,1,0,0.00,70.56 ,50
03,001,00,012,0699,0,1418,21,1439,1972,0,2,1,2,0,1,0,0.00,72.97 ,50
03,001,00,012,0700,0,812,7,819,1151,0,2,1,2,0,1,0,0.00,71.16 ,50
03,001,00,013,0701,0,845,9,854,1103,0,2,1,2,0,1,0,0.00,77.43 ,50
03,001,00,013,0702,0,922,10,932,1176,0,2,1,2,0,1,0,0.00,79.25 ,50
03,001,00,013,0703,0,2243,36,2279,3013,0,2,1,2,0,1,0,0.00,75.64 ,50
03,001,00,013,0704,0,1675,28,1703,2287,0,2,1,2,0,1,0,0.00,74.46 ,50
03,001,00,013,0705,0,1506,23,1529,2004,0,2,1,2,0,1,0,0.00,76.30 ,50
03,001,00,013,0706,0,3004,41,3045,4138,0,2,1,2,0,1,0,0.00,73.59 ,50
03,001,00,013,0707,0,1970,27,1997,2600,0,2,1,2,0,1,0,0.00,76.81 ,50
03,001,00,013,0708,0,2508,21,2529,3401,0,2,1,2,0,1,0,0.00,74.36 ,50
03,001,00,013,0709,0,1364,19,1383,1814,0,2,1,2,0,1,0,0.00,76.24 ,50
03,001,00,013,0710,0,1057,12,1069,1329,0,2,1,2,0,1,0,0.00,80.44 ,50
03,001,00,013,0711,0,652,6,658,817,0,2,1,2,0,1,0,0.00,80.54 ,50
03,001,00,013,0712,0,1927,21,1948,2450,0,2,1,2,0,1,0,0.00,79.51 ,50
03,001,00,013,0713,0,2582,29,2611,3467,0,2,1,2,0,1,0,0.00,75.31 ,50
03,001,00,013,0714,0,2809,32,2841,3694,0,2,1,2,0,1,0,0.00,76.91 ,50
03,001,00,013,0715,0,2606,30,2636,3511,0,2,1,2,0,1,0,0.00,75.08 ,50
03,001,00,013,0716,0,2496,27,2523,3258,0,2,1,2,0,1,0,0.00,77.44 ,50
03,001,00,013,0717,0,2418,35,2453,3249,0,2,1,2,0,1,0,0.00,75.50 ,50
03,001,00,013,0718,0,2117,23,2140,2820,0,2,1,2,0,1,0,0.00,75.89 ,50
03,001,00,013,0719,0,1619,18,1637,2116,0,2,1,2,0,1,0,0.00,77.36 ,50
03,001,00,013,0720,0,2077,19,2096,2740,0,2,1,2,0,1,0,0.00,76.50 ,50
03,001,00,013,0721,0,2290,20,2310,3024,0,2,1,2,0,1,0,0.00,76.39 ,50
03,001,00,013,0722,0,1517,13,1530,2020,0,2,1,2,0,1,0,0.00,75.74 ,50
03,001,00,013,0723,0,4093,47,4140,5498,0,2,1,2,0,1,0,0.00,75.30 ,50
03,001,00,013,0724,0,2438,36,2474,3288,0,2,1,2,0,1,0,0.00,75.24 ,50
03,001,00,013,0725,0,1554,14,1568,2112,0,2,1,2,0,1,0,0.00,74.24 ,50
03,001,00,013,0726,0,4239,54,4293,5811,0,2,1,2,0,1,0,0.00,73.88 ,50
03,001,00,013,0727,0,1278,13,1291,1686,0,2,1,2,0,1,0,0.00,76.57 ,50
03,001,00,013,0728,0,2880,37,2917,3870,0,2,1,2,0,1,0,0.00,75.37 ,50
03,001,00,013,0729,0,786,5,791,1035,0,2,1,2,0,1,0,0.00,76.43 ,50
03,001,00,013,0730,0,3049,40,3089,4057,0,2,1,2,0,1,0,0.00,76.14 ,50
03,001,00,013,0731,0,4423,58,4481,5874,0,2,1,2,0,1,0,0.00,76.29 ,50
03,001,00,013,0732,0,1516,20,1536,1984,0,2,1,2,0,1,0,0.00,77.42 ,50
03,001,00,013,0733,0,2243,24,2267,3022,0,2,1,2,0,1,0,0.00,75.02 ,50
03,001,00,013,0734,0,2287,32,2319,3123,0,2,1,2,0,1,0,0.00,74.26 ,50
03,001,00,013,0735,0,2417,30,2447,3310,0,2,1,2,0,1,0,0.00,73.93 ,50
03,001,00,013,0736,0,3116,33,3149,4181,0,2,1,2,0,1,0,0.00,75.32 ,50
03,001,00,013,0737,0,1959,28,1987,2603,0,2,1,2,0,1,0,0.00,76.33 ,50
03,001,00,013,0738,0,3253,33,3286,4415,0,2,1,2,0,1,0,0.00,74.43 ,50
03,001,00,013,0739,0,3054,50,3104,4124,0,2,1,2,0,1,0,0.00,75.27 ,50
03,001,00,013,0740,0,1828,16,1844,2482,0,2,1,2,0,1,0,0.00,74.29 ,50
03,001,00,014,0741,0,2439,27,2466,3156,0,2,1,2,0,1,0,0.00,78.14 ,50
03,001,00,014,0742,0,1967,20,1987,2624,0,2,1,2,0,1,0,0.00,75.72 ,50
03,001,00,014,0743,0,1675,16,1691,2106,0,2,1,2,0,1,0,0.00,80.29 ,50
03,001,00,014,0744,0,1793,28,1821,2282,0,2,1,2,0,1,0,0.00,79.80 ,50
03,001,00,014,0745,0,1100,7,1107,1408,0,2,1,2,0,1,0,0.00,78.62 ,50
03,001,00,014,0746,0,1568,24,1592,2022,0,2,1,2,0,1,0,0.00,78.73 ,50
03,001,00,014,0747,0,1720,21,1741,2288,0,2,1,2,0,1,0,0.00,76.09 ,50
03,001,00,014,0748,0,1035,6,1041,1352,0,2,1,2,0,1,0,0.00,77.00 ,50
03,001,00,014,0749,0,1698,15,1713,2263,0,2,1,2,0,1,0,0.00,75.70 ,50
03,001,00,014,0750,0,2272,19,2291,3052,0,2,1,2,0,1,0,0.00,75.07 ,50
03,001,00,014,0751,0,3971,33,4004,5334,0,2,1,2,0,1,0,0.00,75.07 ,50
03,001,00,014,0752,0,3084,34,3118,4115,0,2,1,2,0,1,0,0.00,75.77 ,50
03,001,00,014,0753,0,481,2,483,615,0,2,1,2,0,1,0,0.00,78.54 ,50
03,001,00,014,0754,0,1899,23,1922,2517,0,2,1,2,0,1,0,0.00,76.36 ,50
03,001,00,014,0755,0,1668,24,1692,2258,0,2,1,2,0,1,0,0.00,74.93 ,50
03,001,00,014,0756,0,1308,13,1321,1743,0,2,1,2,0,1,0,0.00,75.79 ,50
03,001,00,014,0757,0,1323,13,1336,1706,0,2,1,2,0,1,0,0.00,78.31 ,50
03,001,00,014,0758,0,2061,22,2083,2642,0,2,1,2,0,1,0,0.00,78.84 ,50
03,001,00,014,0759,0,1060,17,1077,1423,0,2,1,2,0,1,0,0.00,75.69 ,50
03,001,00,014,0760,0,1809,20,1829,2417,0,2,1,2,0,1,0,0.00,75.67 ,50
03,001,00,014,0761,0,2432,24,2456,3210,0,2,1,2,0,1,0,0.00,76.51 ,50
03,001,00,014,0762,0,1781,15,1796,2297,0,2,1,2,0,1,0,0.00,78.19 ,50
03,001,00,014,0763,0,1650,12,1662,2134,0,2,1,2,0,1,0,0.00,77.88 ,50
03,001,00,014,0764,0,1428,12,1440,1803,0,2,1,2,0,1,0,0.00,79.87 ,50
03,001,00,014,0765,0,1576,22,1598,1973,0,2,1,2,0,1,0,0.00,80.99 ,50
03,001,00,014,0766,0,2114,25,2139,2702,0,2,1,2,0,1,0,0.00,79.16 ,50
03,001,00,014,0767,0,1125,11,1136,1478,0,2,1,2,0,1,0,0.00,76.86 ,50
03,001,00,014,0768,0,1296,13,1309,1678,0,2,1,2,0,1,0,0.00,78.01 ,50
03,001,00,014,0769,0,2414,18,2432,3178,0,2,1,2,0,1,0,0.00,76.53 ,50
03,001,00,014,0770,0,1351,15,1366,1800,0,2,1,2,0,1,0,0.00,75.89 ,50
03,001,00,014,0771,0,2444,21,2465,3213,0,2,1,2,0,1,0,0.00,76.72 ,50
03,001,00,014,0772,0,2612,28,2640,3454,0,2,1,2,0,1,0,0.00,76.43 ,50
03,001,00,014,0773,0,1596,20,1616,2058,0,2,1,2,0,1,0,0.00,78.52 ,50
03,001,00,014,0774,0,981,14,995,1318,0,2,1,2,0,1,0,0.00,75.49 ,50
03,001,00,014,0775,0,1888,26,1914,2461,0,2,1,2,0,1,0,0.00,77.77 ,50
03,001,00,014,0776,0,1975,16,1991,2553,0,2,1,2,0,1,0,0.00,77.99 ,50
03,001,00,015,0777,0,2580,23,2603,3295,0,2,1,2,0,1,0,0.00,79.00 ,50
03,001,00,015,0778,0,842,12,854,1074,0,2,1,2,0,1,0,0.00,79.52 ,50
03,001,00,015,0779,0,1896,13,1909,2521,0,2,1,2,0,1,0,0.00,75.72 ,50
03,001,00,015,0780,0,891,10,901,1151,0,2,1,2,0,1,0,0.00,78.28 ,50
03,001,00,015,0781,0,1584,21,1605,2093,0,2,1,2,0,1,0,0.00,76.68 ,50
03,001,00,015,0782,0,2506,35,2541,3329,0,2,1,2,0,1,0,0.00,76.33 ,50
03,001,00,015,0783,0,2698,42,2740,3693,0,2,1,2,0,1,0,0.00,74.19 ,50
03,001,00,015,0784,0,2910,40,2950,3893,0,2,1,2,0,1,0,0.00,75.78 ,50
03,001,00,015,0785,0,695,9,704,880,0,2,1,2,0,1,0,0.00,80.00 ,50
03,001,00,015,0786,0,3002,39,3041,3843,0,2,1,2,0,1,0,0.00,79.13 ,50
03,001,00,015,0787,0,3668,39,3707,4767,0,2,1,2,0,1,0,0.00,77.76 ,50
03,001,00,015,0788,0,1768,14,1782,2294,0,2,1,2,0,1,0,0.00,77.68 ,50
03,001,00,015,0789,0,1756,16,1772,2251,0,2,1,2,0,1,0,0.00,78.72 ,50
03,001,00,015,0790,0,927,13,940,1175,0,2,1,2,0,1,0,0.00,80.00 ,50
03,001,00,016,0791,0,705,7,712,879,0,2,1,2,0,1,0,0.00,81.00 ,50
03,001,00,016,0792,0,1612,15,1627,2022,0,2,1,2,0,1,0,0.00,80.46 ,50
03,001,00,016,0793,0,3021,27,3048,3959,0,2,1,2,0,1,0,0.00,76.99 ,50
03,001,00,016,0794,0,2981,28,3009,3792,0,2,1,2,0,1,0,0.00,79.35 ,50
03,001,00,016,0795,0,1972,15,1987,2437,0,2,1,2,0,1,0,0.00,81.53 ,50
03,001,00,016,0796,0,1952,18,1970,2456,0,2,1,2,0,1,0,0.00,80.21 ,50
03,001,00,016,0797,0,1401,12,1413,1760,0,2,1,2,0,1,0,0.00,80.28 ,50
03,001,00,016,0798,0,1829,19,1848,2327,0,2,1,2,0,1,0,0.00,79.42 ,50
03,001,00,016,0799,0,2162,22,2184,2802,0,2,1,2,0,1,0,0.00,77.94 ,50
03,001,00,016,0800,0,1922,15,1937,2451,0,2,1,2,0,1,0,0.00,79.03 ,50
03,001,00,016,0801,0,1259,19,1278,1621,0,2,1,2,0,1,0,0.00,78.84 ,50
03,001,00,016,0802,0,1711,14,1725,2181,0,2,1,2,0,1,0,0.00,79.09 ,50
03,001,00,016,0803,0,1898,15,1913,2458,0,2,1,2,0,1,0,0.00,77.83 ,50
03,001,00,016,0804,0,1899,14,1913,2399,0,2,1,2,0,1,0,0.00,79.74 ,50
03,001,00,016,0805,0,2383,20,2403,3032,0,2,1,2,0,1,0,0.00,79.25 ,50
03,001,00,017,0806,0,2391,22,2413,3121,0,2,1,2,0,1,0,0.00,77.31 ,50
03,001,00,017,0807,0,2186,19,2205,3049,0,2,1,2,0,1,0,0.00,72.32 ,50
03,001,00,017,0808,0,2140,25,2165,2801,0,2,1,2,0,1,0,0.00,77.29 ,50
03,001,00,017,0809,0,2054,19,2073,2636,0,2,1,2,0,1,0,0.00,78.64 ,50
03,001,00,017,0810,0,1847,14,1861,2356,0,2,1,2,0,1,0,0.00,78.99 ,50
03,001,00,017,0811,0,853,6,859,1057,0,2,1,2,0,1,0,0.00,81.27 ,50
03,001,00,017,0812,0,1053,11,1064,1333,0,2,1,2,0,1,0,0.00,79.82 ,50
03,001,00,017,0813,0,2564,28,2592,3481,0,2,1,2,0,1,0,0.00,74.46 ,50
03,001,00,017,0814,0,2528,17,2545,3431,0,2,1,2,0,1,0,0.00,74.18 ,50
03,001,00,017,0815,0,676,5,681,905,0,2,1,2,0,1,0,0.00,75.25 ,50
03,001,00,017,0816,0,707,12,719,896,0,2,1,2,0,1,0,0.00,80.25 ,50
03,001,00,017,0817,0,493,6,499,618,0,2,1,2,0,1,0,0.00,80.74 ,50
03,001,00,017,0818,0,334,4,338,477,0,2,1,2,0,1,0,0.00,70.86 ,50
03,001,00,017,0819,0,607,2,609,794,0,2,1,2,0,1,0,0.00,76.70 ,50
03,001,00,018,0820,0,3530,22,3552,4527,0,2,1,2,0,1,0,0.00,78.46 ,50
03,001,00,018,0821,0,2390,27,2417,3153,0,2,1,2,0,1,0,0.00,76.66 ,50
03,001,00,018,0822,0,2095,31,2126,2788,0,2,1,2,0,1,0,0.00,76.26 ,50
03,001,00,018,0823,0,918,11,929,1225,0,2,1,2,0,1,0,0.00,75.84 ,50
03,001,00,018,0824,0,363,5,368,441,0,2,1,2,0,1,0,0.00,83.45 ,50
03,001,00,019,0825,0,313,1,314,397,0,2,1,2,0,1,0,0.00,79.09 ,50
03,001,00,019,0826,0,490,1,491,640,0,2,1,2,0,1,0,0.00,76.72 ,50
03,001,00,019,0827,0,419,6,425,576,0,2,1,2,0,1,0,0.00,73.78 ,50
03,001,00,019,0828,0,187,1,188,257,0,2,1,2,0,1,0,0.00,73.15 ,50
03,001,00,019,0829,0,271,3,274,366,0,2,1,2,0,1,0,0.00,74.86 ,50
03,001,00,019,0830,0,501,7,508,698,0,2,1,2,0,1,0,0.00,72.78 ,50
03,001,00,019,0831,0,207,2,209,256,0,2,1,2,0,1,0,0.00,81.64 ,50
03,001,00,019,0832,0,573,9,582,765,0,2,1,2,0,1,0,0.00,76.08 ,50
03,001,00,019,0833,0,393,2,395,543,0,2,1,2,0,1,0,0.00,72.74 ,50
03,001,00,019,0834,0,164,0,164,205,0,2,1,2,0,1,0,0.00,80.00 ,50
03,001,00,019,0835,0,294,2,296,402,0,2,1,2,0,1,0,0.00,73.63 ,50
03,001,00,019,0836,0,438,7,445,571,0,2,1,2,0,1,0,0.00,77.93 ,50
03,001,00,019,0837,0,219,0,219,379,0,2,1,2,0,1,0,0.00,57.78 ,50
03,001,00,020,0838,0,708,6,714,961,0,2,1,2,0,1,0,0.00,74.30 ,50
03,001,00,020,0839,0,331,3,334,474,0,2,1,2,0,1,0,0.00,70.46 ,50
03,001,00,020,0840,0,532,4,536,885,0,2,1,2,0,1,0,0.00,60.56 ,50
03,001,00,020,0841,0,245,1,246,373,0,2,1,2,0,1,0,0.00,65.95 ,50
03,001,00,020,0842,0,460,9,469,664,0,2,1,2,0,1,0,0.00,70.63 ,50
03,001,00,020,0843,0,491,8,499,702,0,2,1,2,0,1,0,0.00,71.08 ,50
03,001,00,020,0844,0,409,2,411,612,0,2,1,2,0,1,0,0.00,67.16 ,50
03,001,00,021,0845,0,267,1,268,313,0,2,1,2,0,1,0,0.00,85.62 ,50
03,001,00,021,0846,0,2261,18,2279,2649,0,2,1,2,0,1,0,0.00,86.03 ,50
03,001,00,021,0847,0,647,4,651,740,0,2,1,2,0,1,0,0.00,87.97 ,50
03,001,00,021,0848,0,651,14,665,784,0,2,1,2,0,1,0,0.00,84.82 ,50
03,001,00,021,0849,0,2719,22,2741,3167,0,2,1,2,0,1,0,0.00,86.55 ,50
03,001,00,021,0850,0,309,1,310,382,0,2,1,2,0,1,0,0.00,81.15 ,50
03,001,00,021,0851,0,477,4,481,547,0,2,1,2,0,1,0,0.00,87.93 ,50
03,001,00,021,0852,0,671,4,675,781,0,2,1,2,0,1,0,0.00,86.43 ,50
03,001,00,021,0853,0,929,6,935,1118,0,2,1,2,0,1,0,0.00,83.63 ,50
03,001,00,021,0854,0,406,5,411,468,0,2,1,2,0,1,0,0.00,87.82 ,50
03,001,00,021,0855,0,398,5,403,471,0,2,1,2,0,1,0,0.00,85.56 ,50
03,001,00,021,0856,0,527,4,531,633,0,2,1,2,0,1,0,0.00,83.89 ,50
03,001,00,021,0857,0,852,15,867,1069,0,2,1,2,0,1,0,0.00,81.10 ,50
03,001,00,022,0858,0,577,4,581,702,0,2,1,2,0,1,0,0.00,82.76 ,50
03,001,00,022,0859,0,773,3,776,943,0,2,1,2,0,1,0,0.00,82.29 ,50
03,001,00,022,0860,0,1160,15,1175,1461,0,2,1,2,0,1,0,0.00,80.42 ,50
03,001,00,022,0861,0,494,4,498,602,0,2,1,2,0,1,0,0.00,82.72 ,50
03,001,00,022,0862,0,815,5,820,1045,0,2,1,2,0,1,0,0.00,78.47 ,50
03,001,00,022,0863,0,886,12,898,1086,0,2,1,2,0,1,0,0.00,82.69 ,50
03,001,00,022,0864,0,168,2,170,217,0,2,1,2,0,1,0,0.00,78.34 ,50
03,001,00,022,0865,0,352,3,355,445,0,2,1,2,0,1,0,0.00,79.78 ,50
03,001,00,022,0866,0,510,4,514,635,0,2,1,2,0,1,0,0.00,80.94 ,50
03,001,00,023,0867,0,2211,19,2230,2891,0,2,1,2,0,1,0,0.00,77.14 ,50
03,001,00,023,0868,0,1263,14,1277,1691,0,2,1,2,0,1,0,0.00,75.52 ,50
03,001,00,023,0869,0,735,10,745,944,0,2,1,2,0,1,0,0.00,78.92 ,50
03,001,00,023,0870,0,1230,18,1248,1640,0,2,1,2,0,1,0,0.00,76.10 ,50
03,001,00,023,0871,0,624,9,633,775,0,2,1,2,0,1,0,0.00,81.68 ,50
03,001,00,023,0872,0,1681,26,1707,2230,0,2,1,2,0,1,0,0.00,76.55 ,50
03,001,00,023,0873,0,1441,17,1458,1879,0,2,1,2,0,1,0,0.00,77.59 ,50
03,001,00,023,0874,0,696,8,704,897,0,2,1,2,0,1,0,0.00,78.48 ,50
03,001,00,023,0875,0,785,10,795,926,0,2,1,2,0,1,0,0.00,85.85 ,50
03,001,00,023,0876,0,820,11,831,1022,0,2,1,2,0,1,0,0.00,81.31 ,50
03,001,00,024,0877,0,344,8,352,464,0,2,1,2,0,1,0,0.00,75.86 ,50
03,001,00,024,0878,0,232,1,233,319,0,2,1,2,0,1,0,0.00,73.04 ,50
03,001,00,024,0879,0,266,4,270,356,0,2,1,2,0,1,0,0.00,75.84 ,50
03,001,00,024,0880,0,386,2,388,551,0,2,1,2,0,1,0,0.00,70.42 ,50
03,001,00,024,0881,0,217,6,223,320,0,2,1,2,0,1,0,0.00,69.69 ,50
03,001,00,024,0882,0,475,4,479,713,0,2,1,2,0,1,0,0.00,67.18 ,50
03,001,00,024,0883,0,242,1,243,352,0,2,1,2,0,1,0,0.00,69.03 ,50
03,001,00,024,0884,0,778,12,790,1158,0,2,1,2,0,1,0,0.00,68.22 ,50
03,001,00,024,0885,0,68,1,69,104,0,2,1,2,0,1,0,0.00,66.35 ,50
03,001,00,024,0886,0,384,5,389,532,0,2,1,2,0,1,0,0.00,73.12 ,50
03,001,00,024,0887,0,114,0,114,170,0,2,1,2,0,1,0,0.00,67.06 ,50
03,001,00,024,0888,0,74,2,76,123,0,2,1,2,0,1,0,0.00,61.79 ,50
03,001,00,025,0889,0,468,4,472,619,0,2,1,2,0,1,0,0.00,76.25 ,50
03,001,00,025,0890,0,769,3,772,1039,0,2,1,2,0,1,0,0.00,74.30 ,50
03,001,00,025,0891,0,326,2,328,477,0,2,1,2,0,1,0,0.00,68.76 ,50
03,001,00,025,0892,0,1417,14,1431,1951,0,2,1,2,0,1,0,0.00,73.35 ,50
03,001,00,025,0893,0,225,1,226,322,0,2,1,2,0,1,0,0.00,70.19 ,50
03,001,00,025,0894,0,654,5,659,897,0,2,1,2,0,1,0,0.00,73.47 ,50
03,001,00,025,0895,0,535,5,540,759,0,2,1,2,0,1,0,0.00,71.15 ,50
03,001,00,025,0896,0,328,4,332,525,0,2,1,2,0,1,0,0.00,63.24 ,50
03,001,00,025,0897,0,265,8,273,396,0,2,1,2,0,1,0,0.00,68.94 ,50
03,001,00,025,0898,0,367,1,368,508,0,2,1,2,0,1,0,0.00,72.44 ,50
03,001,00,025,0899,0,435,4,439,615,0,2,1,2,0,1,0,0.00,71.38 ,50
03,001,00,025,0900,0,212,2,214,305,0,2,1,2,0,1,0,0.00,70.16 ,50
03,001,00,026,0901,0,650,3,653,958,0,2,1,2,0,1,0,0.00,68.16 ,50
03,001,00,026,0902,0,282,2,284,415,0,2,1,2,0,1,0,0.00,68.43 ,50
03,001,00,026,0903,0,270,0,270,419,0,2,1,2,0,1,0,0.00,64.44 ,50
03,001,00,026,0904,0,565,6,571,813,0,2,1,2,0,1,0,0.00,70.23 ,50
03,001,00,026,0905,0,1085,10,1095,1558,0,2,1,2,0,1,0,0.00,70.28 ,50
03,001,00,026,0906,0,473,6,479,739,0,2,1,2,0,1,0,0.00,64.82 ,50
03,001,00,026,0907,0,434,8,442,655,0,2,1,2,0,1,0,0.00,67.48 ,50
03,001,00,026,0908,0,947,14,961,1411,0,2,1,2,0,1,0,0.00,68.11 ,50
03,001,00,026,0909,0,1167,13,1180,1819,0,2,1,2,0,1,0,0.00,64.87 ,50
03,001,00,026,0910,0,540,6,546,815,0,2,1,2,0,1,0,0.00,66.99 ,50
03,001,00,026,0911,0,648,6,654,921,0,2,1,2,0,1,0,0.00,71.01 ,50
03,001,00,027,0912,0,313,2,315,432,0,2,1,2,0,1,0,0.00,72.92 ,50
03,001,00,027,0913,0,530,6,536,679,0,2,1,2,0,1,0,0.00,78.94 ,50
03,001,00,027,0914,0,305,2,307,436,0,2,1,2,0,1,0,0.00,70.41 ,50
03,001,00,027,0915,0,967,10,977,1355,0,2,1,2,0,1,0,0.00,72.10 ,50
03,001,00,027,0916,0,4046,33,4079,5225,0,2,1,2,0,1,0,0.00,78.07 ,50
03,001,00,027,0917,0,1003,13,1016,1350,0,2,1,2,0,1,0,0.00,75.26 ,50
03,001,00,027,0918,0,574,7,581,755,0,2,1,2,0,1,0,0.00,76.95 ,50
03,001,00,027,0919,0,247,3,250,342,0,2,1,2,0,1,0,0.00,73.10 ,50
03,001,00,027,0920,0,399,4,403,507,0,2,1,2,0,1,0,0.00,79.49 ,50
03,001,00,027,0921,0,427,4,431,566,0,2,1,2,0,1,0,0.00,76.15 ,50
03,001,00,027,0922,0,579,11,590,761,0,2,1,2,0,1,0,0.00,77.53 ,50
03,001,00,027,0923,0,163,0,163,216,0,2,1,2,0,1,0,0.00,75.46 ,50
03,001,00,027,0924,0,345,4,349,426,0,2,1,2,0,1,0,0.00,81.92 ,50
03,001,00,027,0925,0,386,4,390,529,0,2,1,2,0,1,0,0.00,73.72 ,50
03,001,00,028,0926,0,2204,22,2226,2891,0,2,1,2,0,1,0,0.00,77.00 ,50
03,001,00,028,0927,0,1317,11,1328,1946,0,2,1,2,0,1,0,0.00,68.24 ,50
03,001,00,028,0928,0,1131,19,1150,1599,0,2,1,2,0,1,0,0.00,71.92 ,50
03,001,00,028,0929,0,1615,13,1628,2153,0,2,1,2,0,1,0,0.00,75.62 ,50
03,001,00,028,0930,0,1576,14,1590,2099,0,2,1,2,0,1,0,0.00,75.75 ,50
03,001,00,028,0931,0,372,4,376,469,0,2,1,2,0,1,0,0.00,80.17 ,50
03,001,00,028,0932,0,577,11,588,783,0,2,1,2,0,1,0,0.00,75.10 ,50
03,001,00,028,0933,0,407,4,411,526,0,2,1,2,0,1,0,0.00,78.14 ,50
03,001,00,028,0934,0,407,5,412,560,0,2,1,2,0,1,0,0.00,73.57 ,50
03,001,00,028,0935,0,619,11,630,812,0,2,1,2,0,1,0,0.00,77.59 ,50
03,001,00,029,0936,0,492,2,494,656,0,2,1,2,0,1,0,0.00,75.30 ,50
03,001,00,029,0937,0,899,12,911,1217,0,2,1,2,0,1,0,0.00,74.86 ,50
03,001,00,029,0938,0,53,0,53,64,0,2,1,2,0,1,0,0.00,82.81 ,50
03,001,00,029,0939,0,174,1,175,224,0,2,1,2,0,1,0,0.00,78.13 ,50
03,001,00,029,0940,0,183,9,192,291,0,2,1,2,0,1,0,0.00,65.98 ,50
03,002,00,001,0001,0,616,3,619,867,0,2,1,2,0,1,0,0.00,71.40 ,50
03,002,00,001,0002,0,1655,12,1667,2207,0,2,1,2,0,1,0,0.00,75.53 ,50
03,002,00,001,0003,0,1823,7,1830,2341,0,2,1,2,0,1,0,0.00,78.17 ,50
03,002,00,001,0004,0,1683,10,1693,2258,0,2,1,2,0,1,0,0.00,74.98 ,50
03,002,00,001,0005,0,2197,12,2209,2893,0,2,1,2,0,1,0,0.00,76.36 ,50
03,002,00,001,0006,0,1997,14,2011,2679,0,2,1,2,0,1,0,0.00,75.07 ,50
03,002,00,001,0007,0,1844,16,1860,2406,0,2,1,2,0,1,0,0.00,77.31 ,50
03,002,00,001,0008,0,582,5,587,774,0,2,1,2,0,1,0,0.00,75.84 ,50
03,002,00,001,0009,0,1100,8,1108,1428,0,2,1,2,0,1,0,0.00,77.59 ,50
03,002,00,001,0010,0,416,2,418,520,0,2,1,2,0,1,0,0.00,80.38 ,50
03,002,00,001,0011,0,592,3,595,755,0,2,1,2,0,1,0,0.00,78.81 ,50
03,002,00,001,0012,0,446,5,451,581,0,2,1,2,0,1,0,0.00,77.62 ,50
03,002,00,001,0013,0,481,5,486,660,0,2,1,2,0,1,0,0.00,73.64 ,50
03,002,00,001,0014,0,1493,14,1507,2015,0,2,1,2,0,1,0,0.00,74.79 ,50
03,002,00,001,0015,0,2826,13,2839,3675,0,2,1,2,0,1,0,0.00,77.25 ,50
03,002,00,001,0016,0,399,4,403,530,0,2,1,2,0,1,0,0.00,76.04 ,50
03,002,00,001,0017,0,763,14,777,1057,0,2,1,2,0,1,0,0.00,73.51 ,50
03,002,00,001,0018,0,511,7,518,751,0,2,1,2,0,1,0,0.00,68.97 ,50
03,002,00,001,0019,0,844,6,850,1163,0,2,1,2,0,1,0,0.00,73.09 ,50
03,002,00,001,0020,0,796,15,811,1110,0,2,1,2,0,1,0,0.00,73.06 ,50
03,002,00,001,0021,0,2186,30,2216,2929,0,2,1,2,0,1,0,0.00,75.66 ,50
03,002,00,001,0022,0,2262,18,2280,2990,0,2,1,2,0,1,0,0.00,76.25 ,50
03,002,00,001,0023,0,774,5,779,1029,0,2,1,2,0,1,0,0.00,75.70 ,50
03,002,00,001,0024,0,2679,26,2705,3598,0,2,1,2,0,1,0,0.00,75.18 ,50
03,002,00,001,0025,0,516,2,518,671,0,2,1,2,0,1,0,0.00,77.20 ,50
03,002,00,001,0026,0,456,4,460,593,0,2,1,2,0,1,0,0.00,77.57 ,50
03,002,00,001,0027,0,540,3,543,704,0,2,1,2,0,1,0,0.00,77.13 ,50
03,002,00,001,0028,0,1011,8,1019,1341,0,2,1,2,0,1,0,0.00,75.99 ,50
03,002,00,001,0029,0,1009,5,1014,1326,0,2,1,2,0,1,0,0.00,76.47 ,50
03,002,00,001,0030,0,852,8,860,1158,0,2,1,2,0,1,0,0.00,74.27 ,50
03,002,00,001,0031,0,1526,16,1542,2051,0,2,1,2,0,1,0,0.00,75.18 ,50
03,002,00,001,0032,0,1112,6,1118,1502,0,2,1,2,0,1,0,0.00,74.43 ,50
03,002,00,001,0033,0,938,8,946,1249,0,2,1,2,0,1,0,0.00,75.74 ,50
03,002,00,001,0034,0,1720,19,1739,2289,0,2,1,2,0,1,0,0.00,75.97 ,50
03,002,00,001,0035,0,732,8,740,989,0,2,1,2,0,1,0,0.00,74.82 ,50
03,002,00,001,0036,0,645,8,653,829,0,2,1,2,0,1,0,0.00,78.77 ,50
03,002,00,001,0037,0,619,1,620,859,0,2,1,2,0,1,0,0.00,72.18 ,50
03,002,00,001,0038,0,987,12,999,1299,0,2,1,2,0,1,0,0.00,76.91 ,50
03,002,00,001,0039,0,675,2,677,892,0,2,1,2,0,1,0,0.00,75.90 ,50
03,002,00,001,0040,0,1020,4,1024,1384,0,2,1,2,0,1,0,0.00,73.99 ,50
03,002,00,002,0041,0,371,3,374,478,0,2,1,2,0,1,0,0.00,78.24 ,50
03,002,00,002,0042,0,470,3,473,591,0,2,1,2,0,1,0,0.00,80.03 ,50
03,002,00,002,0043,0,427,0,427,585,0,2,1,2,0,1,0,0.00,72.99 ,50
03,002,00,002,0044,0,855,4,859,1187,0,2,1,2,0,1,0,0.00,72.37 ,50
03,002,00,002,0045,0,1095,7,1102,1500,0,2,1,2,0,1,0,0.00,73.47 ,50
03,002,00,002,0046,0,1327,13,1340,1708,0,2,1,2,0,1,0,0.00,78.45 ,50
03,002,00,002,0047,0,845,3,848,1172,0,2,1,2,0,1,0,0.00,72.35 ,50
03,002,00,002,0048,0,1591,11,1602,2141,0,2,1,2,0,1,0,0.00,74.82 ,50
03,002,00,002,0049,0,1105,3,1108,1424,0,2,1,2,0,1,0,0.00,77.81 ,50
03,002,00,002,0050,0,979,7,986,1243,0,2,1,2,0,1,0,0.00,79.32 ,50
03,002,00,002,0051,0,675,6,681,868,0,2,1,2,0,1,0,0.00,78.46 ,50
03,002,00,002,0052,0,540,1,541,714,0,2,1,2,0,1,0,0.00,75.77 ,50
03,002,00,002,0053,0,714,5,719,956,0,2,1,2,0,1,0,0.00,75.21 ,50
03,002,00,002,0054,0,551,0,551,706,0,2,1,2,0,1,0,0.00,78.05 ,50
03,002,00,002,0055,0,555,1,556,711,0,2,1,2,0,1,0,0.00,78.20 ,50
03,002,00,002,0056,0,2610,14,2624,3451,0,2,1,2,0,1,0,0.00,76.04 ,50
03,002,00,002,0057,0,3121,14,3135,4182,0,2,1,2,0,1,0,0.00,74.96 ,50
03,002,00,002,0058,0,3018,19,3037,3961,0,2,1,2,0,1,0,0.00,76.67 ,50
03,002,00,002,0059,0,2504,7,2511,3313,0,2,1,2,0,1,0,0.00,75.79 ,50
03,002,00,002,0060,0,1282,13,1295,1725,0,2,1,2,0,1,0,0.00,75.07 ,50
03,002,00,002,0061,0,753,4,757,999,0,2,1,2,0,1,0,0.00,75.78 ,50
03,002,00,002,0062,0,1918,18,1936,2531,0,2,1,2,0,1,0,0.00,76.49 ,50
03,002,00,002,0063,0,2146,11,2157,2852,0,2,1,2,0,1,0,0.00,75.63 ,50
03,002,00,002,0064,0,1944,16,1960,2573,0,2,1,2,0,1,0,0.00,76.18 ,50
03,002,00,002,0065,0,1597,12,1609,2089,0,2,1,2,0,1,0,0.00,77.02 ,50
03,002,00,003,0066,0,2040,17,2057,2813,0,2,1,2,0,1,0,0.00,73.12 ,50
03,002,00,003,0067,0,532,4,536,691,0,2,1,2,0,1,0,0.00,77.57 ,50
03,002,00,003,0068,0,1938,18,1956,2564,0,2,1,2,0,1,0,0.00,76.29 ,50
03,002,00,003,0069,0,822,6,828,1077,0,2,1,2,0,1,0,0.00,76.88 ,50
03,002,00,003,0070,0,982,11,993,1362,0,2,1,2,0,1,0,0.00,72.91 ,50
03,002,00,003,0071,0,224,5,229,385,0,2,1,2,0,1,0,0.00,59.48 ,50
03,002,00,003,0072,0,1427,14,1441,1926,0,2,1,2,0,1,0,0.00,74.82 ,50
03,002,00,003,0073,0,775,10,785,1031,0,2,1,2,0,1,0,0.00,76.14 ,50
03,002,00,003,0074,0,3266,19,3285,4472,0,2,1,2,0,1,0,0.00,73.46 ,50
03,002,00,003,0075,0,1646,11,1657,2221,0,2,1,2,0,1,0,0.00,74.61 ,50
03,002,00,003,0076,0,978,5,983,1306,0,2,1,2,0,1,0,0.00,75.27 ,50
03,002,00,003,0077,0,466,3,469,632,0,2,1,2,0,1,0,0.00,74.21 ,50
03,002,00,003,0078,0,417,5,422,623,0,2,1,2,0,1,0,0.00,67.74 ,50
03,002,00,003,0079,0,507,6,513,681,0,2,1,2,0,1,0,0.00,75.33 ,50
03,002,00,003,0080,0,534,10,544,694,0,2,1,2,0,1,0,0.00,78.39 ,50
03,002,00,003,0081,0,482,5,487,710,0,2,1,2,0,1,0,0.00,68.59 ,50
03,002,00,003,0082,0,423,4,427,571,0,2,1,2,0,1,0,0.00,74.78 ,50
03,002,00,003,0083,0,845,6,851,1195,0,2,1,2,0,1,0,0.00,71.21 ,50
03,002,00,003,0084,0,807,8,815,1189,0,2,1,2,0,1,0,0.00,68.54 ,50
03,002,00,003,0085,0,918,15,933,1364,0,2,1,2,0,1,0,0.00,68.40 ,50
03,002,00,003,0086,0,1208,12,1220,1747,0,2,1,2,0,1,0,0.00,69.83 ,50
03,002,00,003,0087,0,859,6,865,1248,0,2,1,2,0,1,0,0.00,69.31 ,50
03,002,00,003,0088,0,931,6,937,1359,0,2,1,2,0,1,0,0.00,68.95 ,50
03,002,00,003,0089,0,254,4,258,364,0,2,1,2,0,1,0,0.00,70.88 ,50
03,002,00,003,0090,0,624,7,631,926,0,2,1,2,0,1,0,0.00,68.14 ,50
03,002,00,003,0091,0,514,6,520,833,0,2,1,2,0,1,0,0.00,62.42 ,50
03,002,00,004,0092,0,281,1,282,409,0,2,1,2,0,1,0,0.00,68.95 ,50
03,002,00,004,0093,0,438,4,442,697,0,2,1,2,0,1,0,0.00,63.41 ,50
03,002,00,004,0094,0,973,6,979,1520,0,2,1,2,0,1,0,0.00,64.41 ,50
03,002,00,004,0095,0,297,1,298,436,0,2,1,2,0,1,0,0.00,68.35 ,50
03,002,00,004,0096,0,909,9,918,1327,0,2,1,2,0,1,0,0.00,69.18 ,50
03,002,00,004,0097,0,621,8,629,877,0,2,1,2,0,1,0,0.00,71.72 ,50
03,002,00,004,0098,0,454,4,458,619,0,2,1,2,0,1,0,0.00,73.99 ,50
03,002,00,004,0099,0,1010,9,1019,1321,0,2,1,2,0,1,0,0.00,77.14 ,50
03,002,00,004,0100,0,781,14,795,1123,0,2,1,2,0,1,0,0.00,70.79 ,50
03,002,00,004,0101,0,594,3,597,770,0,2,1,2,0,1,0,0.00,77.53 ,50
03,002,00,004,0102,0,468,4,472,651,0,2,1,2,0,1,0,0.00,72.50 ,50
03,002,00,004,0103,0,569,2,571,712,0,2,1,2,0,1,0,0.00,80.20 ,50
03,002,00,004,0104,0,469,3,472,624,0,2,1,2,0,1,0,0.00,75.64 ,50
03,002,00,004,0105,0,1340,10,1350,1848,0,2,1,2,0,1,0,0.00,73.05 ,50
03,002,00,004,0106,0,1272,9,1281,1707,0,2,1,2,0,1,0,0.00,75.04 ,50
03,002,00,004,0107,0,899,8,907,1182,0,2,1,2,0,1,0,0.00,76.73 ,50
03,002,00,004,0108,0,733,9,742,978,0,2,1,2,0,1,0,0.00,75.87 ,50
03,002,00,004,0109,0,1147,10,1157,1560,0,2,1,2,0,1,0,0.00,74.17 ,50
03,002,00,004,0110,0,503,8,511,731,0,2,1,2,0,1,0,0.00,69.90 ,50
03,002,00,004,0111,0,1007,7,1014,1306,0,2,1,2,0,1,0,0.00,77.64 ,50
03,002,00,004,0112,0,692,2,694,939,0,2,1,2,0,1,0,0.00,73.91 ,50
03,002,00,004,0113,0,695,2,697,927,0,2,1,2,0,1,0,0.00,75.19 ,50
03,002,00,004,0114,0,796,5,801,1078,0,2,1,2,0,1,0,0.00,74.30 ,50
03,002,00,005,0115,0,1005,10,1015,1405,0,2,1,2,0,1,0,0.00,72.24 ,50
03,002,00,005,0116,0,1231,6,1237,1636,0,2,1,2,0,1,0,0.00,75.61 ,50
03,002,00,005,0117,0,2378,16,2394,3267,0,2,1,2,0,1,0,0.00,73.28 ,50
03,002,00,005,0118,0,1490,11,1501,1961,0,2,1,2,0,1,0,0.00,76.54 ,50
03,002,00,005,0119,0,518,5,523,675,0,2,1,2,0,1,0,0.00,77.48 ,50
03,002,00,005,0120,0,1057,9,1066,1355,0,2,1,2,0,1,0,0.00,78.67 ,50
03,002,00,005,0121,0,822,11,833,1124,0,2,1,2,0,1,0,0.00,74.11 ,50
03,002,00,005,0122,0,899,6,905,1251,0,2,1,2,0,1,0,0.00,72.34 ,50
03,002,00,005,0123,0,1224,19,1243,1693,0,2,1,2,0,1,0,0.00,73.42 ,50
03,002,00,005,0124,0,1606,20,1626,2167,0,2,1,2,0,1,0,0.00,75.03 ,50
03,002,00,005,0125,0,771,4,775,1041,0,2,1,2,0,1,0,0.00,74.45 ,50
03,002,00,005,0126,0,476,6,482,658,0,2,1,2,0,1,0,0.00,73.25 ,50
03,002,00,005,0127,0,652,10,662,884,0,2,1,2,0,1,0,0.00,74.89 ,50
03,002,00,005,0128,0,769,8,777,1061,0,2,1,2,0,1,0,0.00,73.23 ,50
03,002,00,005,0129,0,1558,14,1572,2043,0,2,1,2,0,1,0,0.00,76.95 ,50
03,002,00,005,0130,0,1909,17,1926,2549,0,2,1,2,0,1,0,0.00,75.56 ,50
03,002,00,005,0131,0,652,9,661,898,0,2,1,2,0,1,0,0.00,73.61 ,50
03,002,00,005,0132,0,275,1,276,385,0,2,1,2,0,1,0,0.00,71.69 ,50
03,002,00,006,0133,0,1784,8,1792,2447,0,2,1,2,0,1,0,0.00,73.23 ,50
03,002,00,006,0134,0,1041,9,1050,1453,0,2,1,2,0,1,0,0.00,72.26 ,50
03,002,00,006,0135,0,592,7,599,830,0,2,1,2,0,1,0,0.00,72.17 ,50
03,002,00,006,0136,0,687,1,688,990,0,2,1,2,0,1,0,0.00,69.49 ,50
03,002,00,006,0137,0,1125,10,1135,1548,0,2,1,2,0,1,0,0.00,73.32 ,50
03,002,00,006,0138,0,984,8,992,1427,0,2,1,2,0,1,0,0.00,69.52 ,50
03,002,00,006,0139,0,534,7,541,820,0,2,1,2,0,1,0,0.00,65.98 ,50
03,002,00,006,0140,0,1325,6,1331,1740,0,2,1,2,0,1,0,0.00,76.49 ,50
03,002,00,006,0141,0,818,8,826,1170,0,2,1,2,0,1,0,0.00,70.60 ,50
03,002,00,006,0142,0,730,2,732,951,0,2,1,2,0,1,0,0.00,76.97 ,50
03,002,00,006,0143,0,1305,13,1318,1764,0,2,1,2,0,1,0,0.00,74.72 ,50
03,002,00,006,0144,0,743,9,752,1090,0,2,1,2,0,1,0,0.00,68.99 ,50
03,002,00,006,0145,0,1103,7,1110,1503,0,2,1,2,0,1,0,0.00,73.85 ,50
03,002,00,007,0146,0,2619,20,2639,3631,0,2,1,2,0,1,0,0.00,72.68 ,50
03,002,00,007,0147,0,1196,15,1211,1755,0,2,1,2,0,1,0,0.00,69.00 ,50
03,002,00,007,0148,0,804,7,811,1114,0,2,1,2,0,1,0,0.00,72.80 ,50
03,002,00,007,0149,0,662,4,666,960,0,2,1,2,0,1,0,0.00,69.38 ,50
03,002,00,007,0150,0,884,9,893,1277,0,2,1,2,0,1,0,0.00,69.93 ,50
03,002,00,007,0151,0,734,13,747,1075,0,2,1,2,0,1,0,0.00,69.49 ,50
03,002,00,007,0152,0,1076,16,1092,1481,0,2,1,2,0,1,0,0.00,73.73 ,50
03,002,00,007,0153,0,507,0,507,755,0,2,1,2,0,1,0,0.00,67.15 ,50
03,002,00,007,0154,0,1116,11,1127,1513,0,2,1,2,0,1,0,0.00,74.49 ,50
03,002,00,007,0155,0,738,8,746,1021,0,2,1,2,0,1,0,0.00,73.07 ,50
03,002,00,007,0156,0,1477,17,1494,2003,0,2,1,2,0,1,0,0.00,74.59 ,50
03,002,00,007,0157,0,1679,17,1696,2228,0,2,1,2,0,1,0,0.00,76.12 ,50
03,002,00,007,0158,0,554,4,558,844,0,2,1,2,0,1,0,0.00,66.11 ,50
03,002,00,007,0159,0,579,10,589,830,0,2,1,2,0,1,0,0.00,70.96 ,50
03,002,00,007,0160,0,699,8,707,982,0,2,1,2,0,1,0,0.00,72.00 ,50
03,002,00,007,0161,0,1057,14,1071,1565,0,2,1,2,0,1,0,0.00,68.43 ,50
03,002,00,008,0162,0,738,8,746,1038,0,2,1,2,0,1,0,0.00,71.87 ,50
03,002,00,008,0163,0,814,9,823,1104,0,2,1,2,0,1,0,0.00,74.55 ,50
03,002,00,008,0164,0,686,2,688,907,0,2,1,2,0,1,0,0.00,75.85 ,50
03,002,00,008,0165,0,557,5,562,782,0,2,1,2,0,1,0,0.00,71.87 ,50
03,002,00,008,0166,0,684,10,694,911,0,2,1,2,0,1,0,0.00,76.18 ,50
03,002,00,008,0167,0,801,8,809,1140,0,2,1,2,0,1,0,0.00,70.96 ,50
03,002,00,008,0168,0,1287,12,1299,1690,0,2,1,2,0,1,0,0.00,76.86 ,50
03,002,00,008,0169,0,1283,6,1289,1697,0,2,1,2,0,1,0,0.00,75.96 ,50
03,002,00,008,0170,0,637,3,640,858,0,2,1,2,0,1,0,0.00,74.59 ,50
03,002,00,008,0171,0,508,5,513,680,0,2,1,2,0,1,0,0.00,75.44 ,50
03,002,00,008,0172,0,917,8,925,1259,0,2,1,2,0,1,0,0.00,73.47 ,50
03,002,00,008,0173,0,579,5,584,786,0,2,1,2,0,1,0,0.00,74.30 ,50
03,002,00,008,0174,0,890,10,900,1202,0,2,1,2,0,1,0,0.00,74.88 ,50
03,002,00,008,0175,0,318,5,323,416,0,2,1,2,0,1,0,0.00,77.64 ,50
03,002,00,008,0176,0,2783,21,2804,3830,0,2,1,2,0,1,0,0.00,73.21 ,50
03,002,00,008,0177,0,1389,13,1402,1898,0,2,1,2,0,1,0,0.00,73.87 ,50
03,002,00,008,0178,0,3372,26,3398,4545,0,2,1,2,0,1,0,0.00,74.76 ,50
03,002,00,008,0179,0,1924,15,1939,2552,0,2,1,2,0,1,0,0.00,75.98 ,50
03,002,00,008,0180,0,1487,11,1498,2084,0,2,1,2,0,1,0,0.00,71.88 ,50
03,002,00,008,0181,0,738,19,757,1029,0,2,1,2,0,1,0,0.00,73.57 ,50
03,002,00,008,0182,0,1495,18,1513,2057,0,2,1,2,0,1,0,0.00,73.55 ,50
03,002,00,008,0183,0,836,3,839,1104,0,2,1,2,0,1,0,0.00,76.00 ,50
03,002,00,008,0184,0,590,9,599,821,0,2,1,2,0,1,0,0.00,72.96 ,50
03,002,00,008,0185,0,552,7,559,782,0,2,1,2,0,1,0,0.00,71.48 ,50
03,002,00,009,0186,0,1169,8,1177,1609,0,2,1,2,0,1,0,0.00,73.15 ,50
03,002,00,009,0187,0,1075,4,1079,1380,0,2,1,2,0,1,0,0.00,78.19 ,50
03,002,00,009,0188,0,1433,17,1450,1860,0,2,1,2,0,1,0,0.00,77.96 ,50
03,002,00,009,0189,0,1077,9,1086,1470,0,2,1,2,0,1,0,0.00,73.88 ,50
03,002,00,009,0190,0,653,8,661,883,0,2,1,2,0,1,0,0.00,74.86 ,50
03,002,00,009,0191,0,1571,20,1591,2110,0,2,1,2,0,1,0,0.00,75.40 ,50
03,002,00,009,0192,0,1158,12,1170,1515,0,2,1,2,0,1,0,0.00,77.23 ,50
03,002,00,009,0193,0,1780,16,1796,2403,0,2,1,2,0,1,0,0.00,74.74 ,50
03,002,00,009,0194,0,1881,15,1896,2496,0,2,1,2,0,1,0,0.00,75.96 ,50
03,002,00,009,0195,0,1475,14,1489,1968,0,2,1,2,0,1,0,0.00,75.66 ,50
03,002,00,009,0196,0,909,5,914,1239,0,2,1,2,0,1,0,0.00,73.77 ,50
03,002,00,009,0197,0,1031,55,1086,1460,0,2,1,2,0,1,0,0.00,74.38 ,50
03,002,00,009,0198,0,1451,23,1474,2026,0,2,1,2,0,1,0,0.00,72.75 ,50
03,002,00,009,0199,0,1597,12,1609,2241,0,2,1,2,0,1,0,0.00,71.80 ,50
03,002,00,009,0200,0,1363,12,1375,1916,0,2,1,2,0,1,0,0.00,71.76 ,50
03,002,00,010,0201,0,175,4,179,244,0,2,1,2,0,1,0,0.00,73.36 ,50
03,002,00,010,0202,0,458,5,463,664,0,2,1,2,0,1,0,0.00,69.73 ,50
03,002,00,010,0203,0,581,8,589,869,0,2,1,2,0,1,0,0.00,67.78 ,50
03,002,00,010,0204,0,454,4,458,678,0,2,1,2,0,1,0,0.00,67.55 ,50
03,002,00,010,0205,0,333,0,333,486,0,2,1,2,0,1,0,0.00,68.52 ,50
03,002,00,010,0206,0,862,6,868,1205,0,2,1,2,0,1,0,0.00,72.03 ,50
03,002,00,010,0207,0,790,9,799,1124,0,2,1,2,0,1,0,0.00,71.09 ,50
03,002,00,010,0208,0,603,5,608,847,0,2,1,2,0,1,0,0.00,71.78 ,50
03,002,00,010,0209,0,729,3,732,1156,0,2,1,2,0,1,0,0.00,63.32 ,50
03,002,00,010,0210,0,1894,27,1921,2638,0,2,1,2,0,1,0,0.00,72.82 ,50
03,002,00,010,0211,0,459,4,463,668,0,2,1,2,0,1,0,0.00,69.31 ,50
03,002,00,010,0212,0,380,4,384,560,0,2,1,2,0,1,0,0.00,68.57 ,50
03,002,00,010,0213,0,319,4,323,475,0,2,1,2,0,1,0,0.00,68.00 ,50
03,002,00,010,0214,0,428,3,431,665,0,2,1,2,0,1,0,0.00,64.81 ,50
03,002,00,010,0215,0,751,12,763,1051,0,2,1,2,0,1,0,0.00,72.60 ,50
03,002,00,010,0216,0,520,6,526,788,0,2,1,2,0,1,0,0.00,66.75 ,50
03,002,00,010,0217,0,904,10,914,1236,0,2,1,2,0,1,0,0.00,73.95 ,50
03,002,00,010,0218,0,762,14,776,1097,0,2,1,2,0,1,0,0.00,70.74 ,50
03,002,00,011,0219,0,431,6,437,645,0,2,1,2,0,1,0,0.00,67.75 ,50
03,002,00,011,0220,0,282,3,285,412,0,2,1,2,0,1,0,0.00,69.17 ,50
03,002,00,011,0221,0,355,5,360,494,0,2,1,2,0,1,0,0.00,72.87 ,50
03,002,00,011,0222,0,194,2,196,271,0,2,1,2,0,1,0,0.00,72.32 ,50
03,002,00,011,0223,0,179,3,182,280,0,2,1,2,0,1,0,0.00,65.00 ,50
03,002,00,011,0224,0,201,3,204,300,0,2,1,2,0,1,0,0.00,68.00 ,50
03,002,00,011,0225,0,46,0,46,62,0,2,1,2,0,1,0,0.00,74.19 ,50
03,002,00,011,0226,0,113,1,114,153,0,2,1,2,0,1,0,0.00,74.51 ,50
03,002,00,011,0227,0,429,9,438,580,0,2,1,2,0,1,0,0.00,75.52 ,50
03,002,00,011,0228,0,340,9,349,484,0,2,1,2,0,1,0,0.00,72.11 ,50
03,002,00,012,0229,0,277,0,277,347,0,2,1,2,0,1,0,0.00,79.83 ,50
03,002,00,012,0230,0,719,8,727,1021,0,2,1,2,0,1,0,0.00,71.20 ,50
03,002,00,012,0231,0,464,7,471,684,0,2,1,2,0,1,0,0.00,68.86 ,50
03,002,00,012,0232,0,228,5,233,297,0,2,1,2,0,1,0,0.00,78.45 ,50
03,002,00,012,0233,0,279,5,284,407,0,2,1,2,0,1,0,0.00,69.78 ,50
03,002,00,012,0234,0,233,23,256,382,0,2,1,2,0,1,0,0.00,67.02 ,50
03,002,00,012,0235,0,389,4,393,594,0,2,1,2,0,1,0,0.00,66.16 ,50
03,003,00,001,0001,0,1127,11,1138,1523,0,2,1,2,0,1,0,0.00,74.72 ,50
03,003,00,001,0002,0,1091,12,1103,1400,0,2,1,2,0,1,0,0.00,78.79 ,50
03,003,00,001,0003,0,1694,13,1707,2212,0,2,1,2,0,1,0,0.00,77.17 ,50
03,003,00,001,0004,0,1480,13,1493,1935,0,2,1,2,0,1,0,0.00,77.16 ,50
03,003,00,001,0005,0,793,10,803,1010,0,2,1,2,0,1,0,0.00,79.50 ,50
03,003,00,001,0006,0,2224,23,2247,2889,0,2,1,2,0,1,0,0.00,77.78 ,50
03,003,00,001,0007,0,2778,20,2798,3608,0,2,1,2,0,1,0,0.00,77.55 ,50
03,003,00,001,0008,0,2981,28,3009,3901,0,2,1,2,0,1,0,0.00,77.13 ,50
03,003,00,001,0009,0,3672,34,3706,4686,0,2,1,2,0,1,0,0.00,79.09 ,50
03,003,00,001,0010,0,3259,39,3298,4052,0,2,1,2,0,1,0,0.00,81.39 ,50
03,003,00,001,0011,0,2347,16,2363,2930,0,2,1,2,0,1,0,0.00,80.65 ,50
03,003,00,001,0012,0,3321,37,3358,4284,0,2,1,2,0,1,0,0.00,78.38 ,50
03,003,00,001,0013,0,647,5,652,870,0,2,1,2,0,1,0,0.00,74.94 ,50
03,003,00,001,0014,0,1143,8,1151,1486,0,2,1,2,0,1,0,0.00,77.46 ,50
03,003,00,001,0015,0,916,13,929,1160,0,2,1,2,0,1,0,0.00,80.09 ,50
03,003,00,001,0016,0,3206,26,3232,4149,0,2,1,2,0,1,0,0.00,77.90 ,50
03,003,00,001,0017,0,1168,14,1182,1491,0,2,1,2,0,1,0,0.00,79.28 ,50
03,003,00,001,0018,0,3630,35,3665,4746,0,2,1,2,0,1,0,0.00,77.22 ,50
03,003,00,001,0019,0,5297,52,5349,6967,0,2,1,2,0,1,0,0.00,76.78 ,50
03,003,00,001,0020,0,2569,33,2602,3235,0,2,1,2,0,1,0,0.00,80.43 ,50
03,003,00,001,0021,0,3122,45,3167,4101,0,2,1,2,0,1,0,0.00,77.23 ,50
03,003,00,001,0022,0,2047,21,2068,2636,0,2,1,2,0,1,0,0.00,78.45 ,50
03,003,00,001,0023,0,2003,12,2015,2628,0,2,1,2,0,1,0,0.00,76.67 ,50
03,003,00,001,0024,0,2918,39,2957,3795,0,2,1,2,0,1,0,0.00,77.92 ,50
03,003,00,001,0025,0,2089,13,2102,2681,0,2,1,2,0,1,0,0.00,78.40 ,50
03,003,00,001,0026,0,3358,32,3390,4320,0,2,1,2,0,1,0,0.00,78.47 ,50
03,003,00,001,0027,0,3374,29,3403,4335,0,2,1,2,0,1,0,0.00,78.50 ,50
03,003,00,001,0028,0,4250,38,4288,5579,0,2,1,2,0,1,0,0.00,76.86 ,50
03,003,00,001,0029,0,2281,22,2303,2924,0,2,1,2,0,1,0,0.00,78.76 ,50
03,003,00,001,0030,0,2532,41,2573,3303,0,2,1,2,0,1,0,0.00,77.90 ,50
03,003,00,001,0031,0,806,9,815,1093,0,2,1,2,0,1,0,0.00,74.57 ,50
03,003,00,001,0032,0,1446,17,1463,1874,0,2,1,2,0,1,0,0.00,78.07 ,50
03,003,00,001,0033,0,1119,10,1129,1512,0,2,1,2,0,1,0,0.00,74.67 ,50
03,003,00,001,0034,0,948,8,956,1205,0,2,1,2,0,1,0,0.00,79.34 ,50
03,003,00,001,0035,0,2740,40,2780,3602,0,2,1,2,0,1,0,0.00,77.18 ,50
03,003,00,001,0036,0,2602,34,2636,3455,0,2,1,2,0,1,0,0.00,76.30 ,50
03,003,00,001,0037,0,2819,34,2853,3688,0,2,1,2,0,1,0,0.00,77.36 ,50
03,003,00,001,0038,0,3790,35,3825,4890,0,2,1,2,0,1,0,0.00,78.22 ,50
03,003,00,001,0039,0,1549,22,1571,1894,0,2,1,2,0,1,0,0.00,82.95 ,50
03,003,00,001,0040,0,4966,69,5035,6571,0,2,1,2,0,1,0,0.00,76.62 ,50
03,003,00,001,0041,0,2292,25,2317,2994,0,2,1,2,0,1,0,0.00,77.39 ,50
03,003,00,001,0042,0,2469,33,2502,3154,0,2,1,2,0,1,0,0.00,79.33 ,50
03,003,00,001,0043,0,2100,36,2136,2751,0,2,1,2,0,1,0,0.00,77.64 ,50
03,003,00,001,0044,0,2735,42,2777,3573,0,2,1,2,0,1,0,0.00,77.72 ,50
03,003,00,001,0045,0,2746,37,2783,3676,0,2,1,2,0,1,0,0.00,75.71 ,50
03,003,00,001,0046,0,1258,11,1269,1574,0,2,1,2,0,1,0,0.00,80.62 ,50
03,003,00,001,0047,0,1266,10,1276,1594,0,2,1,2,0,1,0,0.00,80.05 ,50
03,003,00,001,0048,0,3132,34,3166,4067,0,2,1,2,0,1,0,0.00,77.85 ,50
03,003,00,001,0049,0,1240,12,1252,1651,0,2,1,2,0,1,0,0.00,75.83 ,50
03,003,00,001,0050,0,2253,18,2271,2866,0,2,1,2,0,1,0,0.00,79.24 ,50
03,003,00,001,0051,0,2210,25,2235,2816,0,2,1,2,0,1,0,0.00,79.37 ,50
03,003,00,001,0052,0,3416,35,3451,4512,0,2,1,2,0,1,0,0.00,76.48 ,50
03,003,00,001,0053,0,2786,42,2828,3696,0,2,1,2,0,1,0,0.00,76.52 ,50
03,003,00,001,0054,0,1958,27,1985,2517,0,2,1,2,0,1,0,0.00,78.86 ,50
03,003,00,001,0055,0,2114,38,2152,2827,0,2,1,2,0,1,0,0.00,76.12 ,50
03,003,00,001,0056,0,2135,32,2167,2796,0,2,1,2,0,1,0,0.00,77.50 ,50
03,003,00,002,0057,0,5599,80,5679,7433,0,2,1,2,0,1,0,0.00,76.40 ,50
03,003,00,002,0058,0,4480,50,4530,5751,0,2,1,2,0,1,0,0.00,78.77 ,50
03,003,00,002,0059,0,2671,41,2712,3365,0,2,1,2,0,1,0,0.00,80.59 ,50
03,003,00,002,0060,0,3133,31,3164,3947,0,2,1,2,0,1,0,0.00,80.16 ,50
03,003,00,002,0061,0,2929,42,2971,3708,0,2,1,2,0,1,0,0.00,80.12 ,50
03,003,00,002,0062,0,4292,50,4342,5442,0,2,1,2,0,1,0,0.00,79.79 ,50
03,003,00,002,0063,0,4351,45,4396,5572,0,2,1,2,0,1,0,0.00,78.89 ,50
03,003,00,002,0064,0,2400,31,2431,3143,0,2,1,2,0,1,0,0.00,77.35 ,50
03,003,00,002,0065,0,2834,29,2863,3690,0,2,1,2,0,1,0,0.00,77.59 ,50
03,003,00,002,0066,0,3985,47,4032,5156,0,2,1,2,0,1,0,0.00,78.20 ,50
03,003,00,002,0067,0,2934,35,2969,3777,0,2,1,2,0,1,0,0.00,78.61 ,50
03,003,00,002,0068,0,5317,55,5372,7093,0,2,1,2,0,1,0,0.00,75.74 ,50
03,003,00,002,0069,0,1821,17,1838,2405,0,2,1,2,0,1,0,0.00,76.42 ,50
03,003,00,002,0070,0,4359,49,4408,5620,0,2,1,2,0,1,0,0.00,78.43 ,50
03,003,00,002,0071,0,4276,54,4330,5566,0,2,1,2,0,1,0,0.00,77.79 ,50
03,003,00,002,0072,0,1129,20,1149,1472,0,2,1,2,0,1,0,0.00,78.06 ,50
03,003,00,002,0073,0,2871,38,2909,3729,0,2,1,2,0,1,0,0.00,78.01 ,50
03,003,00,002,0074,0,3381,45,3426,4340,0,2,1,2,0,1,0,0.00,78.94 ,50
03,003,00,002,0075,0,1217,10,1227,1541,0,2,1,2,0,1,0,0.00,79.62 ,50
03,003,00,002,0076,0,2000,34,2034,2572,0,2,1,2,0,1,0,0.00,79.08 ,50
03,003,00,002,0077,0,3616,40,3656,4634,0,2,1,2,0,1,0,0.00,78.90 ,50
03,003,00,002,0078,0,3839,42,3881,4893,0,2,1,2,0,1,0,0.00,79.32 ,50
03,003,00,002,0079,0,4545,49,4594,5764,0,2,1,2,0,1,0,0.00,79.70 ,50
03,003,00,002,0080,0,3898,56,3954,5096,0,2,1,2,0,1,0,0.00,77.59 ,50
03,003,00,002,0081,0,2322,17,2339,2903,0,2,1,2,0,1,0,0.00,80.57 ,50
03,003,00,002,0082,0,3548,31,3579,4438,0,2,1,2,0,1,0,0.00,80.64 ,50
03,003,00,002,0083,0,1769,32,1801,2290,0,2,1,2,0,1,0,0.00,78.65 ,50
03,003,00,002,0084,0,1514,15,1529,2030,0,2,1,2,0,1,0,0.00,75.32 ,50
03,003,00,002,0085,0,2673,35,2708,3525,0,2,1,2,0,1,0,0.00,76.82 ,50
03,003,00,002,0086,0,3225,33,3258,4189,0,2,1,2,0,1,0,0.00,77.78 ,50
03,003,00,002,0087,0,2621,39,2660,3401,0,2,1,2,0,1,0,0.00,78.21 ,50
03,003,00,002,0088,0,3626,49,3675,4764,0,2,1,2,0,1,0,0.00,77.14 ,50
03,003,00,002,0089,0,2526,27,2553,3340,0,2,1,2,0,1,0,0.00,76.44 ,50
03,003,00,002,0090,0,7588,88,7676,10032,0,2,1,2,0,1,0,0.00,76.52 ,50
03,003,00,002,0091,0,1059,6,1065,1305,0,2,1,2,0,1,0,0.00,81.61 ,50
03,003,00,002,0092,0,1357,13,1370,1774,0,2,1,2,0,1,0,0.00,77.23 ,50
03,003,00,002,0093,0,1152,13,1165,1517,0,2,1,2,0,1,0,0.00,76.80 ,50
03,003,00,002,0094,0,3254,28,3282,4229,0,2,1,2,0,1,0,0.00,77.61 ,50
03,003,00,002,0095,0,1782,21,1803,2286,0,2,1,2,0,1,0,0.00,78.87 ,50
03,003,00,002,0096,0,816,9,825,1095,0,2,1,2,0,1,0,0.00,75.34 ,50
03,003,00,002,0097,0,761,5,766,994,0,2,1,2,0,1,0,0.00,77.06 ,50
03,003,00,002,0098,0,884,9,893,1198,0,2,1,2,0,1,0,0.00,74.54 ,50
03,003,00,002,0099,0,883,7,890,1134,0,2,1,2,0,1,0,0.00,78.48 ,50
03,003,00,002,0100,0,1795,12,1807,2276,0,2,1,2,0,1,0,0.00,79.39 ,50
03,003,00,002,0101,0,2691,37,2728,3514,0,2,1,2,0,1,0,0.00,77.63 ,50
03,003,00,002,0102,0,3131,28,3159,4204,0,2,1,2,0,1,0,0.00,75.14 ,50
03,003,00,002,0103,0,2035,24,2059,2631,0,2,1,2,0,1,0,0.00,78.26 ,50
03,003,00,002,0104,0,1791,33,1824,2340,0,2,1,2,0,1,0,0.00,77.95 ,50
03,003,00,002,0105,0,5049,71,5120,6722,0,2,1,2,0,1,0,0.00,76.17 ,50
03,003,00,002,0106,0,1350,18,1368,1772,0,2,1,2,0,1,0,0.00,77.20 ,50
03,003,00,002,0107,0,1003,22,1025,1294,0,2,1,2,0,1,0,0.00,79.21 ,50
03,003,00,002,0108,0,2290,28,2318,2959,0,2,1,2,0,1,0,0.00,78.34 ,50
03,003,00,002,0109,0,1764,34,1798,2358,0,2,1,2,0,1,0,0.00,76.25 ,50
03,003,00,002,0110,0,1859,24,1883,2408,0,2,1,2,0,1,0,0.00,78.20 ,50
03,003,00,002,0111,0,1606,21,1627,2121,0,2,1,2,0,1,0,0.00,76.71 ,50
03,003,00,003,0112,0,1803,27,1830,2421,0,2,1,2,0,1,0,0.00,75.59 ,50
03,003,00,003,0113,0,1728,34,1762,2309,0,2,1,2,0,1,0,0.00,76.31 ,50
03,003,00,003,0114,0,2278,31,2309,2909,0,2,1,2,0,1,0,0.00,79.37 ,50
03,003,00,003,0115,0,2046,30,2076,2719,0,2,1,2,0,1,0,0.00,76.35 ,50
03,003,00,003,0116,0,2433,40,2473,3135,0,2,1,2,0,1,0,0.00,78.88 ,50
03,003,00,003,0117,0,2412,55,2467,3137,0,2,1,2,0,1,0,0.00,78.64 ,50
03,003,00,003,0118,0,2218,37,2255,2885,0,2,1,2,0,1,0,0.00,78.16 ,50
03,003,00,003,0119,0,2608,53,2661,3367,0,2,1,2,0,1,0,0.00,79.03 ,50
03,003,00,003,0120,0,2024,44,2068,2577,0,2,1,2,0,1,0,0.00,80.25 ,50
03,003,00,003,0121,0,1643,24,1667,2190,0,2,1,2,0,1,0,0.00,76.12 ,50
03,003,00,003,0122,0,2726,37,2763,3673,0,2,1,2,0,1,0,0.00,75.22 ,50
03,003,00,003,0123,0,3727,69,3796,4835,0,2,1,2,0,1,0,0.00,78.51 ,50
03,003,00,003,0124,0,3412,60,3472,4377,0,2,1,2,0,1,0,0.00,79.32 ,50
03,003,00,003,0125,0,1448,20,1468,1853,0,2,1,2,0,1,0,0.00,79.22 ,50
03,003,00,003,0126,0,1563,16,1579,2111,0,2,1,2,0,1,0,0.00,74.80 ,50
03,003,00,003,0127,0,1020,14,1034,1298,0,2,1,2,0,1,0,0.00,79.66 ,50
03,003,00,003,0128,0,1930,31,1961,2513,0,2,1,2,0,1,0,0.00,78.03 ,50
03,003,00,003,0129,0,1399,16,1415,1890,0,2,1,2,0,1,0,0.00,74.87 ,50
03,003,00,003,0130,0,944,18,962,1206,0,2,1,2,0,1,0,0.00,79.77 ,50
03,003,00,003,0131,0,839,15,854,1086,0,2,1,2,0,1,0,0.00,78.64 ,50
03,003,00,003,0132,0,2465,26,2491,3217,0,2,1,2,0,1,0,0.00,77.43 ,50
03,003,00,003,0133,0,2765,37,2802,3634,0,2,1,2,0,1,0,0.00,77.11 ,50
03,003,00,003,0134,0,3903,102,4005,6069,0,2,1,2,0,1,0,0.00,65.99 ,50
03,003,00,003,0135,0,1301,17,1318,1779,0,2,1,2,0,1,0,0.00,74.09 ,50
03,003,00,003,0136,0,1854,23,1877,2405,0,2,1,2,0,1,0,0.00,78.05 ,50
03,003,00,003,0137,0,1423,13,1436,1825,0,2,1,2,0,1,0,0.00,78.68 ,50
03,003,00,003,0138,0,3572,44,3616,4590,0,2,1,2,0,1,0,0.00,78.78 ,50
03,003,00,003,0139,0,3065,39,3104,4050,0,2,1,2,0,1,0,0.00,76.64 ,50
03,003,00,003,0140,0,1379,24,1403,1824,0,2,1,2,0,1,0,0.00,76.92 ,50
03,003,00,003,0141,0,2802,29,2831,3617,0,2,1,2,0,1,0,0.00,78.27 ,50
03,003,00,003,0142,0,1844,29,1873,2387,0,2,1,2,0,1,0,0.00,78.47 ,50
03,003,00,003,0143,0,1965,29,1994,2588,0,2,1,2,0,1,0,0.00,77.05 ,50
03,003,00,003,0144,0,1546,17,1563,1952,0,2,1,2,0,1,0,0.00,80.07 ,50
03,003,00,003,0145,0,2319,41,2360,3073,0,2,1,2,0,1,0,0.00,76.80 ,50
03,003,00,004,0146,0,1384,17,1401,1753,0,2,1,2,0,1,0,0.00,79.92 ,50
03,003,00,004,0147,0,917,11,928,1148,0,2,1,2,0,1,0,0.00,80.84 ,50
03,003,00,004,0148,0,4439,41,4480,5678,0,2,1,2,0,1,0,0.00,78.90 ,50
03,003,00,004,0149,0,2631,29,2660,3373,0,2,1,2,0,1,0,0.00,78.86 ,50
03,003,00,004,0150,0,791,6,797,1001,0,2,1,2,0,1,0,0.00,79.62 ,50
03,003,00,004,0151,0,735,6,741,915,0,2,1,2,0,1,0,0.00,80.98 ,50
03,003,00,004,0152,0,758,7,765,987,0,2,1,2,0,1,0,0.00,77.51 ,50
03,003,00,004,0153,0,1190,10,1200,1597,0,2,1,2,0,1,0,0.00,75.14 ,50
03,003,00,004,0154,0,1697,25,1722,2218,0,2,1,2,0,1,0,0.00,77.64 ,50
03,003,00,004,0155,0,1584,18,1602,2083,0,2,1,2,0,1,0,0.00,76.91 ,50
03,003,00,004,0156,0,708,16,724,955,0,2,1,2,0,1,0,0.00,75.81 ,50
03,003,00,004,0157,0,742,12,754,1006,0,2,1,2,0,1,0,0.00,74.95 ,50
03,003,00,004,0158,0,1202,24,1226,1571,0,2,1,2,0,1,0,0.00,78.04 ,50
03,003,00,004,0159,0,1527,23,1550,1926,0,2,1,2,0,1,0,0.00,80.48 ,50
03,003,00,004,0160,0,1803,27,1830,2291,0,2,1,2,0,1,0,0.00,79.88 ,50
03,003,00,004,0161,0,1156,12,1168,1458,0,2,1,2,0,1,0,0.00,80.11 ,50
03,003,00,004,0162,0,2151,34,2185,2818,0,2,1,2,0,1,0,0.00,77.54 ,50
03,003,00,004,0163,0,2973,54,3027,3897,0,2,1,2,0,1,0,0.00,77.68 ,50
03,003,00,004,0164,0,4252,43,4295,5527,0,2,1,2,0,1,0,0.00,77.71 ,50
03,003,00,004,0165,0,2877,51,2928,3665,0,2,1,2,0,1,0,0.00,79.89 ,50
03,003,00,004,0166,0,4158,68,4226,5345,0,2,1,2,0,1,0,0.00,79.06 ,50
03,003,00,004,0167,0,1936,20,1956,2541,0,2,1,2,0,1,0,0.00,76.98 ,50
03,003,00,005,0168,0,3247,44,3291,4136,0,2,1,2,0,1,0,0.00,79.57 ,50
03,003,00,005,0169,0,3921,48,3969,4958,0,2,1,2,0,1,0,0.00,80.05 ,50
03,003,00,005,0170,0,2660,35,2695,3422,0,2,1,2,0,1,0,0.00,78.76 ,50
03,003,00,005,0171,0,3688,51,3739,4881,0,2,1,2,0,1,0,0.00,76.60 ,50
03,003,00,005,0172,0,2038,27,2065,2540,0,2,1,2,0,1,0,0.00,81.30 ,50
03,003,00,005,0173,0,1978,12,1990,2406,0,2,1,2,0,1,0,0.00,82.71 ,50
03,003,00,005,0174,0,2115,36,2151,2806,0,2,1,2,0,1,0,0.00,76.66 ,50
03,003,00,005,0175,0,4633,61,4694,6333,0,2,1,2,0,1,0,0.00,74.12 ,50
03,003,00,005,0176,0,3414,62,3476,4725,0,2,1,2,0,1,0,0.00,73.57 ,50
03,003,00,005,0177,0,1349,11,1360,1749,0,2,1,2,0,1,0,0.00,77.76 ,50
03,003,00,005,0178,0,3423,49,3472,4596,0,2,1,2,0,1,0,0.00,75.54 ,50
03,003,00,005,0179,0,2368,34,2402,4882,0,2,1,2,0,1,0,0.00,49.20 ,50
03,003,00,005,0180,0,4744,76,4820,6613,0,2,1,2,0,1,0,0.00,72.89 ,50
03,003,00,005,0181,0,3390,35,3425,4445,0,2,1,2,0,1,0,0.00,77.05 ,50
03,003,00,005,0182,0,1631,25,1656,2173,0,2,1,2,0,1,0,0.00,76.21 ,50
03,003,00,005,0183,0,2297,35,2332,3261,0,2,1,2,0,1,0,0.00,71.51 ,50
03,003,00,005,0184,0,813,17,830,1040,0,2,1,2,0,1,0,0.00,79.81 ,50
03,003,00,005,0185,0,1662,26,1688,2099,0,2,1,2,0,1,0,0.00,80.42 ,50
03,003,00,005,0186,0,1501,19,1520,1902,0,2,1,2,0,1,0,0.00,79.92 ,50
03,003,00,006,0187,0,1191,25,1216,1753,0,2,1,2,0,1,0,0.00,69.37 ,50
03,003,00,006,0188,0,782,11,793,1153,0,2,1,2,0,1,0,0.00,68.78 ,50
03,003,00,006,0189,0,353,10,363,549,0,2,1,2,0,1,0,0.00,66.12 ,50
03,003,00,006,0190,0,320,10,330,462,0,2,1,2,0,1,0,0.00,71.43 ,50
03,003,00,006,0191,0,566,13,579,881,0,2,1,2,0,1,0,0.00,65.72 ,50
03,003,00,006,0192,0,319,6,325,457,0,2,1,2,0,1,0,0.00,71.12 ,50
03,003,00,006,0193,0,370,6,376,539,0,2,1,2,0,1,0,0.00,69.76 ,50
03,003,00,006,0194,0,357,8,365,569,0,2,1,2,0,1,0,0.00,64.15 ,50
03,003,00,006,0195,0,326,9,335,480,0,2,1,2,0,1,0,0.00,69.79 ,50
03,003,00,006,0196,0,527,9,536,892,0,2,1,2,0,1,0,0.00,60.09 ,50
03,003,00,007,0197,0,1876,31,1907,2402,0,2,1,2,0,1,0,0.00,79.39 ,50
03,003,00,007,0198,0,1716,17,1733,2192,0,2,1,2,0,1,0,0.00,79.06 ,50
03,003,00,007,0199,0,1901,20,1921,2336,0,2,1,2,0,1,0,0.00,82.23 ,50
03,003,00,007,0200,0,1202,17,1219,1505,0,2,1,2,0,1,0,0.00,81.00 ,50
03,003,00,007,0201,0,1367,20,1387,1767,0,2,1,2,0,1,0,0.00,78.49 ,50
03,003,00,007,0202,0,1386,7,1393,1714,0,2,1,2,0,1,0,0.00,81.27 ,50
03,003,00,007,0203,0,668,9,677,809,0,2,1,2,0,1,0,0.00,83.68 ,50
03,003,00,007,0204,0,1542,26,1568,1901,0,2,1,2,0,1,0,0.00,82.48 ,50
03,003,00,007,0205,0,2139,33,2172,2693,0,2,1,2,0,1,0,0.00,80.65 ,50
03,003,00,007,0206,0,1497,18,1515,1852,0,2,1,2,0,1,0,0.00,81.80 ,50
03,003,00,007,0207,0,1664,19,1683,2127,0,2,1,2,0,1,0,0.00,79.13 ,50
03,003,00,007,0208,0,1224,17,1241,1521,0,2,1,2,0,1,0,0.00,81.59 ,50
03,003,00,007,0209,0,1262,14,1276,1572,0,2,1,2,0,1,0,0.00,81.17 ,50
03,003,00,007,0210,0,1591,13,1604,2014,0,2,1,2,0,1,0,0.00,79.64 ,50
03,003,00,007,0211,0,759,20,779,945,0,2,1,2,0,1,0,0.00,82.43 ,50
03,003,00,007,0212,0,3367,55,3422,4417,0,2,1,2,0,1,0,0.00,77.47 ,50
03,003,00,007,0213,0,1300,20,1320,1613,0,2,1,2,0,1,0,0.00,81.84 ,50
03,003,00,007,0214,0,951,17,968,1175,0,2,1,2,0,1,0,0.00,82.38 ,50
03,003,00,007,0215,0,1210,19,1229,1512,0,2,1,2,0,1,0,0.00,81.28 ,50
03,003,00,007,0216,0,953,11,964,1170,0,2,1,2,0,1,0,0.00,82.39 ,50
03,003,00,007,0217,0,2237,37,2274,2775,0,2,1,2,0,1,0,0.00,81.95 ,50
03,003,00,007,0218,0,1518,19,1537,1909,0,2,1,2,0,1,0,0.00,80.51 ,50
03,003,00,007,0219,0,2044,23,2067,2623,0,2,1,2,0,1,0,0.00,78.80 ,50
03,003,00,008,0220,0,3729,57,3786,4673,0,2,1,2,0,1,0,0.00,81.02 ,50
03,003,00,008,0221,0,2732,28,2760,3471,0,2,1,2,0,1,0,0.00,79.52 ,50
03,003,00,008,0222,0,1741,30,1771,2335,0,2,1,2,0,1,0,0.00,75.85 ,50
03,003,00,008,0223,0,1074,16,1090,1391,0,2,1,2,0,1,0,0.00,78.36 ,50
03,003,00,008,0224,0,3544,51,3595,4447,0,2,1,2,0,1,0,0.00,80.84 ,50
03,003,00,008,0225,0,2438,29,2467,3028,0,2,1,2,0,1,0,0.00,81.47 ,50
03,003,00,008,0226,0,2887,52,2939,3710,0,2,1,2,0,1,0,0.00,79.22 ,50
03,003,00,008,0227,0,928,14,942,1193,0,2,1,2,0,1,0,0.00,78.96 ,50
03,003,00,008,0228,0,825,8,833,1017,0,2,1,2,0,1,0,0.00,81.91 ,50
03,003,00,008,0229,0,1786,18,1804,2205,0,2,1,2,0,1,0,0.00,81.81 ,50
03,003,00,008,0230,0,2829,25,2854,3613,0,2,1,2,0,1,0,0.00,78.99 ,50
03,003,00,008,0231,0,1667,11,1678,2120,0,2,1,2,0,1,0,0.00,79.15 ,50
03,003,00,008,0232,0,978,20,998,1271,0,2,1,2,0,1,0,0.00,78.52 ,50
03,003,00,008,0233,0,1700,28,1728,2205,0,2,1,2,0,1,0,0.00,78.37 ,50
03,003,00,008,0234,0,1036,13,1049,1299,0,2,1,2,0,1,0,0.00,80.75 ,50
03,003,00,008,0235,0,1348,27,1375,1715,0,2,1,2,0,1,0,0.00,80.17 ,50
03,003,00,008,0236,0,1304,16,1320,1640,0,2,1,2,0,1,0,0.00,80.49 ,50
03,003,00,008,0237,0,1100,17,1117,1416,0,2,1,2,0,1,0,0.00,78.88 ,50
03,003,00,008,0238,0,1344,17,1361,1816,0,2,1,2,0,1,0,0.00,74.94 ,50
03,003,00,009,0239,0,1680,21,1701,2153,0,2,1,2,0,1,0,0.00,79.01 ,50
03,003,00,009,0240,0,902,15,917,1155,0,2,1,2,0,1,0,0.00,79.39 ,50
03,003,00,009,0241,0,925,12,937,1304,0,2,1,2,0,1,0,0.00,71.86 ,50
03,003,00,009,0242,0,846,8,854,1127,0,2,1,2,0,1,0,0.00,75.78 ,50
03,003,00,009,0243,0,1030,17,1047,1370,0,2,1,2,0,1,0,0.00,76.42 ,50
03,003,00,009,0244,0,509,10,519,684,0,2,1,2,0,1,0,0.00,75.88 ,50
03,003,00,009,0245,0,597,8,605,746,0,2,1,2,0,1,0,0.00,81.10 ,50
03,003,00,009,0246,0,528,6,534,679,0,2,1,2,0,1,0,0.00,78.65 ,50
03,003,00,009,0247,0,824,17,841,1039,0,2,1,2,0,1,0,0.00,80.94 ,50
03,003,00,009,0248,0,1169,17,1186,1548,0,2,1,2,0,1,0,0.00,76.61 ,50
03,003,00,009,0249,0,1202,21,1223,1547,0,2,1,2,0,1,0,0.00,79.06 ,50
03,003,00,009,0250,0,1134,18,1152,1485,0,2,1,2,0,1,0,0.00,77.58 ,50
03,003,00,009,0251,0,667,5,672,874,0,2,1,2,0,1,0,0.00,76.89 ,50
03,003,00,009,0252,0,2287,28,2315,3056,0,2,1,2,0,1,0,0.00,75.75 ,50
03,003,00,009,0253,0,1110,14,1124,1467,0,2,1,2,0,1,0,0.00,76.62 ,50
03,003,00,009,0254,0,1011,9,1020,1310,0,2,1,2,0,1,0,0.00,77.86 ,50
03,003,00,009,0255,0,1857,19,1876,2441,0,2,1,2,0,1,0,0.00,76.85 ,50
03,003,00,009,0256,0,1226,16,1242,1629,0,2,1,2,0,1,0,0.00,76.24 ,50
03,003,00,009,0257,0,758,9,767,969,0,2,1,2,0,1,0,0.00,79.15 ,50
03,003,00,009,0258,0,1164,15,1179,1513,0,2,1,2,0,1,0,0.00,77.92 ,50
03,003,00,009,0259,0,2005,22,2027,2575,0,2,1,2,0,1,0,0.00,78.72 ,50
03,003,00,009,0260,0,983,13,996,1382,0,2,1,2,0,1,0,0.00,72.07 ,50
03,003,00,009,0261,0,941,9,950,1195,0,2,1,2,0,1,0,0.00,79.50 ,50
03,003,00,010,0262,0,1850,15,1865,2276,0,2,1,2,0,1,0,0.00,81.94 ,50
03,003,00,010,0263,0,2112,27,2139,2658,0,2,1,2,0,1,0,0.00,80.47 ,50
03,003,00,010,0264,0,854,7,861,1055,0,2,1,2,0,1,0,0.00,81.61 ,50
03,003,00,010,0265,0,1889,28,1917,2434,0,2,1,2,0,1,0,0.00,78.76 ,50
03,003,00,010,0266,0,1194,16,1210,1563,0,2,1,2,0,1,0,0.00,77.42 ,50
03,003,00,010,0267,0,811,9,820,1030,0,2,1,2,0,1,0,0.00,79.61 ,50
03,003,00,010,0268,0,1038,15,1053,1297,0,2,1,2,0,1,0,0.00,81.19 ,50
03,003,00,010,0269,0,1326,18,1344,1769,0,2,1,2,0,1,0,0.00,75.98 ,50
03,003,00,010,0270,0,1242,10,1252,1610,0,2,1,2,0,1,0,0.00,77.76 ,50
03,003,00,010,0271,0,1908,36,1944,2537,0,2,1,2,0,1,0,0.00,76.63 ,50
03,003,00,010,0272,0,1023,5,1028,1369,0,2,1,2,0,1,0,0.00,75.09 ,50
03,003,00,010,0273,0,1165,15,1180,1540,0,2,1,2,0,1,0,0.00,76.62 ,50
03,003,00,010,0274,0,843,13,856,1146,0,2,1,2,0,1,0,0.00,74.69 ,50
03,003,00,010,0275,0,611,5,616,805,0,2,1,2,0,1,0,0.00,76.52 ,50
03,003,00,010,0276,0,548,3,551,717,0,2,1,2,0,1,0,0.00,76.85 ,50
03,003,00,010,0277,0,840,5,845,1096,0,2,1,2,0,1,0,0.00,77.10 ,50
03,003,00,010,0278,0,819,9,828,1101,0,2,1,2,0,1,0,0.00,75.20 ,50
03,003,00,010,0279,0,1620,25,1645,2080,0,2,1,2,0,1,0,0.00,79.09 ,50
03,003,00,010,0280,0,723,7,730,945,0,2,1,2,0,1,0,0.00,77.25 ,50
03,003,00,010,0281,0,552,4,556,736,0,2,1,2,0,1,0,0.00,75.54 ,50
03,003,00,010,0282,0,651,9,660,831,0,2,1,2,0,1,0,0.00,79.42 ,50
03,003,00,010,0283,0,1144,15,1159,1450,0,2,1,2,0,1,0,0.00,79.93 ,50
03,003,00,010,0284,0,800,9,809,1030,0,2,1,2,0,1,0,0.00,78.54 ,50
03,003,00,011,0285,0,2374,31,2405,3043,0,2,1,2,0,1,0,0.00,79.03 ,50
03,003,00,011,0286,0,2197,30,2227,2819,0,2,1,2,0,1,0,0.00,79.00 ,50
03,003,00,011,0287,0,1962,18,1980,2632,0,2,1,2,0,1,0,0.00,75.23 ,50
03,003,00,011,0288,0,1343,16,1359,1752,0,2,1,2,0,1,0,0.00,77.57 ,50
03,003,00,011,0289,0,1213,13,1226,1588,0,2,1,2,0,1,0,0.00,77.20 ,50
03,003,00,011,0290,0,1660,14,1674,2082,0,2,1,2,0,1,0,0.00,80.40 ,50
03,003,00,011,0291,0,1736,33,1769,2266,0,2,1,2,0,1,0,0.00,78.07 ,50
03,003,00,011,0292,0,1214,17,1231,1504,0,2,1,2,0,1,0,0.00,81.85 ,50
03,003,00,011,0293,0,2274,33,2307,2916,0,2,1,2,0,1,0,0.00,79.12 ,50
03,003,00,011,0294,0,1968,19,1987,2479,0,2,1,2,0,1,0,0.00,80.15 ,50
03,003,00,011,0295,0,1477,17,1494,1960,0,2,1,2,0,1,0,0.00,76.22 ,50
03,003,00,011,0296,0,1847,41,1888,2423,0,2,1,2,0,1,0,0.00,77.92 ,50
03,003,00,011,0297,0,2214,26,2240,2814,0,2,1,2,0,1,0,0.00,79.60 ,50
03,003,00,011,0298,0,1711,21,1732,2230,0,2,1,2,0,1,0,0.00,77.67 ,50
03,003,00,011,0299,0,983,19,1002,1341,0,2,1,2,0,1,0,0.00,74.72 ,50
03,003,00,011,0300,0,985,13,998,1245,0,2,1,2,0,1,0,0.00,80.16 ,50
03,003,00,011,0301,0,1956,23,1979,2439,0,2,1,2,0,1,0,0.00,81.14 ,50
03,003,00,011,0302,0,2057,32,2089,2616,0,2,1,2,0,1,0,0.00,79.85 ,50
03,003,00,011,0303,0,2008,36,2044,2572,0,2,1,2,0,1,0,0.00,79.47 ,50
03,003,00,011,0304,0,1534,20,1554,1995,0,2,1,2,0,1,0,0.00,77.89 ,50
03,003,00,011,0305,0,1824,29,1853,2383,0,2,1,2,0,1,0,0.00,77.76 ,50
03,003,00,011,0306,0,2465,35,2500,3247,0,2,1,2,0,1,0,0.00,76.99 ,50
03,003,00,011,0307,0,2966,38,3004,3824,0,2,1,2,0,1,0,0.00,78.56 ,50
03,003,00,011,0308,0,1003,14,1017,1295,0,2,1,2,0,1,0,0.00,78.53 ,50
03,003,00,011,0309,0,3078,56,3134,3999,0,2,1,2,0,1,0,0.00,78.37 ,50
03,003,00,011,0310,0,1779,30,1809,2351,0,2,1,2,0,1,0,0.00,76.95 ,50
03,003,00,011,0311,0,2411,25,2436,3112,0,2,1,2,0,1,0,0.00,78.28 ,50
03,003,00,011,0312,0,2168,26,2194,2765,0,2,1,2,0,1,0,0.00,79.35 ,50
03,003,00,011,0313,0,3101,27,3128,4008,0,2,1,2,0,1,0,0.00,78.04 ,50
03,003,00,011,0314,0,2993,43,3036,3826,0,2,1,2,0,1,0,0.00,79.35 ,50
03,003,00,011,0315,0,2125,27,2152,2760,0,2,1,2,0,1,0,0.00,77.97 ,50
03,003,00,011,0316,0,2031,38,2069,2650,0,2,1,2,0,1,0,0.00,78.08 ,50
03,003,00,011,0317,0,2318,40,2358,3110,0,2,1,2,0,1,0,0.00,75.82 ,50
03,003,00,011,0318,0,2431,40,2471,3118,0,2,1,2,0,1,0,0.00,79.25 ,50
03,003,00,011,0319,0,1611,14,1625,2150,0,2,1,2,0,1,0,0.00,75.58 ,50
03,003,00,011,0320,0,2267,39,2306,2913,0,2,1,2,0,1,0,0.00,79.16 ,50
03,003,00,011,0321,0,1480,20,1500,1941,0,2,1,2,0,1,0,0.00,77.28 ,50
03,003,00,011,0322,0,4320,52,4372,5522,0,2,1,2,0,1,0,0.00,79.17 ,50
03,003,00,011,0323,0,2172,20,2192,2810,0,2,1,2,0,1,0,0.00,78.01 ,50
03,003,00,011,0324,0,1459,22,1481,1838,0,2,1,2,0,1,0,0.00,80.58 ,50
03,003,00,011,0325,0,1686,27,1713,2202,0,2,1,2,0,1,0,0.00,77.79 ,50
03,003,00,012,0326,0,2878,42,2920,3664,0,2,1,2,0,1,0,0.00,79.69 ,50
03,003,00,012,0327,0,1274,20,1294,1609,0,2,1,2,0,1,0,0.00,80.42 ,50
03,003,00,012,0328,0,2022,24,2046,2541,0,2,1,2,0,1,0,0.00,80.52 ,50
03,003,00,012,0329,0,1362,17,1379,1714,0,2,1,2,0,1,0,0.00,80.46 ,50
03,003,00,012,0330,0,1384,13,1397,1756,0,2,1,2,0,1,0,0.00,79.56 ,50
03,003,00,012,0331,0,4161,53,4214,5546,0,2,1,2,0,1,0,0.00,75.98 ,50
03,003,00,012,0332,0,3949,44,3993,5315,0,2,1,2,0,1,0,0.00,75.13 ,50
03,003,00,012,0333,0,2987,35,3022,3772,0,2,1,2,0,1,0,0.00,80.12 ,50
03,003,00,012,0334,0,2226,26,2252,2772,0,2,1,2,0,1,0,0.00,81.24 ,50
03,003,00,012,0335,0,872,14,886,1145,0,2,1,2,0,1,0,0.00,77.38 ,50
03,003,00,012,0336,0,1253,16,1269,1643,0,2,1,2,0,1,0,0.00,77.24 ,50
03,003,00,012,0337,0,1668,21,1689,2065,0,2,1,2,0,1,0,0.00,81.79 ,50
03,003,00,012,0338,0,2392,33,2425,2942,0,2,1,2,0,1,0,0.00,82.43 ,50
03,003,00,012,0339,0,4152,65,4217,5275,0,2,1,2,0,1,0,0.00,79.94 ,50
03,003,00,012,0340,0,1142,13,1155,1435,0,2,1,2,0,1,0,0.00,80.49 ,50
03,003,00,012,0341,0,2139,38,2177,2762,0,2,1,2,0,1,0,0.00,78.82 ,50
03,003,00,012,0342,0,2962,66,3028,3867,0,2,1,2,0,1,0,0.00,78.30 ,50
03,003,00,012,0343,0,1138,26,1164,1511,0,2,1,2,0,1,0,0.00,77.04 ,50
03,003,00,012,0344,0,1204,17,1221,1528,0,2,1,2,0,1,0,0.00,79.91 ,50
03,003,00,012,0345,0,1862,38,1900,2428,0,2,1,2,0,1,0,0.00,78.25 ,50
03,003,00,012,0346,0,1490,18,1508,1891,0,2,1,2,0,1,0,0.00,79.75 ,50
03,003,00,012,0347,0,2606,46,2652,3514,0,2,1,2,0,1,0,0.00,75.47 ,50
03,003,00,012,0348,0,3403,62,3465,4478,0,2,1,2,0,1,0,0.00,77.38 ,50
03,003,00,012,0349,0,2105,24,2129,2679,0,2,1,2,0,1,0,0.00,79.47 ,50
03,003,00,012,0350,0,1971,33,2004,2560,0,2,1,2,0,1,0,0.00,78.28 ,50
03,003,00,013,0351,0,3756,47,3803,4816,0,2,1,2,0,1,0,0.00,78.97 ,50
03,003,00,013,0352,0,2544,24,2568,3152,0,2,1,2,0,1,0,0.00,81.47 ,50
03,003,00,013,0353,0,3294,61,3355,4323,0,2,1,2,0,1,0,0.00,77.61 ,50
03,003,00,013,0354,0,584,8,592,741,0,2,1,2,0,1,0,0.00,79.89 ,50
03,003,00,013,0355,0,3742,49,3791,4839,0,2,1,2,0,1,0,0.00,78.34 ,50
03,003,00,013,0356,0,3444,62,3506,4528,0,2,1,2,0,1,0,0.00,77.43 ,50
03,003,00,013,0357,0,1595,29,1624,2061,0,2,1,2,0,1,0,0.00,78.80 ,50
03,003,00,013,0358,0,1628,15,1643,1987,0,2,1,2,0,1,0,0.00,82.69 ,50
03,003,00,013,0359,0,4226,63,4289,5387,0,2,1,2,0,1,0,0.00,79.62 ,50
03,003,00,013,0360,0,2735,43,2778,3583,0,2,1,2,0,1,0,0.00,77.53 ,50
03,003,00,013,0361,0,5192,90,5282,6813,0,2,1,2,0,1,0,0.00,77.53 ,50
03,003,00,013,0362,0,2250,18,2268,2796,0,2,1,2,0,1,0,0.00,81.12 ,50
03,003,00,013,0363,0,968,10,978,1262,0,2,1,2,0,1,0,0.00,77.50 ,50
03,003,00,013,0364,0,582,5,587,761,0,2,1,2,0,1,0,0.00,77.14 ,50
03,003,00,013,0365,0,4965,42,5007,6207,0,2,1,2,0,1,0,0.00,80.67 ,50
03,003,00,013,0366,0,1468,19,1487,1886,0,2,1,2,0,1,0,0.00,78.84 ,50
03,003,00,013,0367,0,1507,26,1533,1938,0,2,1,2,0,1,0,0.00,79.10 ,50
03,003,00,013,0368,0,657,12,669,850,0,2,1,2,0,1,0,0.00,78.71 ,50
03,003,00,013,0369,0,521,8,529,659,0,2,1,2,0,1,0,0.00,80.27 ,50
03,004,00,001,0001,0,753,11,764,945,0,2,1,2,0,1,0,0.00,80.85 ,50
03,004,00,001,0002,0,354,6,360,437,0,2,1,2,0,1,0,0.00,82.38 ,50
03,004,00,001,0003,0,966,10,976,1207,0,2,1,2,0,1,0,0.00,80.86 ,50
03,004,00,001,0004,0,596,7,603,740,0,2,1,2,0,1,0,0.00,81.49 ,50
03,004,00,001,0005,0,1689,9,1698,2107,0,2,1,2,0,1,0,0.00,80.59 ,50
03,004,00,001,0006,0,2712,27,2739,3424,0,2,1,2,0,1,0,0.00,79.99 ,50
03,004,00,001,0007,0,4356,46,4402,5523,0,2,1,2,0,1,0,0.00,79.70 ,50
03,004,00,001,0008,0,1900,25,1925,2424,0,2,1,2,0,1,0,0.00,79.41 ,50
03,004,00,001,0009,0,3573,41,3614,4592,0,2,1,2,0,1,0,0.00,78.70 ,50
03,004,00,001,0010,0,4452,44,4496,5682,0,2,1,2,0,1,0,0.00,79.13 ,50
03,004,00,001,0011,0,2055,18,2073,2637,0,2,1,2,0,1,0,0.00,78.61 ,50
03,004,00,001,0012,0,2841,39,2880,3686,0,2,1,2,0,1,0,0.00,78.13 ,50
03,004,00,001,0013,0,2129,25,2154,2763,0,2,1,2,0,1,0,0.00,77.96 ,50
03,004,00,001,0014,0,1776,36,1812,2289,0,2,1,2,0,1,0,0.00,79.16 ,50
03,004,00,001,0015,0,812,8,820,1005,0,2,1,2,0,1,0,0.00,81.59 ,50
03,004,00,001,0016,0,1081,19,1100,1412,0,2,1,2,0,1,0,0.00,77.90 ,50
03,004,00,001,0017,0,535,9,544,725,0,2,1,2,0,1,0,0.00,75.03 ,50
03,004,00,001,0018,0,1045,19,1064,1354,0,2,1,2,0,1,0,0.00,78.58 ,50
03,004,00,001,0019,0,768,14,782,973,0,2,1,2,0,1,0,0.00,80.37 ,50
03,004,00,001,0020,0,902,13,915,1204,0,2,1,2,0,1,0,0.00,76.00 ,50
03,004,00,001,0021,0,922,12,934,1179,0,2,1,2,0,1,0,0.00,79.22 ,50
03,004,00,001,0022,0,956,8,964,1251,0,2,1,2,0,1,0,0.00,77.06 ,50
03,004,00,001,0023,0,1036,17,1053,1343,0,2,1,2,0,1,0,0.00,78.41 ,50
03,004,00,002,0024,0,379,2,381,499,0,2,1,2,0,1,0,0.00,76.35 ,50
03,004,00,002,0025,0,268,6,274,379,0,2,1,2,0,1,0,0.00,72.30 ,50
03,004,00,002,0026,0,323,4,327,403,0,2,1,2,0,1,0,0.00,81.14 ,50
03,004,00,002,0027,0,1348,13,1361,1709,0,2,1,2,0,1,0,0.00,79.64 ,50
03,004,00,002,0028,0,3834,51,3885,4850,0,2,1,2,0,1,0,0.00,80.10 ,50
03,004,00,002,0029,0,2067,19,2086,2594,0,2,1,2,0,1,0,0.00,80.42 ,50
03,004,00,002,0030,0,1178,16,1194,1445,0,2,1,2,0,1,0,0.00,82.63 ,50
03,004,00,002,0031,0,2226,25,2251,2787,0,2,1,2,0,1,0,0.00,80.77 ,50
03,004,00,002,0032,0,1606,11,1617,1975,0,2,1,2,0,1,0,0.00,81.87 ,50
03,004,00,002,0033,0,978,6,984,1202,0,2,1,2,0,1,0,0.00,81.86 ,50
03,004,00,002,0034,0,670,4,674,819,0,2,1,2,0,1,0,0.00,82.30 ,50
03,004,00,002,0035,0,1664,19,1683,2103,0,2,1,2,0,1,0,0.00,80.03 ,50
03,004,00,002,0036,0,2579,34,2613,3282,0,2,1,2,0,1,0,0.00,79.62 ,50
03,004,00,002,0037,0,1864,24,1888,2433,0,2,1,2,0,1,0,0.00,77.60 ,50
03,004,00,002,0038,0,1237,12,1249,1527,0,2,1,2,0,1,0,0.00,81.79 ,50
03,004,00,002,0039,0,999,16,1015,1287,0,2,1,2,0,1,0,0.00,78.87 ,50
03,004,00,002,0040,0,1183,11,1194,1452,0,2,1,2,0,1,0,0.00,82.23 ,50
03,004,00,002,0041,0,3910,58,3968,4906,0,2,1,2,0,1,0,0.00,80.88 ,50
03,004,00,002,0042,0,2915,39,2954,3732,0,2,1,2,0,1,0,0.00,79.15 ,50
03,004,00,002,0043,0,353,4,357,439,0,2,1,2,0,1,0,0.00,81.32 ,50
03,004,00,002,0044,0,3070,38,3108,3869,0,2,1,2,0,1,0,0.00,80.33 ,50
03,004,00,002,0045,0,3970,66,4036,4988,0,2,1,2,0,1,0,0.00,80.91 ,50
03,004,00,002,0046,0,2512,32,2544,3153,0,2,1,2,0,1,0,0.00,80.69 ,50
03,004,00,002,0047,0,1017,12,1029,1305,0,2,1,2,0,1,0,0.00,78.85 ,50
03,004,00,002,0048,0,534,10,544,695,0,2,1,2,0,1,0,0.00,78.27 ,50
03,004,00,003,0049,0,792,9,801,975,0,2,1,2,0,1,0,0.00,82.15 ,50
03,004,00,003,0050,0,555,4,559,666,0,2,1,2,0,1,0,0.00,83.93 ,50
03,004,00,003,0051,0,787,17,804,1014,0,2,1,2,0,1,0,0.00,79.29 ,50
03,004,00,003,0052,0,1823,32,1855,2219,0,2,1,2,0,1,0,0.00,83.60 ,50
03,004,00,003,0053,0,1240,18,1258,1579,0,2,1,2,0,1,0,0.00,79.67 ,50
03,004,00,003,0054,0,1291,16,1307,1612,0,2,1,2,0,1,0,0.00,81.08 ,50
03,004,00,003,0055,0,1975,50,2025,2492,0,2,1,2,0,1,0,0.00,81.26 ,50
03,004,00,003,0056,0,1117,9,1126,1397,0,2,1,2,0,1,0,0.00,80.60 ,50
03,004,00,003,0057,0,350,6,356,436,0,2,1,2,0,1,0,0.00,81.65 ,50
03,004,00,003,0058,0,550,4,554,705,0,2,1,2,0,1,0,0.00,78.58 ,50
03,004,00,003,0059,0,484,10,494,614,0,2,1,2,0,1,0,0.00,80.46 ,50
03,004,00,003,0060,0,903,8,911,1114,0,2,1,2,0,1,0,0.00,81.78 ,50
03,004,00,003,0061,0,884,13,897,1109,0,2,1,2,0,1,0,0.00,80.88 ,50
03,004,00,003,0062,0,558,6,564,707,0,2,1,2,0,1,0,0.00,79.77 ,50
03,004,00,003,0063,0,2642,45,2687,3346,0,2,1,2,0,1,0,0.00,80.30 ,50
03,004,00,003,0064,0,1181,18,1199,1488,0,2,1,2,0,1,0,0.00,80.58 ,50
03,004,00,003,0065,0,1251,15,1266,1608,0,2,1,2,0,1,0,0.00,78.73 ,50
03,004,00,003,0066,0,769,10,779,958,0,2,1,2,0,1,0,0.00,81.32 ,50
03,004,00,003,0067,0,526,6,532,659,0,2,1,2,0,1,0,0.00,80.73 ,50
03,004,00,004,0068,0,521,6,527,623,0,2,1,2,0,1,0,0.00,84.59 ,50
03,004,00,004,0069,0,1211,13,1224,1483,0,2,1,2,0,1,0,0.00,82.54 ,50
03,004,00,004,0070,0,607,7,614,740,0,2,1,2,0,1,0,0.00,82.97 ,50
03,004,00,004,0071,0,2634,38,2672,3338,0,2,1,2,0,1,0,0.00,80.05 ,50
03,004,00,004,0072,0,622,6,628,765,0,2,1,2,0,1,0,0.00,82.09 ,50
03,004,00,004,0073,0,698,13,711,888,0,2,1,2,0,1,0,0.00,80.07 ,50
03,004,00,004,0074,0,844,11,855,1047,0,2,1,2,0,1,0,0.00,81.66 ,50
03,004,00,004,0075,0,1896,27,1923,2442,0,2,1,2,0,1,0,0.00,78.75 ,50
03,004,00,004,0076,0,574,8,582,736,0,2,1,2,0,1,0,0.00,79.08 ,50
03,004,00,004,0077,0,899,8,907,1117,0,2,1,2,0,1,0,0.00,81.20 ,50
03,004,00,004,0078,0,779,12,791,1007,0,2,1,2,0,1,0,0.00,78.55 ,50
03,004,00,004,0079,0,470,7,477,616,0,2,1,2,0,1,0,0.00,77.44 ,50
03,004,00,004,0080,0,417,4,421,548,0,2,1,2,0,1,0,0.00,76.82 ,50
03,004,00,004,0081,0,532,6,538,684,0,2,1,2,0,1,0,0.00,78.65 ,50
03,004,00,004,0082,0,854,6,860,1144,0,2,1,2,0,1,0,0.00,75.17 ,50
03,004,00,004,0083,0,572,6,578,720,0,2,1,2,0,1,0,0.00,80.28 ,50
03,004,00,004,0084,0,1453,20,1473,1824,0,2,1,2,0,1,0,0.00,80.76 ,50
03,004,00,004,0085,0,761,13,774,994,0,2,1,2,0,1,0,0.00,77.87 ,50
03,004,00,004,0086,0,688,5,693,869,0,2,1,2,0,1,0,0.00,79.75 ,50
03,004,00,004,0087,0,488,5,493,597,0,2,1,2,0,1,0,0.00,82.58 ,50
03,004,00,004,0088,0,613,12,625,772,0,2,1,2,0,1,0,0.00,80.96 ,50
03,004,00,005,0089,0,3282,53,3335,4208,0,2,1,2,0,1,0,0.00,79.25 ,50
03,004,00,005,0090,0,2220,35,2255,2790,0,2,1,2,0,1,0,0.00,80.82 ,50
03,004,00,005,0091,0,2733,50,2783,3434,0,2,1,2,0,1,0,0.00,81.04 ,50
03,004,00,005,0092,0,665,5,670,819,0,2,1,2,0,1,0,0.00,81.81 ,50
03,004,00,005,0093,0,878,7,885,1071,0,2,1,2,0,1,0,0.00,82.63 ,50
03,004,00,005,0094,0,3271,46,3317,4042,0,2,1,2,0,1,0,0.00,82.06 ,50
03,004,00,005,0095,0,3445,45,3490,4370,0,2,1,2,0,1,0,0.00,79.86 ,50
03,004,00,005,0096,0,624,6,630,828,0,2,1,2,0,1,0,0.00,76.09 ,50
03,004,00,005,0097,0,1612,30,1642,2065,0,2,1,2,0,1,0,0.00,79.52 ,50
03,004,00,005,0098,0,747,11,758,987,0,2,1,2,0,1,0,0.00,76.80 ,50
03,004,00,005,0099,0,1582,18,1600,1988,0,2,1,2,0,1,0,0.00,80.48 ,50
03,004,00,005,0100,0,1599,22,1621,1999,0,2,1,2,0,1,0,0.00,81.09 ,50
03,004,00,005,0101,0,969,12,981,1242,0,2,1,2,0,1,0,0.00,78.99 ,50
03,004,00,005,0102,0,2335,32,2367,2935,0,2,1,2,0,1,0,0.00,80.65 ,50
03,004,00,005,0103,0,3297,58,3355,4265,0,2,1,2,0,1,0,0.00,78.66 ,50
03,004,00,005,0104,0,1818,34,1852,2390,0,2,1,2,0,1,0,0.00,77.49 ,50
03,004,00,006,0105,0,589,4,593,745,0,2,1,2,0,1,0,0.00,79.60 ,50
03,004,00,006,0106,0,1172,18,1190,1545,0,2,1,2,0,1,0,0.00,77.02 ,50
03,004,00,006,0107,0,949,11,960,1273,0,2,1,2,0,1,0,0.00,75.41 ,50
03,004,00,006,0108,0,1455,19,1474,1930,0,2,1,2,0,1,0,0.00,76.37 ,50
03,004,00,006,0109,0,563,7,570,718,0,2,1,2,0,1,0,0.00,79.39 ,50
03,004,00,006,0110,0,1586,21,1607,1977,0,2,1,2,0,1,0,0.00,81.28 ,50
03,004,00,006,0111,0,819,48,867,1113,0,2,1,2,0,1,0,0.00,77.90 ,50
03,004,00,006,0112,0,1175,10,1185,1480,0,2,1,2,0,1,0,0.00,80.07 ,50
03,004,00,006,0113,0,3597,115,3712,4766,0,2,1,2,0,1,0,0.00,77.89 ,50
03,004,00,006,0114,0,867,13,880,1134,0,2,1,2,0,1,0,0.00,77.60 ,50
03,004,00,006,0115,0,706,12,718,903,0,2,1,2,0,1,0,0.00,79.51 ,50
03,004,00,006,0116,0,3920,112,4032,5126,0,2,1,2,0,1,0,0.00,78.66 ,50
03,004,00,006,0117,0,2679,38,2717,3538,0,2,1,2,0,1,0,0.00,76.79 ,50
03,004,00,007,0118,0,336,1,337,422,0,2,1,2,0,1,0,0.00,79.86 ,50
03,004,00,007,0119,0,408,8,416,498,0,2,1,2,0,1,0,0.00,83.53 ,50
03,004,00,007,0120,0,617,10,627,745,0,2,1,2,0,1,0,0.00,84.16 ,50
03,004,00,007,0121,0,316,4,320,396,0,2,1,2,0,1,0,0.00,80.81 ,50
03,004,00,007,0122,0,1634,22,1656,2087,0,2,1,2,0,1,0,0.00,79.35 ,50
03,004,00,007,0123,0,1159,17,1176,1455,0,2,1,2,0,1,0,0.00,80.82 ,50
03,004,00,007,0124,0,439,4,443,536,0,2,1,2,0,1,0,0.00,82.65 ,50
03,004,00,007,0125,0,494,7,501,621,0,2,1,2,0,1,0,0.00,80.68 ,50
03,004,00,007,0126,0,1443,26,1469,1792,0,2,1,2,0,1,0,0.00,81.98 ,50
03,004,00,007,0127,0,1105,18,1123,1372,0,2,1,2,0,1,0,0.00,81.85 ,50
03,004,00,007,0128,0,1673,14,1687,2086,0,2,1,2,0,1,0,0.00,80.87 ,50
03,004,00,007,0129,0,816,10,826,999,0,2,1,2,0,1,0,0.00,82.68 ,50
03,004,00,008,0130,0,2557,39,2596,3271,0,2,1,2,0,1,0,0.00,79.36 ,50
03,004,00,008,0131,0,711,4,715,826,0,2,1,2,0,1,0,0.00,86.56 ,50
03,004,00,008,0132,0,127,1,128,153,0,2,1,2,0,1,0,0.00,83.66 ,50
03,004,00,008,0133,0,97,1,98,129,0,2,1,2,0,1,0,0.00,75.97 ,50
03,004,00,008,0134,0,269,0,269,318,0,2,1,2,0,1,0,0.00,84.59 ,50
03,004,00,008,0135,0,914,21,935,1200,0,2,1,2,0,1,0,0.00,77.92 ,50
03,004,00,008,0136,0,662,14,676,859,0,2,1,2,0,1,0,0.00,78.70 ,50
03,004,00,008,0137,0,376,7,383,482,0,2,1,2,0,1,0,0.00,79.46 ,50
03,004,00,008,0138,0,917,8,925,1153,0,2,1,2,0,1,0,0.00,80.23 ,50
03,004,00,008,0139,0,1286,14,1300,1557,0,2,1,2,0,1,0,0.00,83.49 ,50
03,004,00,008,0140,0,1066,15,1081,1316,0,2,1,2,0,1,0,0.00,82.14 ,50
03,004,00,009,0141,0,882,15,897,1119,0,2,1,2,0,1,0,0.00,80.16 ,50
03,004,00,009,0142,0,1062,14,1076,1320,0,2,1,2,0,1,0,0.00,81.52 ,50
03,004,00,009,0143,0,386,10,396,485,0,2,1,2,0,1,0,0.00,81.65 ,50
03,004,00,009,0144,0,1884,27,1911,2356,0,2,1,2,0,1,0,0.00,81.11 ,50
03,004,00,009,0145,0,596,13,609,781,0,2,1,2,0,1,0,0.00,77.98 ,50
03,004,00,009,0146,0,280,5,285,337,0,2,1,2,0,1,0,0.00,84.57 ,50
03,004,00,009,0147,0,505,5,510,613,0,2,1,2,0,1,0,0.00,83.20 ,50
03,004,00,009,0148,0,258,0,258,346,0,2,1,2,0,1,0,0.00,74.57 ,50
03,004,00,009,0149,0,224,1,225,300,0,2,1,2,0,1,0,0.00,75.00 ,50
03,004,00,010,0150,0,2220,25,2245,2826,0,2,1,2,0,1,0,0.00,79.44 ,50
03,004,00,010,0151,0,720,14,734,902,0,2,1,2,0,1,0,0.00,81.37 ,50
03,004,00,010,0152,0,558,10,568,732,0,2,1,2,0,1,0,0.00,77.60 ,50
03,004,00,010,0153,0,833,13,846,1082,0,2,1,2,0,1,0,0.00,78.19 ,50
03,004,00,010,0154,0,498,8,506,655,0,2,1,2,0,1,0,0.00,77.25 ,50
03,004,00,010,0155,0,564,4,568,704,0,2,1,2,0,1,0,0.00,80.68 ,50
03,004,00,010,0156,0,498,5,503,604,0,2,1,2,0,1,0,0.00,83.28 ,50
03,004,00,010,0157,0,435,11,446,559,0,2,1,2,0,1,0,0.00,79.79 ,50
03,004,00,010,0158,0,439,7,446,539,0,2,1,2,0,1,0,0.00,82.75 ,50
03,004,00,011,0159,0,701,6,707,883,0,2,1,2,0,1,0,0.00,80.07 ,50
03,004,00,011,0160,0,569,4,573,707,0,2,1,2,0,1,0,0.00,81.05 ,50
03,004,00,011,0161,0,480,8,488,622,0,2,1,2,0,1,0,0.00,78.46 ,50
03,004,00,011,0162,0,500,7,507,650,0,2,1,2,0,1,0,0.00,78.00 ,50
03,004,00,011,0163,0,923,8,931,1217,0,2,1,2,0,1,0,0.00,76.50 ,50
03,004,00,011,0164,0,721,6,727,976,0,2,1,2,0,1,0,0.00,74.49 ,50
03,004,00,012,0165,0,517,9,526,695,0,2,1,2,0,1,0,0.00,75.68 ,50
03,004,00,012,0166,0,161,7,168,254,0,2,1,2,0,1,0,0.00,66.14 ,50
03,004,00,012,0167,0,270,3,273,357,0,2,1,2,0,1,0,0.00,76.47 ,50
03,004,00,012,0168,0,702,15,717,1009,0,2,1,2,0,1,0,0.00,71.06 ,50
03,004,00,012,0169,0,638,10,648,903,0,2,1,2,0,1,0,0.00,71.76 ,50
03,004,00,012,0170,0,331,4,335,472,0,2,1,2,0,1,0,0.00,70.97 ,50
03,004,00,012,0171,0,429,12,441,642,0,2,1,2,0,1,0,0.00,68.69 ,50
03,004,00,012,0172,0,616,27,643,1026,0,2,1,2,0,1,0,0.00,62.67 ,50
03,004,00,013,0173,0,952,13,965,1332,0,2,1,2,0,1,0,0.00,72.45 ,50
03,004,00,013,0174,0,373,24,397,613,0,2,1,2,0,1,0,0.00,64.76 ,50
03,004,00,013,0175,0,130,6,136,211,0,2,1,2,0,1,0,0.00,64.45 ,50
03,004,00,013,0176,0,829,14,843,1195,0,2,1,2,0,1,0,0.00,70.54 ,50
03,005,00,001,0001,0,656,8,664,840,0,2,1,2,0,1,0,0.00,79.05 ,50
03,005,00,001,0002,0,824,9,833,1064,0,2,1,2,0,1,0,0.00,78.29 ,50
03,005,00,001,0003,0,2154,26,2180,2778,0,2,1,2,0,1,0,0.00,78.47 ,50
03,005,00,001,0004,0,2723,19,2742,3551,0,2,1,2,0,1,0,0.00,77.22 ,50
03,005,00,001,0005,0,1624,13,1637,2100,0,2,1,2,0,1,0,0.00,77.95 ,50
03,005,00,001,0006,0,2490,30,2520,3198,0,2,1,2,0,1,0,0.00,78.80 ,50
03,005,00,001,0007,0,690,10,700,903,0,2,1,2,0,1,0,0.00,77.52 ,50
03,005,00,001,0008,0,1833,24,1857,2458,0,2,1,2,0,1,0,0.00,75.55 ,50
03,005,00,001,0009,0,768,6,774,996,0,2,1,2,0,1,0,0.00,77.71 ,50
03,005,00,001,0010,0,910,10,920,1188,0,2,1,2,0,1,0,0.00,77.44 ,50
03,005,00,001,0011,0,498,6,504,681,0,2,1,2,0,1,0,0.00,74.01 ,50
03,005,00,001,0012,0,1179,13,1192,1508,0,2,1,2,0,1,0,0.00,79.05 ,50
03,005,00,001,0013,0,1694,17,1711,2207,0,2,1,2,0,1,0,0.00,77.53 ,50
03,005,00,001,0014,0,2722,48,2770,3532,0,2,1,2,0,1,0,0.00,78.43 ,50
03,005,00,001,0015,0,2287,18,2305,2905,0,2,1,2,0,1,0,0.00,79.35 ,50
03,005,00,001,0016,0,1442,16,1458,1788,0,2,1,2,0,1,0,0.00,81.54 ,50
03,005,00,001,0017,0,2720,32,2752,3486,0,2,1,2,0,1,0,0.00,78.94 ,50
03,005,00,001,0018,0,4027,55,4082,5152,0,2,1,2,0,1,0,0.00,79.23 ,50
03,005,00,001,0019,0,3814,44,3858,4887,0,2,1,2,0,1,0,0.00,78.94 ,50
03,005,00,001,0020,0,2570,26,2596,3284,0,2,1,2,0,1,0,0.00,79.05 ,50
03,005,00,001,0021,0,3007,32,3039,3927,0,2,1,2,0,1,0,0.00,77.39 ,50
03,005,00,001,0022,0,2813,39,2852,3682,0,2,1,2,0,1,0,0.00,77.46 ,50
03,005,00,001,0023,0,783,11,794,1052,0,2,1,2,0,1,0,0.00,75.48 ,50
03,005,00,001,0024,0,2054,37,2091,2779,0,2,1,2,0,1,0,0.00,75.24 ,50
03,005,00,002,0025,0,1223,11,1234,1524,0,2,1,2,0,1,0,0.00,80.97 ,50
03,005,00,002,0026,0,1245,13,1258,1586,0,2,1,2,0,1,0,0.00,79.32 ,50
03,005,00,002,0027,0,709,8,717,917,0,2,1,2,0,1,0,0.00,78.19 ,50
03,005,00,002,0028,0,965,13,978,1282,0,2,1,2,0,1,0,0.00,76.29 ,50
03,005,00,002,0029,0,810,7,817,1055,0,2,1,2,0,1,0,0.00,77.44 ,50
03,005,00,002,0030,0,1215,14,1229,1462,0,2,1,2,0,1,0,0.00,84.06 ,50
03,005,00,002,0031,0,764,3,767,964,0,2,1,2,0,1,0,0.00,79.56 ,50
03,005,00,002,0032,0,1519,21,1540,1896,0,2,1,2,0,1,0,0.00,81.22 ,50
03,005,00,002,0033,0,2205,20,2225,2741,0,2,1,2,0,1,0,0.00,81.17 ,50
03,005,00,002,0034,0,1384,18,1402,1705,0,2,1,2,0,1,0,0.00,82.23 ,50
03,005,00,002,0035,0,728,4,732,998,0,2,1,2,0,1,0,0.00,73.35 ,50
03,005,00,002,0036,0,461,4,465,621,0,2,1,2,0,1,0,0.00,74.88 ,50
03,005,00,002,0037,0,823,12,835,1097,0,2,1,2,0,1,0,0.00,76.12 ,50
03,005,00,002,0038,0,1303,11,1314,1627,0,2,1,2,0,1,0,0.00,80.76 ,50
03,005,00,002,0039,0,1158,16,1174,1435,0,2,1,2,0,1,0,0.00,81.81 ,50
03,005,00,002,0040,0,1006,12,1018,1295,0,2,1,2,0,1,0,0.00,78.61 ,50
03,005,00,002,0041,0,543,4,547,645,0,2,1,2,0,1,0,0.00,84.81 ,50
03,005,00,002,0042,0,757,13,770,966,0,2,1,2,0,1,0,0.00,79.71 ,50
03,005,00,002,0043,0,595,8,603,767,0,2,1,2,0,1,0,0.00,78.62 ,50
03,005,00,002,0044,0,1060,13,1073,1312,0,2,1,2,0,1,0,0.00,81.78 ,50
03,005,00,002,0045,0,1230,21,1251,1554,0,2,1,2,0,1,0,0.00,80.50 ,50
03,005,00,002,0046,0,1084,27,1111,1357,0,2,1,2,0,1,0,0.00,81.87 ,50
03,005,00,002,0047,0,1461,21,1482,1825,0,2,1,2,0,1,0,0.00,81.21 ,50
03,005,00,002,0048,0,829,7,836,1013,0,2,1,2,0,1,0,0.00,82.53 ,50
03,005,00,002,0049,0,887,12,899,1109,0,2,1,2,0,1,0,0.00,81.06 ,50
03,005,00,003,0050,0,1040,12,1052,1282,0,2,1,2,0,1,0,0.00,82.06 ,50
03,005,00,003,0051,0,1750,13,1763,2145,0,2,1,2,0,1,0,0.00,82.19 ,50
03,005,00,003,0052,0,2514,15,2529,3150,0,2,1,2,0,1,0,0.00,80.29 ,50
03,005,00,003,0053,0,999,11,1010,1240,0,2,1,2,0,1,0,0.00,81.45 ,50
03,005,00,003,0054,0,1108,25,1133,1402,0,2,1,2,0,1,0,0.00,80.81 ,50
03,005,00,003,0055,0,1115,11,1126,1397,0,2,1,2,0,1,0,0.00,80.60 ,50
03,005,00,003,0056,0,1785,25,1810,2236,0,2,1,2,0,1,0,0.00,80.95 ,50
03,005,00,003,0057,0,944,12,956,1241,0,2,1,2,0,1,0,0.00,77.03 ,50
03,005,00,003,0058,0,511,6,517,711,0,2,1,2,0,1,0,0.00,72.71 ,50
03,005,00,003,0059,0,664,6,670,845,0,2,1,2,0,1,0,0.00,79.29 ,50
03,005,00,003,0060,0,816,6,822,1075,0,2,1,2,0,1,0,0.00,76.47 ,50
03,005,00,003,0061,0,588,8,596,736,0,2,1,2,0,1,0,0.00,80.98 ,50
03,005,00,003,0062,0,612,3,615,774,0,2,1,2,0,1,0,0.00,79.46 ,50
03,005,00,003,0063,0,1390,13,1403,1681,0,2,1,2,0,1,0,0.00,83.46 ,50
03,005,00,003,0064,0,451,4,455,595,0,2,1,2,0,1,0,0.00,76.47 ,50
03,005,00,003,0065,0,750,4,754,959,0,2,1,2,0,1,0,0.00,78.62 ,50
03,005,00,003,0066,0,391,3,394,543,0,2,1,2,0,1,0,0.00,72.56 ,50
03,005,00,003,0067,0,500,12,512,656,0,2,1,2,0,1,0,0.00,78.05 ,50
03,005,00,003,0068,0,1589,17,1606,2051,0,2,1,2,0,1,0,0.00,78.30 ,50
03,005,00,003,0069,0,915,14,929,1242,0,2,1,2,0,1,0,0.00,74.80 ,50
03,005,00,003,0070,0,585,11,596,767,0,2,1,2,0,1,0,0.00,77.71 ,50
03,005,00,003,0071,0,1598,19,1617,2211,0,2,1,2,0,1,0,0.00,73.13 ,50
03,005,00,004,0072,0,1297,8,1305,1575,0,2,1,2,0,1,0,0.00,82.86 ,50
03,005,00,004,0073,0,1834,21,1855,2292,0,2,1,2,0,1,0,0.00,80.93 ,50
03,005,00,004,0074,0,1634,11,1645,1991,0,2,1,2,0,1,0,0.00,82.62 ,50
03,005,00,004,0075,0,2011,26,2037,2509,0,2,1,2,0,1,0,0.00,81.19 ,50
03,005,00,004,0076,0,2416,25,2441,2952,0,2,1,2,0,1,0,0.00,82.69 ,50
03,005,00,004,0077,0,1754,12,1766,2185,0,2,1,2,0,1,0,0.00,80.82 ,50
03,005,00,004,0078,0,1640,14,1654,1986,0,2,1,2,0,1,0,0.00,83.28 ,50
03,005,00,004,0079,0,1985,23,2008,2572,0,2,1,2,0,1,0,0.00,78.07 ,50
03,005,00,004,0080,0,2652,27,2679,3190,0,2,1,2,0,1,0,0.00,83.98 ,50
03,005,00,004,0081,0,3280,35,3315,4185,0,2,1,2,0,1,0,0.00,79.21 ,50
03,005,00,004,0082,0,754,8,762,914,0,2,1,2,0,1,0,0.00,83.37 ,50
03,005,00,004,0083,0,1453,8,1461,1750,0,2,1,2,0,1,0,0.00,83.49 ,50
03,005,00,004,0084,0,840,16,856,1058,0,2,1,2,0,1,0,0.00,80.91 ,50
03,005,00,004,0085,0,944,11,955,1191,0,2,1,2,0,1,0,0.00,80.18 ,50
03,005,00,004,0086,0,425,4,429,504,0,2,1,2,0,1,0,0.00,85.12 ,50
03,005,00,004,0087,0,1426,17,1443,1804,0,2,1,2,0,1,0,0.00,79.99 ,50
03,005,00,004,0088,0,978,15,993,1173,0,2,1,2,0,1,0,0.00,84.65 ,50
03,005,00,004,0089,0,788,10,798,980,0,2,1,2,0,1,0,0.00,81.43 ,50
03,005,00,004,0090,0,2288,39,2327,2779,0,2,1,2,0,1,0,0.00,83.74 ,50
03,005,00,004,0091,0,1618,28,1646,2029,0,2,1,2,0,1,0,0.00,81.12 ,50
03,005,00,004,0092,0,1558,22,1580,1974,0,2,1,2,0,1,0,0.00,80.04 ,50
03,005,00,004,0093,0,707,8,715,863,0,2,1,2,0,1,0,0.00,82.85 ,50
03,005,00,005,0094,0,1421,18,1439,1875,0,2,1,2,0,1,0,0.00,76.75 ,50
03,005,00,005,0095,0,1488,20,1508,1885,0,2,1,2,0,1,0,0.00,80.00 ,50
03,005,00,005,0096,0,2047,27,2074,2696,0,2,1,2,0,1,0,0.00,76.93 ,50
03,005,00,005,0097,0,2631,26,2657,3363,0,2,1,2,0,1,0,0.00,79.01 ,50
03,005,00,005,0098,0,1982,15,1997,2644,0,2,1,2,0,1,0,0.00,75.53 ,50
03,005,00,005,0099,0,1654,22,1676,2132,0,2,1,2,0,1,0,0.00,78.61 ,50
03,005,00,005,0100,0,647,9,656,862,0,2,1,2,0,1,0,0.00,76.10 ,50
03,005,00,005,0101,0,1496,27,1523,2004,0,2,1,2,0,1,0,0.00,76.00 ,50
03,005,00,005,0102,0,2974,18,2992,3791,0,2,1,2,0,1,0,0.00,78.92 ,50
03,005,00,005,0103,0,597,6,603,774,0,2,1,2,0,1,0,0.00,77.91 ,50
03,005,00,005,0104,0,1123,15,1138,1447,0,2,1,2,0,1,0,0.00,78.65 ,50
03,005,00,005,0105,0,787,20,807,999,0,2,1,2,0,1,0,0.00,80.78 ,50
03,005,00,005,0106,0,1236,30,1266,1613,0,2,1,2,0,1,0,0.00,78.49 ,50
03,005,00,005,0107,0,1409,13,1422,1811,0,2,1,2,0,1,0,0.00,78.52 ,50
03,005,00,005,0108,0,2407,33,2440,3134,0,2,1,2,0,1,0,0.00,77.86 ,50
03,005,00,005,0109,0,4260,58,4318,5570,0,2,1,2,0,1,0,0.00,77.52 ,50
03,005,00,005,0110,0,1625,25,1650,2126,0,2,1,2,0,1,0,0.00,77.61 ,50
03,005,00,005,0111,0,829,14,843,1076,0,2,1,2,0,1,0,0.00,78.35 ,50
03,005,00,005,0112,0,3413,44,3457,4558,0,2,1,2,0,1,0,0.00,75.84 ,50
03,005,00,005,0113,0,1912,27,1939,2525,0,2,1,2,0,1,0,0.00,76.79 ,50
03,005,00,005,0114,0,1057,17,1074,1338,0,2,1,2,0,1,0,0.00,80.27 ,50
03,005,00,005,0115,0,1023,19,1042,1300,0,2,1,2,0,1,0,0.00,80.15 ,50
03,005,00,005,0116,0,619,7,626,801,0,2,1,2,0,1,0,0.00,78.15 ,50
03,005,00,005,0117,0,1796,24,1820,2380,0,2,1,2,0,1,0,0.00,76.47 ,50
03,005,00,005,0118,0,1230,39,1269,1623,0,2,1,2,0,1,0,0.00,78.19 ,50
03,005,00,006,0119,0,1134,16,1150,1518,0,2,1,2,0,1,0,0.00,75.76 ,50
03,005,00,006,0120,0,794,7,801,957,0,2,1,2,0,1,0,0.00,83.70 ,50
03,005,00,006,0121,0,1152,13,1165,1435,0,2,1,2,0,1,0,0.00,81.18 ,50
03,005,00,006,0122,0,2204,29,2233,2833,0,2,1,2,0,1,0,0.00,78.82 ,50
03,005,00,006,0123,0,1559,18,1577,2030,0,2,1,2,0,1,0,0.00,77.68 ,50
03,005,00,006,0124,0,983,17,1000,1259,0,2,1,2,0,1,0,0.00,79.43 ,50
03,005,00,006,0125,0,911,11,922,1167,0,2,1,2,0,1,0,0.00,79.01 ,50
03,005,00,006,0126,0,1573,28,1601,2014,0,2,1,2,0,1,0,0.00,79.49 ,50
03,005,00,006,0127,0,991,17,1008,1311,0,2,1,2,0,1,0,0.00,76.89 ,50
03,005,00,006,0128,0,535,6,541,666,0,2,1,2,0,1,0,0.00,81.23 ,50
03,005,00,006,0129,0,971,16,987,1311,0,2,1,2,0,1,0,0.00,75.29 ,50
03,005,00,006,0130,0,1212,34,1246,1626,0,2,1,2,0,1,0,0.00,76.63 ,50
03,005,00,006,0131,0,1023,15,1038,1406,0,2,1,2,0,1,0,0.00,73.83 ,50
03,005,00,006,0132,0,762,13,775,1033,0,2,1,2,0,1,0,0.00,75.02 ,50
03,005,00,006,0133,0,877,29,906,1193,0,2,1,2,0,1,0,0.00,75.94 ,50
03,005,00,006,0134,0,828,12,840,1109,0,2,1,2,0,1,0,0.00,75.74 ,50
03,005,00,006,0135,0,595,14,609,786,0,2,1,2,0,1,0,0.00,77.48 ,50
03,005,00,006,0136,0,853,27,880,1127,0,2,1,2,0,1,0,0.00,78.08 ,50
03,005,00,006,0137,0,506,6,512,652,0,2,1,2,0,1,0,0.00,78.53 ,50
03,005,00,006,0138,0,973,8,981,1275,0,2,1,2,0,1,0,0.00,76.94 ,50
03,005,00,006,0139,0,619,5,624,869,0,2,1,2,0,1,0,0.00,71.81 ,50
03,005,00,006,0140,0,894,14,908,1337,0,2,1,2,0,1,0,0.00,67.91 ,50
03,005,00,006,0141,0,920,15,935,1343,0,2,1,2,0,1,0,0.00,69.62 ,50
03,005,00,007,0142,0,1640,14,1654,2083,0,2,1,2,0,1,0,0.00,79.40 ,50
03,005,00,007,0143,0,925,8,933,1162,0,2,1,2,0,1,0,0.00,80.29 ,50
03,005,00,007,0144,0,629,6,635,792,0,2,1,2,0,1,0,0.00,80.18 ,50
03,005,00,007,0145,0,1135,11,1146,1491,0,2,1,2,0,1,0,0.00,76.86 ,50
03,005,00,007,0146,0,796,13,809,1008,0,2,1,2,0,1,0,0.00,80.26 ,50
03,005,00,007,0147,0,427,7,434,576,0,2,1,2,0,1,0,0.00,75.35 ,50
03,005,00,007,0148,0,550,11,561,704,0,2,1,2,0,1,0,0.00,79.69 ,50
03,005,00,007,0149,0,1480,17,1497,1888,0,2,1,2,0,1,0,0.00,79.29 ,50
03,005,00,007,0150,0,1680,21,1701,2068,0,2,1,2,0,1,0,0.00,82.25 ,50
03,005,00,007,0151,0,1077,14,1091,1505,0,2,1,2,0,1,0,0.00,72.49 ,50
03,005,00,007,0152,0,499,12,511,741,0,2,1,2,0,1,0,0.00,68.96 ,50
03,005,00,008,0153,0,1339,10,1349,1783,0,2,1,2,0,1,0,0.00,75.66 ,50
03,005,00,008,0154,0,581,2,583,744,0,2,1,2,0,1,0,0.00,78.36 ,50
03,005,00,008,0155,0,1217,16,1233,1648,0,2,1,2,0,1,0,0.00,74.82 ,50
03,005,00,008,0156,0,995,30,1025,1385,0,2,1,2,0,1,0,0.00,74.01 ,50
03,005,00,008,0157,0,506,9,515,744,0,2,1,2,0,1,0,0.00,69.22 ,50
03,005,00,008,0158,0,956,15,971,1302,0,2,1,2,0,1,0,0.00,74.58 ,50
03,005,00,008,0159,0,560,11,571,784,0,2,1,2,0,1,0,0.00,72.83 ,50
03,005,00,008,0160,0,1060,23,1083,1513,0,2,1,2,0,1,0,0.00,71.58 ,50
03,005,00,008,0161,0,558,5,563,796,0,2,1,2,0,1,0,0.00,70.73 ,50
03,005,00,008,0162,0,400,3,403,567,0,2,1,2,0,1,0,0.00,71.08 ,50
03,005,00,008,0163,0,701,19,720,1007,0,2,1,2,0,1,0,0.00,71.50 ,50
03,005,00,008,0164,0,668,9,677,935,0,2,1,2,0,1,0,0.00,72.41 ,50
03,005,00,009,0165,0,1182,12,1194,1488,0,2,1,2,0,1,0,0.00,80.24 ,50
03,005,00,009,0166,0,1667,27,1694,2164,0,2,1,2,0,1,0,0.00,78.28 ,50
03,005,00,009,0167,0,1776,14,1790,2348,0,2,1,2,0,1,0,0.00,76.24 ,50
03,005,00,009,0168,0,1355,27,1382,1786,0,2,1,2,0,1,0,0.00,77.38 ,50
03,005,00,009,0169,0,1179,13,1192,1517,0,2,1,2,0,1,0,0.00,78.58 ,50
03,005,00,009,0170,0,731,8,739,947,0,2,1,2,0,1,0,0.00,78.04 ,50
03,005,00,009,0171,0,799,18,817,1077,0,2,1,2,0,1,0,0.00,75.86 ,50
03,005,00,009,0172,0,328,4,332,441,0,2,1,2,0,1,0,0.00,75.28 ,50
03,005,00,009,0173,0,1010,20,1030,1356,0,2,1,2,0,1,0,0.00,75.96 ,50
03,005,00,009,0174,0,1114,15,1129,1401,0,2,1,2,0,1,0,0.00,80.59 ,50
03,005,00,009,0175,0,268,0,268,351,0,2,1,2,0,1,0,0.00,76.35 ,50
03,005,00,009,0176,0,1309,14,1323,1656,0,2,1,2,0,1,0,0.00,79.89 ,50
03,005,00,009,0177,0,773,6,779,997,0,2,1,2,0,1,0,0.00,78.13 ,50
03,005,00,009,0178,0,993,20,1013,1334,0,2,1,2,0,1,0,0.00,75.94 ,50
03,005,00,009,0179,0,1000,10,1010,1318,0,2,1,2,0,1,0,0.00,76.63 ,50
03,005,00,009,0180,0,1023,2,1025,1336,0,2,1,2,0,1,0,0.00,76.72 ,50
03,005,00,009,0181,0,909,16,925,1190,0,2,1,2,0,1,0,0.00,77.73 ,50
03,005,00,009,0182,0,165,2,167,218,0,2,1,2,0,1,0,0.00,76.61 ,50
03,005,00,009,0183,0,265,0,265,339,0,2,1,2,0,1,0,0.00,78.17 ,50
03,005,00,010,0184,0,809,9,818,1058,0,2,1,2,0,1,0,0.00,77.32 ,50
03,005,00,010,0185,0,1257,25,1282,1628,0,2,1,2,0,1,0,0.00,78.75 ,50
03,005,00,010,0186,0,817,9,826,1114,0,2,1,2,0,1,0,0.00,74.15 ,50
03,005,00,010,0187,0,2985,41,3026,3829,0,2,1,2,0,1,0,0.00,79.03 ,50
03,005,00,010,0188,0,935,11,946,1231,0,2,1,2,0,1,0,0.00,76.85 ,50
03,005,00,010,0189,0,933,38,971,1314,0,2,1,2,0,1,0,0.00,73.90 ,50
03,005,00,010,0190,0,1793,28,1821,2409,0,2,1,2,0,1,0,0.00,75.59 ,50
03,005,00,010,0191,0,479,3,482,647,0,2,1,2,0,1,0,0.00,74.50 ,50
03,005,00,010,0192,0,406,5,411,580,0,2,1,2,0,1,0,0.00,70.86 ,50
03,005,00,010,0193,0,479,12,491,655,0,2,1,2,0,1,0,0.00,74.96 ,50
03,005,00,011,0194,0,1099,8,1107,1461,0,2,1,2,0,1,0,0.00,75.77 ,50
03,005,00,011,0195,0,577,5,582,778,0,2,1,2,0,1,0,0.00,74.81 ,50
03,005,00,011,0196,0,1078,13,1091,1580,0,2,1,2,0,1,0,0.00,69.05 ,50
03,005,00,011,0197,0,675,4,679,946,0,2,1,2,0,1,0,0.00,71.78 ,50
03,005,00,011,0198,0,814,8,822,1134,0,2,1,2,0,1,0,0.00,72.49 ,50
03,005,00,011,0199,0,833,15,848,1138,0,2,1,2,0,1,0,0.00,74.52 ,50
03,005,00,011,0200,0,782,8,790,1083,0,2,1,2,0,1,0,0.00,72.95 ,50
03,005,00,011,0201,0,601,12,613,893,0,2,1,2,0,1,0,0.00,68.65 ,50
03,005,00,011,0202,0,626,11,637,935,0,2,1,2,0,1,0,0.00,68.13 ,50
03,005,00,012,0203,0,1794,29,1823,2268,0,2,1,2,0,1,0,0.00,80.38 ,50
03,005,00,012,0204,0,1390,26,1416,1794,0,2,1,2,0,1,0,0.00,78.93 ,50
03,005,00,012,0205,0,445,7,452,574,0,2,1,2,0,1,0,0.00,78.75 ,50
03,005,00,012,0206,0,1148,24,1172,1469,0,2,1,2,0,1,0,0.00,79.78 ,50
03,005,00,012,0207,0,677,5,682,878,0,2,1,2,0,1,0,0.00,77.68 ,50
03,005,00,012,0208,0,280,6,286,377,0,2,1,2,0,1,0,0.00,75.86 ,50
03,005,00,012,0209,0,908,16,924,1163,0,2,1,2,0,1,0,0.00,79.45 ,50
03,005,00,012,0210,0,285,0,285,365,0,2,1,2,0,1,0,0.00,78.08 ,50
03,005,00,013,0211,0,3068,30,3098,3886,0,2,1,2,0,1,0,0.00,79.72 ,50
03,005,00,013,0212,0,1901,31,1932,2462,0,2,1,2,0,1,0,0.00,78.47 ,50
03,005,00,013,0213,0,1237,18,1255,1609,0,2,1,2,0,1,0,0.00,78.00 ,50
03,005,00,013,0214,0,1081,17,1098,1392,0,2,1,2,0,1,0,0.00,78.88 ,50
03,005,00,013,0215,0,984,21,1005,1258,0,2,1,2,0,1,0,0.00,79.89 ,50
03,005,00,013,0216,0,304,3,307,395,0,2,1,2,0,1,0,0.00,77.72 ,50
03,005,00,013,0217,0,911,13,924,1135,0,2,1,2,0,1,0,0.00,81.41 ,50
03,005,00,014,0218,0,499,4,503,657,0,2,1,2,0,1,0,0.00,76.56 ,50
03,005,00,014,0219,0,437,8,445,615,0,2,1,2,0,1,0,0.00,72.36 ,50
03,005,00,014,0220,0,689,7,696,971,0,2,1,2,0,1,0,0.00,71.68 ,50
03,005,00,014,0221,0,538,1,539,705,0,2,1,2,0,1,0,0.00,76.45 ,50
03,005,00,014,0222,0,748,5,753,1082,0,2,1,2,0,1,0,0.00,69.59 ,50
03,005,00,014,0223,0,387,10,397,553,0,2,1,2,0,1,0,0.00,71.79 ,50
03,005,00,014,0224,0,399,8,407,577,0,2,1,2,0,1,0,0.00,70.54 ,50
03,005,00,014,0225,0,854,12,866,1154,0,2,1,2,0,1,0,0.00,75.04 ,50
03,005,00,014,0226,0,494,6,500,720,0,2,1,2,0,1,0,0.00,69.44 ,50
03,005,00,015,0227,0,1248,11,1259,1565,0,2,1,2,0,1,0,0.00,80.45 ,50
03,005,00,015,0228,0,432,2,434,542,0,2,1,2,0,1,0,0.00,80.07 ,50
03,005,00,015,0229,0,719,5,724,936,0,2,1,2,0,1,0,0.00,77.35 ,50
03,005,00,015,0230,0,2252,21,2273,2790,0,2,1,2,0,1,0,0.00,81.47 ,50
03,005,00,015,0231,0,448,2,450,571,0,2,1,2,0,1,0,0.00,78.81 ,50
03,005,00,015,0232,0,447,7,454,546,0,2,1,2,0,1,0,0.00,83.15 ,50
03,005,00,015,0233,0,1003,16,1019,1330,0,2,1,2,0,1,0,0.00,76.62 ,50
03,005,00,015,0234,0,558,5,563,712,0,2,1,2,0,1,0,0.00,79.07 ,50
03,005,00,015,0235,0,801,18,819,1061,0,2,1,2,0,1,0,0.00,77.19 ,50
03,005,00,016,0236,0,1633,23,1656,2127,0,2,1,2,0,1,0,0.00,77.86 ,50
03,005,00,016,0237,0,466,8,474,589,0,2,1,2,0,1,0,0.00,80.48 ,50
03,005,00,016,0238,0,694,9,703,881,0,2,1,2,0,1,0,0.00,79.80 ,50
03,005,00,016,0239,0,209,4,213,261,0,2,1,2,0,1,0,0.00,81.61 ,50
03,005,00,016,0240,0,461,5,466,607,0,2,1,2,0,1,0,0.00,76.77 ,50
03,005,00,016,0241,0,529,9,538,716,0,2,1,2,0,1,0,0.00,75.14 ,50
03,005,00,016,0242,0,388,6,394,508,0,2,1,2,0,1,0,0.00,77.56 ,50
03,005,00,016,0243,0,277,4,281,345,0,2,1,2,0,1,0,0.00,81.45 ,50
03,005,00,017,0244,0,283,3,286,404,0,2,1,2,0,1,0,0.00,70.79 ,50
03,005,00,017,0245,0,506,8,514,695,0,2,1,2,0,1,0,0.00,73.96 ,50
03,005,00,017,0246,0,758,9,767,1039,0,2,1,2,0,1,0,0.00,73.82 ,50
03,005,00,017,0247,0,412,17,429,631,0,2,1,2,0,1,0,0.00,67.99 ,50
03,005,00,017,0248,0,466,5,471,697,0,2,1,2,0,1,0,0.00,67.58 ,50
03,005,00,017,0249,0,285,8,293,393,0,2,1,2,0,1,0,0.00,74.55 ,50
03,005,00,017,0250,0,564,19,583,811,0,2,1,2,0,1,0,0.00,71.89 ,50
03,005,00,018,0251,0,166,3,169,245,0,2,1,2,0,1,0,0.00,68.98 ,50
03,005,00,018,0252,0,536,9,545,913,0,2,1,2,0,1,0,0.00,59.69 ,50
03,005,00,018,0253,0,593,6,599,864,0,2,1,2,0,1,0,0.00,69.33 ,50
03,005,00,018,0254,0,278,0,278,393,0,2,1,2,0,1,0,0.00,70.74 ,50
03,005,00,018,0255,0,260,3,263,383,0,2,1,2,0,1,0,0.00,68.67 ,50
03,005,00,018,0256,0,240,3,243,363,0,2,1,2,0,1,0,0.00,66.94 ,50
03,005,00,018,0257,0,393,11,404,562,0,2,1,2,0,1,0,0.00,71.89 ,50
03,005,00,018,0258,0,331,7,338,461,0,2,1,2,0,1,0,0.00,73.32 ,50
03,006,00,001,0001,0,1614,22,1636,2057,0,2,1,2,0,1,0,0.00,79.53 ,50
03,006,00,001,0002,0,722,7,729,931,0,2,1,2,0,1,0,0.00,78.30 ,50
03,006,00,001,0003,0,613,6,619,787,0,2,1,2,0,1,0,0.00,78.65 ,50
03,006,00,001,0004,0,796,2,798,1001,0,2,1,2,0,1,0,0.00,79.72 ,50
03,006,00,001,0005,0,693,9,702,859,0,2,1,2,0,1,0,0.00,81.72 ,50
03,006,00,001,0006,0,3424,30,3454,4318,0,2,1,2,0,1,0,0.00,79.99 ,50
03,006,00,001,0007,0,1632,20,1652,2049,0,2,1,2,0,1,0,0.00,80.62 ,50
03,006,00,001,0008,0,1584,25,1609,2008,0,2,1,2,0,1,0,0.00,80.13 ,50
03,006,00,001,0009,0,2605,46,2651,3280,0,2,1,2,0,1,0,0.00,80.82 ,50
03,006,00,001,0010,0,4042,74,4116,5189,0,2,1,2,0,1,0,0.00,79.32 ,50
03,006,00,001,0011,0,1265,9,1274,1609,0,2,1,2,0,1,0,0.00,79.18 ,50
03,006,00,001,0012,0,969,12,981,1167,0,2,1,2,0,1,0,0.00,84.06 ,50
03,006,00,001,0013,0,1967,25,1992,2490,0,2,1,2,0,1,0,0.00,80.00 ,50
03,006,00,001,0014,0,773,4,777,922,0,2,1,2,0,1,0,0.00,84.27 ,50
03,006,00,001,0015,0,730,6,736,920,0,2,1,2,0,1,0,0.00,80.00 ,50
03,006,00,001,0016,0,3656,44,3700,4588,0,2,1,2,0,1,0,0.00,80.65 ,50
03,006,00,001,0017,0,1705,19,1724,2118,0,2,1,2,0,1,0,0.00,81.40 ,50
03,006,00,001,0018,0,2173,29,2202,2740,0,2,1,2,0,1,0,0.00,80.36 ,50
03,006,00,001,0019,0,4980,76,5056,6482,0,2,1,2,0,1,0,0.00,78.00 ,50
03,006,00,001,0020,0,3093,43,3136,3831,0,2,1,2,0,1,0,0.00,81.86 ,50
03,006,00,001,0021,0,1131,12,1143,1428,0,2,1,2,0,1,0,0.00,80.04 ,50
03,006,00,001,0022,0,898,5,903,1136,0,2,1,2,0,1,0,0.00,79.49 ,50
03,006,00,001,0023,0,3320,50,3370,4187,0,2,1,2,0,1,0,0.00,80.49 ,50
03,006,00,001,0024,0,5737,67,5804,7204,0,2,1,2,0,1,0,0.00,80.57 ,50
03,006,00,001,0025,0,2466,47,2513,3078,0,2,1,2,0,1,0,0.00,81.64 ,50
03,006,00,001,0026,0,1890,14,1904,2373,0,2,1,2,0,1,0,0.00,80.24 ,50
03,006,00,001,0027,0,3938,48,3986,5048,0,2,1,2,0,1,0,0.00,78.96 ,50
03,006,00,001,0028,0,6934,87,7021,8805,0,2,1,2,0,1,0,0.00,79.74 ,50
03,006,00,001,0029,0,1247,8,1255,1531,0,2,1,2,0,1,0,0.00,81.97 ,50
03,006,00,001,0030,0,2652,32,2684,3311,0,2,1,2,0,1,0,0.00,81.06 ,50
03,006,00,001,0031,0,2346,22,2368,2974,0,2,1,2,0,1,0,0.00,79.62 ,50
03,006,00,001,0032,0,2120,27,2147,2661,0,2,1,2,0,1,0,0.00,80.68 ,50
03,006,00,001,0033,0,1097,30,1127,1367,0,2,1,2,0,1,0,0.00,82.44 ,50
03,006,00,001,0034,0,1755,16,1771,2195,0,2,1,2,0,1,0,0.00,80.68 ,50
03,006,00,001,0035,0,1420,26,1446,1748,0,2,1,2,0,1,0,0.00,82.72 ,50
03,006,00,001,0036,0,2021,30,2051,2584,0,2,1,2,0,1,0,0.00,79.37 ,50
03,006,00,002,0037,0,866,20,886,1150,0,2,1,2,0,1,0,0.00,77.04 ,50
03,006,00,002,0038,0,716,6,722,897,0,2,1,2,0,1,0,0.00,80.49 ,50
03,006,00,002,0039,0,1281,13,1294,1595,0,2,1,2,0,1,0,0.00,81.13 ,50
03,006,00,002,0040,0,1579,23,1602,1983,0,2,1,2,0,1,0,0.00,80.79 ,50
03,006,00,002,0041,0,1822,20,1842,2310,0,2,1,2,0,1,0,0.00,79.74 ,50
03,006,00,002,0042,0,836,11,847,1093,0,2,1,2,0,1,0,0.00,77.49 ,50
03,006,00,002,0043,0,1275,19,1294,1621,0,2,1,2,0,1,0,0.00,79.83 ,50
03,006,00,002,0044,0,2528,29,2557,3247,0,2,1,2,0,1,0,0.00,78.75 ,50
03,006,00,002,0045,0,1411,32,1443,1858,0,2,1,2,0,1,0,0.00,77.66 ,50
03,006,00,002,0046,0,1885,21,1906,2453,0,2,1,2,0,1,0,0.00,77.70 ,50
03,006,00,002,0047,0,1135,22,1157,1481,0,2,1,2,0,1,0,0.00,78.12 ,50
03,006,00,002,0048,0,3339,42,3381,4288,0,2,1,2,0,1,0,0.00,78.85 ,50
03,006,00,002,0049,0,1159,19,1178,1483,0,2,1,2,0,1,0,0.00,79.43 ,50
03,006,00,002,0050,0,764,13,777,1011,0,2,1,2,0,1,0,0.00,76.85 ,50
03,006,00,002,0051,0,713,10,723,909,0,2,1,2,0,1,0,0.00,79.54 ,50
03,006,00,002,0052,0,1482,14,1496,1946,0,2,1,2,0,1,0,0.00,76.88 ,50
03,006,00,002,0053,0,972,11,983,1374,0,2,1,2,0,1,0,0.00,71.54 ,50
03,006,00,002,0054,0,1345,17,1362,1758,0,2,1,2,0,1,0,0.00,77.47 ,50
03,006,00,002,0055,0,1486,26,1512,1854,0,2,1,2,0,1,0,0.00,81.55 ,50
03,006,00,002,0056,0,1177,14,1191,1501,0,2,1,2,0,1,0,0.00,79.35 ,50
03,006,00,002,0057,0,917,13,930,1222,0,2,1,2,0,1,0,0.00,76.10 ,50
03,006,00,002,0058,0,1165,16,1181,1540,0,2,1,2,0,1,0,0.00,76.69 ,50
03,006,00,002,0059,0,582,9,591,749,0,2,1,2,0,1,0,0.00,78.91 ,50
03,006,00,002,0060,0,539,8,547,671,0,2,1,2,0,1,0,0.00,81.52 ,50
03,006,00,002,0061,0,1027,18,1045,1362,0,2,1,2,0,1,0,0.00,76.73 ,50
03,006,00,003,0062,0,911,6,917,1141,0,2,1,2,0,1,0,0.00,80.37 ,50
03,006,00,003,0063,0,968,4,972,1206,0,2,1,2,0,1,0,0.00,80.60 ,50
03,006,00,003,0064,0,1397,8,1405,1735,0,2,1,2,0,1,0,0.00,80.98 ,50
03,006,00,003,0065,0,582,8,590,712,0,2,1,2,0,1,0,0.00,82.87 ,50
03,006,00,003,0066,0,1376,11,1387,1657,0,2,1,2,0,1,0,0.00,83.71 ,50
03,006,00,003,0067,0,1497,18,1515,1860,0,2,1,2,0,1,0,0.00,81.45 ,50
03,006,00,003,0068,0,2394,26,2420,3009,0,2,1,2,0,1,0,0.00,80.43 ,50
03,006,00,003,0069,0,1193,9,1202,1465,0,2,1,2,0,1,0,0.00,82.05 ,50
03,006,00,003,0070,0,2168,22,2190,2726,0,2,1,2,0,1,0,0.00,80.34 ,50
03,006,00,003,0071,0,720,11,731,911,0,2,1,2,0,1,0,0.00,80.24 ,50
03,006,00,003,0072,0,731,8,739,918,0,2,1,2,0,1,0,0.00,80.50 ,50
03,006,00,003,0073,0,1861,30,1891,2288,0,2,1,2,0,1,0,0.00,82.65 ,50
03,006,00,003,0074,0,833,16,849,993,0,2,1,2,0,1,0,0.00,85.50 ,50
03,006,00,003,0075,0,873,13,886,1049,0,2,1,2,0,1,0,0.00,84.46 ,50
03,006,00,003,0076,0,1102,10,1112,1305,0,2,1,2,0,1,0,0.00,85.21 ,50
03,006,00,003,0077,0,3061,25,3086,3729,0,2,1,2,0,1,0,0.00,82.76 ,50
03,006,00,003,0078,0,815,7,822,985,0,2,1,2,0,1,0,0.00,83.45 ,50
03,006,00,003,0079,0,1074,14,1088,1347,0,2,1,2,0,1,0,0.00,80.77 ,50
03,006,00,003,0080,0,679,14,693,834,0,2,1,2,0,1,0,0.00,83.09 ,50
03,006,00,003,0081,0,2346,33,2379,2861,0,2,1,2,0,1,0,0.00,83.15 ,50
03,006,00,003,0082,0,934,9,943,1143,0,2,1,2,0,1,0,0.00,82.50 ,50
03,006,00,003,0083,0,2314,26,2340,2792,0,2,1,2,0,1,0,0.00,83.81 ,50
03,006,00,003,0084,0,1793,19,1812,2250,0,2,1,2,0,1,0,0.00,80.53 ,50
03,006,00,003,0085,0,2574,34,2608,3242,0,2,1,2,0,1,0,0.00,80.44 ,50
03,006,00,003,0086,0,1037,23,1060,1264,0,2,1,2,0,1,0,0.00,83.86 ,50
03,006,00,003,0087,0,1192,17,1209,1457,0,2,1,2,0,1,0,0.00,82.98 ,50
03,006,00,003,0088,0,879,15,894,1127,0,2,1,2,0,1,0,0.00,79.33 ,50
03,006,00,003,0089,0,835,20,855,1032,0,2,1,2,0,1,0,0.00,82.85 ,50
03,006,00,003,0090,0,953,17,970,1185,0,2,1,2,0,1,0,0.00,81.86 ,50
03,006,00,004,0091,0,969,11,980,1269,0,2,1,2,0,1,0,0.00,77.23 ,50
03,006,00,004,0092,0,863,7,870,1054,0,2,1,2,0,1,0,0.00,82.54 ,50
03,006,00,004,0093,0,1604,15,1619,1996,0,2,1,2,0,1,0,0.00,81.11 ,50
03,006,00,004,0094,0,576,8,584,741,0,2,1,2,0,1,0,0.00,78.81 ,50
03,006,00,004,0095,0,1649,14,1663,2014,0,2,1,2,0,1,0,0.00,82.57 ,50
03,006,00,004,0096,0,1103,7,1110,1357,0,2,1,2,0,1,0,0.00,81.80 ,50
03,006,00,004,0097,0,585,9,594,714,0,2,1,2,0,1,0,0.00,83.19 ,50
03,006,00,004,0098,0,390,3,393,494,0,2,1,2,0,1,0,0.00,79.55 ,50
03,006,00,004,0099,0,1886,29,1915,2353,0,2,1,2,0,1,0,0.00,81.39 ,50
03,006,00,004,0100,0,2714,32,2746,3354,0,2,1,2,0,1,0,0.00,81.87 ,50
03,006,00,004,0101,0,800,12,812,990,0,2,1,2,0,1,0,0.00,82.02 ,50
03,006,00,004,0102,0,1061,11,1072,1323,0,2,1,2,0,1,0,0.00,81.03 ,50
03,006,00,004,0103,0,2412,37,2449,2943,0,2,1,2,0,1,0,0.00,83.21 ,50
03,006,00,004,0104,0,1916,24,1940,2374,0,2,1,2,0,1,0,0.00,81.72 ,50
03,006,00,004,0105,0,1410,7,1417,1680,0,2,1,2,0,1,0,0.00,84.35 ,50
03,006,00,004,0106,0,2090,27,2117,2581,0,2,1,2,0,1,0,0.00,82.02 ,50
03,006,00,004,0107,0,1675,16,1691,2006,0,2,1,2,0,1,0,0.00,84.30 ,50
03,006,00,004,0108,0,1010,14,1024,1234,0,2,1,2,0,1,0,0.00,82.98 ,50
03,006,00,004,0109,0,974,7,981,1213,0,2,1,2,0,1,0,0.00,80.87 ,50
03,006,00,004,0110,0,963,17,980,1234,0,2,1,2,0,1,0,0.00,79.42 ,50
03,006,00,004,0111,0,764,15,779,962,0,2,1,2,0,1,0,0.00,80.98 ,50
03,006,00,004,0112,0,928,13,941,1217,0,2,1,2,0,1,0,0.00,77.32 ,50
03,006,00,004,0113,0,1496,12,1508,1905,0,2,1,2,0,1,0,0.00,79.16 ,50
03,006,00,004,0114,0,1634,25,1659,2032,0,2,1,2,0,1,0,0.00,81.64 ,50
03,006,00,004,0115,0,1314,17,1331,1643,0,2,1,2,0,1,0,0.00,81.01 ,50
03,006,00,004,0116,0,1527,18,1545,1989,0,2,1,2,0,1,0,0.00,77.68 ,50
03,006,00,004,0117,0,3588,51,3639,4587,0,2,1,2,0,1,0,0.00,79.33 ,50
03,006,00,004,0118,0,2215,25,2240,2783,0,2,1,2,0,1,0,0.00,80.49 ,50
03,006,00,004,0119,0,846,14,860,1059,0,2,1,2,0,1,0,0.00,81.21 ,50
03,006,00,004,0120,0,822,6,828,1034,0,2,1,2,0,1,0,0.00,80.08 ,50
03,006,00,004,0121,0,745,8,753,951,0,2,1,2,0,1,0,0.00,79.18 ,50
03,006,00,004,0122,0,822,8,830,1067,0,2,1,2,0,1,0,0.00,77.79 ,50
03,006,00,005,0123,0,1098,10,1108,1314,0,2,1,2,0,1,0,0.00,84.32 ,50
03,006,00,005,0124,0,1858,20,1878,2236,0,2,1,2,0,1,0,0.00,83.99 ,50
03,006,00,005,0125,0,936,9,945,1170,0,2,1,2,0,1,0,0.00,80.77 ,50
03,006,00,005,0126,0,457,6,463,552,0,2,1,2,0,1,0,0.00,83.88 ,50
03,006,00,005,0127,0,1757,17,1774,2186,0,2,1,2,0,1,0,0.00,81.15 ,50
03,006,00,005,0128,0,1924,24,1948,2360,0,2,1,2,0,1,0,0.00,82.54 ,50
03,006,00,005,0129,0,2462,27,2489,3017,0,2,1,2,0,1,0,0.00,82.50 ,50
03,006,00,005,0130,0,2694,29,2723,3312,0,2,1,2,0,1,0,0.00,82.22 ,50
03,006,00,005,0131,0,3565,26,3591,4335,0,2,1,2,0,1,0,0.00,82.84 ,50
03,006,00,005,0132,0,3603,48,3651,4437,0,2,1,2,0,1,0,0.00,82.29 ,50
03,006,00,005,0133,0,661,6,667,846,0,2,1,2,0,1,0,0.00,78.84 ,50
03,006,00,005,0134,0,1433,16,1449,1808,0,2,1,2,0,1,0,0.00,80.14 ,50
03,006,00,005,0135,0,2131,24,2155,2588,0,2,1,2,0,1,0,0.00,83.27 ,50
03,006,00,005,0136,0,872,11,883,1087,0,2,1,2,0,1,0,0.00,81.23 ,50
03,006,00,005,0137,0,969,14,983,1243,0,2,1,2,0,1,0,0.00,79.08 ,50
03,006,00,005,0138,0,1160,17,1177,1450,0,2,1,2,0,1,0,0.00,81.17 ,50
03,006,00,005,0139,0,2416,27,2443,3046,0,2,1,2,0,1,0,0.00,80.20 ,50
03,006,00,005,0140,0,2639,34,2673,3309,0,2,1,2,0,1,0,0.00,80.78 ,50
03,006,00,005,0141,0,1190,8,1198,1392,0,2,1,2,0,1,0,0.00,86.06 ,50
03,006,00,005,0142,0,1547,23,1570,1904,0,2,1,2,0,1,0,0.00,82.46 ,50
03,006,00,006,0143,0,1488,15,1503,1913,0,2,1,2,0,1,0,0.00,78.57 ,50
03,006,00,006,0144,0,1662,20,1682,2037,0,2,1,2,0,1,0,0.00,82.57 ,50
03,006,00,006,0145,0,2333,33,2366,2902,0,2,1,2,0,1,0,0.00,81.53 ,50
03,006,00,006,0146,0,443,5,448,556,0,2,1,2,0,1,0,0.00,80.58 ,50
03,006,00,006,0147,0,901,10,911,1097,0,2,1,2,0,1,0,0.00,83.04 ,50
03,006,00,006,0148,0,597,7,604,745,0,2,1,2,0,1,0,0.00,81.07 ,50
03,006,00,006,0149,0,3067,31,3098,3701,0,2,1,2,0,1,0,0.00,83.71 ,50
03,006,00,006,0150,0,1407,23,1430,1721,0,2,1,2,0,1,0,0.00,83.09 ,50
03,006,00,006,0151,0,1800,29,1829,2202,0,2,1,2,0,1,0,0.00,83.06 ,50
03,006,00,006,0152,0,3381,47,3428,4175,0,2,1,2,0,1,0,0.00,82.11 ,50
03,006,00,006,0153,0,2274,21,2295,2806,0,2,1,2,0,1,0,0.00,81.79 ,50
03,006,00,006,0154,0,1334,30,1364,1603,0,2,1,2,0,1,0,0.00,85.09 ,50
03,006,00,006,0155,0,1582,24,1606,1882,0,2,1,2,0,1,0,0.00,85.33 ,50
03,006,00,006,0156,0,1555,13,1568,1858,0,2,1,2,0,1,0,0.00,84.39 ,50
03,006,00,007,0157,0,1464,20,1484,1864,0,2,1,2,0,1,0,0.00,79.61 ,50
03,006,00,007,0158,0,1907,22,1929,2296,0,2,1,2,0,1,0,0.00,84.02 ,50
03,006,00,007,0159,0,3704,60,3764,4687,0,2,1,2,0,1,0,0.00,80.31 ,50
03,006,00,007,0160,0,2545,28,2573,3061,0,2,1,2,0,1,0,0.00,84.06 ,50
03,006,00,007,0161,0,1334,12,1346,1590,0,2,1,2,0,1,0,0.00,84.65 ,50
03,006,00,007,0162,0,2909,44,2953,3498,0,2,1,2,0,1,0,0.00,84.42 ,50
03,006,00,007,0163,0,1492,11,1503,1786,0,2,1,2,0,1,0,0.00,84.15 ,50
03,006,00,007,0164,0,1741,28,1769,2129,0,2,1,2,0,1,0,0.00,83.09 ,50
03,006,00,007,0165,0,2159,21,2180,2611,0,2,1,2,0,1,0,0.00,83.49 ,50
03,006,00,007,0166,0,1402,19,1421,1680,0,2,1,2,0,1,0,0.00,84.58 ,50
03,006,00,007,0167,0,897,20,917,1079,0,2,1,2,0,1,0,0.00,84.99 ,50
03,006,00,007,0168,0,1143,25,1168,1400,0,2,1,2,0,1,0,0.00,83.43 ,50
03,006,00,007,0169,0,1415,25,1440,1760,0,2,1,2,0,1,0,0.00,81.82 ,50
03,006,00,007,0170,0,1733,22,1755,2096,0,2,1,2,0,1,0,0.00,83.73 ,50
03,006,00,007,0171,0,279,5,284,327,0,2,1,2,0,1,0,0.00,86.85 ,50
03,006,00,007,0172,0,1167,11,1178,1406,0,2,1,2,0,1,0,0.00,83.78 ,50
03,006,00,007,0173,0,1328,19,1347,1673,0,2,1,2,0,1,0,0.00,80.51 ,50
03,006,00,007,0174,0,993,13,1006,1223,0,2,1,2,0,1,0,0.00,82.26 ,50
03,006,00,008,0175,0,1718,29,1747,2145,0,2,1,2,0,1,0,0.00,81.45 ,50
03,006,00,008,0176,0,991,11,1002,1243,0,2,1,2,0,1,0,0.00,80.61 ,50
03,006,00,008,0177,0,1574,19,1593,1927,0,2,1,2,0,1,0,0.00,82.67 ,50
03,006,00,008,0178,0,1466,14,1480,1774,0,2,1,2,0,1,0,0.00,83.43 ,50
03,006,00,008,0179,0,1621,13,1634,2025,0,2,1,2,0,1,0,0.00,80.69 ,50
03,006,00,008,0180,0,1526,14,1540,1918,0,2,1,2,0,1,0,0.00,80.29 ,50
03,006,00,008,0181,0,2453,28,2481,3146,0,2,1,2,0,1,0,0.00,78.86 ,50
03,006,00,008,0182,0,696,5,701,892,0,2,1,2,0,1,0,0.00,78.59 ,50
03,006,00,008,0183,0,3323,29,3352,4110,0,2,1,2,0,1,0,0.00,81.56 ,50
03,006,00,008,0184,0,2507,32,2539,3111,0,2,1,2,0,1,0,0.00,81.61 ,50
03,006,00,008,0185,0,1465,13,1478,1830,0,2,1,2,0,1,0,0.00,80.77 ,50
03,006,00,008,0186,0,1216,41,1257,1591,0,2,1,2,0,1,0,0.00,79.01 ,50
03,006,00,008,0187,0,1697,12,1709,2118,0,2,1,2,0,1,0,0.00,80.69 ,50
03,006,00,008,0188,0,4227,69,4296,5380,0,2,1,2,0,1,0,0.00,79.85 ,50
03,006,00,008,0189,0,1610,24,1634,1999,0,2,1,2,0,1,0,0.00,81.74 ,50
03,006,00,008,0190,0,1779,53,1832,2177,0,2,1,2,0,1,0,0.00,84.15 ,50
03,006,00,009,0191,0,1222,14,1236,1490,0,2,1,2,0,1,0,0.00,82.95 ,50
03,006,00,009,0192,0,1530,21,1551,1905,0,2,1,2,0,1,0,0.00,81.42 ,50
03,006,00,009,0193,0,5459,61,5520,6841,0,2,1,2,0,1,0,0.00,80.69 ,50
03,006,00,009,0194,0,4014,40,4054,5085,0,2,1,2,0,1,0,0.00,79.72 ,50
03,006,00,009,0195,0,7447,78,7525,9716,0,2,1,2,0,1,0,0.00,77.45 ,50
03,006,00,009,0196,0,2480,28,2508,3135,0,2,1,2,0,1,0,0.00,80.00 ,50
03,006,00,009,0197,0,5342,79,5421,6682,0,2,1,2,0,1,0,0.00,81.13 ,50
03,006,00,009,0198,0,989,9,998,1166,0,2,1,2,0,1,0,0.00,85.59 ,50
03,006,00,009,0199,0,1719,21,1740,2147,0,2,1,2,0,1,0,0.00,81.04 ,50
03,006,00,009,0200,0,2958,32,2990,3712,0,2,1,2,0,1,0,0.00,80.55 ,50
03,006,00,009,0201,0,2375,23,2398,2923,0,2,1,2,0,1,0,0.00,82.04 ,50
03,006,00,009,0202,0,1148,18,1166,1468,0,2,1,2,0,1,0,0.00,79.43 ,50
03,006,00,009,0203,0,2139,33,2172,2649,0,2,1,2,0,1,0,0.00,81.99 ,50
03,006,00,010,0204,0,7561,87,7648,9713,0,2,1,2,0,1,0,0.00,78.74 ,50
03,006,00,010,0205,0,5393,72,5465,6915,0,2,1,2,0,1,0,0.00,79.03 ,50
03,006,00,010,0206,0,1691,19,1710,2135,0,2,1,2,0,1,0,0.00,80.09 ,50
03,006,00,010,0207,0,5280,88,5368,7043,0,2,1,2,0,1,0,0.00,76.22 ,50
03,006,00,010,0208,0,3416,42,3458,4277,0,2,1,2,0,1,0,0.00,80.85 ,50
03,006,00,010,0209,0,3765,46,3811,4762,0,2,1,2,0,1,0,0.00,80.03 ,50
03,006,00,010,0210,0,1893,30,1923,2328,0,2,1,2,0,1,0,0.00,82.60 ,50
03,006,00,010,0211,0,2082,25,2107,2578,0,2,1,2,0,1,0,0.00,81.73 ,50
03,006,00,010,0212,0,2478,50,2528,3178,0,2,1,2,0,1,0,0.00,79.55 ,50
03,006,00,011,0213,0,1922,23,1945,2398,0,2,1,2,0,1,0,0.00,81.11 ,50
03,006,00,011,0214,0,1304,22,1326,1670,0,2,1,2,0,1,0,0.00,79.40 ,50
03,006,00,011,0215,0,966,14,980,1191,0,2,1,2,0,1,0,0.00,82.28 ,50
03,006,00,011,0216,0,691,5,696,858,0,2,1,2,0,1,0,0.00,81.12 ,50
03,006,00,011,0217,0,929,13,942,1229,0,2,1,2,0,1,0,0.00,76.65 ,50
03,006,00,011,0218,0,1573,28,1601,1957,0,2,1,2,0,1,0,0.00,81.81 ,50
03,006,00,011,0219,0,1881,25,1906,2408,0,2,1,2,0,1,0,0.00,79.15 ,50
03,006,00,011,0220,0,697,6,703,880,0,2,1,2,0,1,0,0.00,79.89 ,50
03,006,00,011,0221,0,1922,27,1949,2440,0,2,1,2,0,1,0,0.00,79.88 ,50
03,006,00,011,0222,0,1024,17,1041,1278,0,2,1,2,0,1,0,0.00,81.46 ,50
03,006,00,011,0223,0,716,11,727,902,0,2,1,2,0,1,0,0.00,80.60 ,50
03,006,00,011,0224,0,489,7,496,613,0,2,1,2,0,1,0,0.00,80.91 ,50
03,006,00,011,0225,0,1040,18,1058,1402,0,2,1,2,0,1,0,0.00,75.46 ,50
03,006,00,012,0226,0,700,5,705,864,0,2,1,2,0,1,0,0.00,81.60 ,50
03,006,00,012,0227,0,874,7,881,1077,0,2,1,2,0,1,0,0.00,81.80 ,50
03,006,00,012,0228,0,716,11,727,927,0,2,1,2,0,1,0,0.00,78.43 ,50
03,006,00,012,0229,0,845,16,861,1060,0,2,1,2,0,1,0,0.00,81.23 ,50
03,006,00,012,0230,0,471,2,473,642,0,2,1,2,0,1,0,0.00,73.68 ,50
03,006,00,012,0231,0,973,8,981,1193,0,2,1,2,0,1,0,0.00,82.23 ,50
03,006,00,012,0232,0,1238,21,1259,1610,0,2,1,2,0,1,0,0.00,78.20 ,50
03,006,00,012,0233,0,777,10,787,973,0,2,1,2,0,1,0,0.00,80.88 ,50
03,006,00,012,0234,0,999,25,1024,1278,0,2,1,2,0,1,0,0.00,80.13 ,50
03,006,00,012,0235,0,1033,9,1042,1279,0,2,1,2,0,1,0,0.00,81.47 ,50
03,006,00,013,0236,0,796,7,803,935,0,2,1,2,0,1,0,0.00,85.88 ,50
03,006,00,013,0237,0,1032,16,1048,1251,0,2,1,2,0,1,0,0.00,83.77 ,50
03,006,00,013,0238,0,1230,17,1247,1515,0,2,1,2,0,1,0,0.00,82.31 ,50
03,006,00,013,0239,0,2586,32,2618,3144,0,2,1,2,0,1,0,0.00,83.27 ,50
03,006,00,013,0240,0,1662,28,1690,2017,0,2,1,2,0,1,0,0.00,83.79 ,50
03,006,00,013,0241,0,2900,60,2960,3630,0,2,1,2,0,1,0,0.00,81.54 ,50
03,006,00,013,0242,0,1053,23,1076,1283,0,2,1,2,0,1,0,0.00,83.87 ,50
03,006,00,013,0243,0,756,10,766,868,0,2,1,2,0,1,0,0.00,88.25 ,50
03,006,00,013,0244,0,1522,21,1543,1855,0,2,1,2,0,1,0,0.00,83.18 ,50
03,006,00,013,0245,0,1219,11,1230,1434,0,2,1,2,0,1,0,0.00,85.77 ,50
03,006,00,013,0246,0,922,18,940,1087,0,2,1,2,0,1,0,0.00,86.48 ,50
03,006,00,014,0247,0,855,8,863,1013,0,2,1,2,0,1,0,0.00,85.19 ,50
03,006,00,014,0248,0,833,6,839,1032,0,2,1,2,0,1,0,0.00,81.30 ,50
03,006,00,014,0249,0,1704,17,1721,2101,0,2,1,2,0,1,0,0.00,81.91 ,50
03,006,00,014,0250,0,947,15,962,1127,0,2,1,2,0,1,0,0.00,85.36 ,50
03,006,00,014,0251,0,820,15,835,1004,0,2,1,2,0,1,0,0.00,83.17 ,50
03,006,00,014,0252,0,1304,12,1316,1578,0,2,1,2,0,1,0,0.00,83.40 ,50
03,006,00,014,0253,0,658,8,666,800,0,2,1,2,0,1,0,0.00,83.25 ,50
03,006,00,014,0254,0,1189,16,1205,1460,0,2,1,2,0,1,0,0.00,82.53 ,50
03,006,00,014,0255,0,717,21,738,919,0,2,1,2,0,1,0,0.00,80.30 ,50
03,006,00,014,0256,0,1062,12,1074,1330,0,2,1,2,0,1,0,0.00,80.75 ,50
03,006,00,014,0257,0,965,6,971,1160,0,2,1,2,0,1,0,0.00,83.71 ,50
03,006,00,014,0258,0,529,7,536,633,0,2,1,2,0,1,0,0.00,84.68 ,50
03,006,00,015,0259,0,3696,46,3742,4629,0,2,1,2,0,1,0,0.00,80.84 ,50
03,006,00,015,0260,0,1775,14,1789,2307,0,2,1,2,0,1,0,0.00,77.55 ,50
03,006,00,015,0261,0,2923,46,2969,3669,0,2,1,2,0,1,0,0.00,80.92 ,50
03,006,00,015,0262,0,2091,23,2114,2531,0,2,1,2,0,1,0,0.00,83.52 ,50
03,006,00,015,0263,0,1588,15,1603,1956,0,2,1,2,0,1,0,0.00,81.95 ,50
03,006,00,015,0264,0,5326,78,5404,6752,0,2,1,2,0,1,0,0.00,80.04 ,50
03,006,00,015,0265,0,3088,44,3132,3850,0,2,1,2,0,1,0,0.00,81.35 ,50
03,006,00,015,0266,0,1574,19,1593,1909,0,2,1,2,0,1,0,0.00,83.45 ,50
03,006,00,015,0267,0,1025,11,1036,1253,0,2,1,2,0,1,0,0.00,82.68 ,50
03,006,00,015,0268,0,1525,16,1541,1850,0,2,1,2,0,1,0,0.00,83.30 ,50
03,006,00,015,0269,0,1117,12,1129,1349,0,2,1,2,0,1,0,0.00,83.69 ,50
03,006,00,015,0270,0,2306,26,2332,2854,0,2,1,2,0,1,0,0.00,81.71 ,50
03,006,00,015,0271,0,1124,17,1141,1360,0,2,1,2,0,1,0,0.00,83.90 ,50
03,006,00,015,0272,0,946,14,960,1132,0,2,1,2,0,1,0,0.00,84.81 ,50
03,006,00,015,0273,0,738,16,754,933,0,2,1,2,0,1,0,0.00,80.81 ,50
03,006,00,015,0274,0,611,14,625,806,0,2,1,2,0,1,0,0.00,77.54 ,50
03,006,00,016,0275,0,2460,33,2493,3086,0,2,1,2,0,1,0,0.00,80.78 ,50
03,006,00,016,0276,0,635,7,642,730,0,2,1,2,0,1,0,0.00,87.95 ,50
03,006,00,016,0277,0,2280,34,2314,2790,0,2,1,2,0,1,0,0.00,82.94 ,50
03,006,00,016,0278,0,912,13,925,1075,0,2,1,2,0,1,0,0.00,86.05 ,50
03,006,00,016,0279,0,1666,17,1683,1969,0,2,1,2,0,1,0,0.00,85.47 ,50
03,006,00,016,0280,0,1494,24,1518,1883,0,2,1,2,0,1,0,0.00,80.62 ,50
03,006,00,016,0281,0,1719,18,1737,2073,0,2,1,2,0,1,0,0.00,83.79 ,50
03,006,00,016,0282,0,1450,16,1466,1740,0,2,1,2,0,1,0,0.00,84.25 ,50
03,006,00,016,0283,0,688,4,692,793,0,2,1,2,0,1,0,0.00,87.26 ,50
03,006,00,016,0284,0,990,14,1004,1185,0,2,1,2,0,1,0,0.00,84.73 ,50
03,006,00,016,0285,0,1185,13,1198,1448,0,2,1,2,0,1,0,0.00,82.73 ,50
03,006,00,016,0286,0,665,7,672,782,0,2,1,2,0,1,0,0.00,85.93 ,50
03,006,00,016,0287,0,1066,16,1082,1323,0,2,1,2,0,1,0,0.00,81.78 ,50
03,006,00,016,0288,0,2215,22,2237,2695,0,2,1,2,0,1,0,0.00,83.01 ,50
03,006,00,016,0289,0,2582,36,2618,3322,0,2,1,2,0,1,0,0.00,78.81 ,50
03,006,00,016,0290,0,4221,57,4278,5597,0,2,1,2,0,1,0,0.00,76.43 ,50
03,006,00,017,0291,0,1187,11,1198,1458,0,2,1,2,0,1,0,0.00,82.17 ,50
03,006,00,017,0292,0,1565,26,1591,1890,0,2,1,2,0,1,0,0.00,84.18 ,50
03,006,00,017,0293,0,1114,7,1121,1308,0,2,1,2,0,1,0,0.00,85.70 ,50
03,006,00,017,0294,0,1620,34,1654,2016,0,2,1,2,0,1,0,0.00,82.04 ,50
03,006,00,017,0295,0,708,11,719,923,0,2,1,2,0,1,0,0.00,77.90 ,50
03,006,00,017,0296,0,1448,25,1473,1761,0,2,1,2,0,1,0,0.00,83.65 ,50
03,006,00,017,0297,0,2876,77,2953,3574,0,2,1,2,0,1,0,0.00,82.62 ,50
03,006,00,017,0298,0,1597,24,1621,1968,0,2,1,2,0,1,0,0.00,82.37 ,50
03,006,00,017,0299,0,2527,33,2560,3175,0,2,1,2,0,1,0,0.00,80.63 ,50
03,006,00,017,0300,0,1979,25,2004,2506,0,2,1,2,0,1,0,0.00,79.97 ,50
03,006,00,017,0301,0,2621,34,2655,3263,0,2,1,2,0,1,0,0.00,81.37 ,50
03,006,00,017,0302,0,1160,19,1179,1439,0,2,1,2,0,1,0,0.00,81.93 ,50
03,006,00,017,0303,0,2554,44,2598,3373,0,2,1,2,0,1,0,0.00,77.02 ,50
03,006,00,017,0304,0,906,15,921,1127,0,2,1,2,0,1,0,0.00,81.72 ,50
03,006,00,017,0305,0,4650,51,4701,6271,0,2,1,2,0,1,0,0.00,74.96 ,50
03,006,00,018,0306,0,895,14,909,1127,0,2,1,2,0,1,0,0.00,80.66 ,50
03,006,00,018,0307,0,4739,61,4800,6113,0,2,1,2,0,1,0,0.00,78.52 ,50
03,006,00,018,0308,0,3178,43,3221,4008,0,2,1,2,0,1,0,0.00,80.36 ,50
03,006,00,018,0309,0,1450,15,1465,1817,0,2,1,2,0,1,0,0.00,80.63 ,50
03,006,00,018,0310,0,1223,18,1241,1496,0,2,1,2,0,1,0,0.00,82.95 ,50
03,006,00,018,0311,0,674,9,683,833,0,2,1,2,0,1,0,0.00,81.99 ,50
03,006,00,018,0312,0,870,14,884,1132,0,2,1,2,0,1,0,0.00,78.09 ,50
03,006,00,018,0313,0,3768,38,3806,4753,0,2,1,2,0,1,0,0.00,80.08 ,50
03,006,00,018,0314,0,2115,26,2141,2518,0,2,1,2,0,1,0,0.00,85.03 ,50
03,006,00,018,0315,0,1089,6,1095,1274,0,2,1,2,0,1,0,0.00,85.95 ,50
03,006,00,018,0316,0,1550,10,1560,1873,0,2,1,2,0,1,0,0.00,83.29 ,50
03,006,00,018,0317,0,1721,19,1740,2090,0,2,1,2,0,1,0,0.00,83.25 ,50
03,006,00,018,0318,0,1322,24,1346,1648,0,2,1,2,0,1,0,0.00,81.67 ,50
03,006,00,018,0319,0,1141,18,1159,1361,0,2,1,2,0,1,0,0.00,85.16 ,50
03,006,00,018,0320,0,783,8,791,972,0,2,1,2,0,1,0,0.00,81.38 ,50
03,006,00,018,0321,0,1891,30,1921,2418,0,2,1,2,0,1,0,0.00,79.45 ,50
03,006,00,018,0322,0,1507,10,1517,1920,0,2,1,2,0,1,0,0.00,79.01 ,50
03,006,00,018,0323,0,2268,40,2308,2878,0,2,1,2,0,1,0,0.00,80.19 ,50
03,006,00,018,0324,0,858,6,864,1092,0,2,1,2,0,1,0,0.00,79.12 ,50
03,006,00,018,0325,0,1678,24,1702,2010,0,2,1,2,0,1,0,0.00,84.68 ,50
03,006,00,019,0326,0,3623,62,3685,4644,0,2,1,2,0,1,0,0.00,79.35 ,50
03,006,00,019,0327,0,3946,48,3994,5382,0,2,1,2,0,1,0,0.00,74.21 ,50
03,006,00,019,0328,0,3951,51,4002,5295,0,2,1,2,0,1,0,0.00,75.58 ,50
03,006,00,019,0329,0,3683,50,3733,4788,0,2,1,2,0,1,0,0.00,77.97 ,50
03,006,00,019,0330,0,5202,66,5268,6860,0,2,1,2,0,1,0,0.00,76.79 ,50
03,006,00,019,0331,0,3122,56,3178,4173,0,2,1,2,0,1,0,0.00,76.16 ,50
03,006,00,019,0332,0,5246,64,5310,6752,0,2,1,2,0,1,0,0.00,78.64 ,50
03,006,00,019,0333,0,4802,64,4866,6284,0,2,1,2,0,1,0,0.00,77.43 ,50
03,006,00,019,0334,0,4376,52,4428,5708,0,2,1,2,0,1,0,0.00,77.58 ,50
03,006,00,019,0335,0,7255,96,7351,9841,0,2,1,2,0,1,0,0.00,74.70 ,50
03,006,00,019,0336,0,5582,66,5648,7878,0,2,1,2,0,1,0,0.00,71.69 ,50
03,006,00,019,0337,0,4925,68,4993,6514,0,2,1,2,0,1,0,0.00,76.65 ,50
03,006,00,019,0338,0,2256,31,2287,2965,0,2,1,2,0,1,0,0.00,77.13 ,50
03,006,00,019,0339,0,2650,41,2691,3480,0,2,1,2,0,1,0,0.00,77.33 ,50
03,006,00,019,0340,0,950,19,969,1271,0,2,1,2,0,1,0,0.00,76.24 ,50
03,006,00,019,0341,0,3623,50,3673,4758,0,2,1,2,0,1,0,0.00,77.20 ,50
03,006,00,019,0342,0,736,8,744,918,0,2,1,2,0,1,0,0.00,81.05 ,50
03,006,00,019,0343,0,3091,57,3148,4061,0,2,1,2,0,1,0,0.00,77.52 ,50
03,006,00,019,0344,0,2113,28,2141,2822,0,2,1,2,0,1,0,0.00,75.87 ,50
03,006,00,020,0345,0,1988,16,2004,2458,0,2,1,2,0,1,0,0.00,81.53 ,50
03,006,00,020,0346,0,4646,63,4709,5969,0,2,1,2,0,1,0,0.00,78.89 ,50
03,006,00,020,0347,0,1991,22,2013,2461,0,2,1,2,0,1,0,0.00,81.80 ,50
03,006,00,020,0348,0,3900,43,3943,5201,0,2,1,2,0,1,0,0.00,75.81 ,50
03,006,00,020,0349,0,5548,63,5611,7301,0,2,1,2,0,1,0,0.00,76.85 ,50
03,006,00,020,0350,0,2012,23,2035,2556,0,2,1,2,0,1,0,0.00,79.62 ,50
03,006,00,020,0351,0,2214,33,2247,2819,0,2,1,2,0,1,0,0.00,79.71 ,50
03,006,00,020,0352,0,1081,11,1092,1307,0,2,1,2,0,1,0,0.00,83.55 ,50
03,006,00,020,0353,0,770,9,779,910,0,2,1,2,0,1,0,0.00,85.60 ,50
03,006,00,020,0354,0,5630,61,5691,7380,0,2,1,2,0,1,0,0.00,77.11 ,50
03,006,00,020,0355,0,2651,25,2676,3341,0,2,1,2,0,1,0,0.00,80.10 ,50
03,006,00,020,0356,0,4069,46,4115,5338,0,2,1,2,0,1,0,0.00,77.09 ,50
03,006,00,020,0357,0,3980,55,4035,5354,0,2,1,2,0,1,0,0.00,75.36 ,50
03,006,00,020,0358,0,5690,48,5738,7363,0,2,1,2,0,1,0,0.00,77.93 ,50
03,006,00,020,0359,0,2164,39,2203,2823,0,2,1,2,0,1,0,0.00,78.04 ,50
03,006,00,020,0360,0,7298,83,7381,9569,0,2,1,2,0,1,0,0.00,77.13 ,50
03,006,00,020,0361,0,5551,52,5603,7422,0,2,1,2,0,1,0,0.00,75.49 ,50
03,006,00,020,0362,0,4769,57,4826,6309,0,2,1,2,0,1,0,0.00,76.49 ,50
03,006,00,020,0363,0,3765,45,3810,4866,0,2,1,2,0,1,0,0.00,78.30 ,50
03,006,00,020,0364,0,5040,49,5089,6612,0,2,1,2,0,1,0,0.00,76.97 ,50
03,006,00,021,0365,0,1173,7,1180,1605,0,2,1,2,0,1,0,0.00,73.52 ,50
03,006,00,021,0366,0,330,3,333,462,0,2,1,2,0,1,0,0.00,72.08 ,50
03,006,00,021,0367,0,1215,11,1226,1639,0,2,1,2,0,1,0,0.00,74.80 ,50
03,006,00,021,0368,0,629,6,635,867,0,2,1,2,0,1,0,0.00,73.24 ,50
03,006,00,021,0369,0,677,6,683,872,0,2,1,2,0,1,0,0.00,78.33 ,50
03,006,00,021,0370,0,210,2,212,263,0,2,1,2,0,1,0,0.00,80.61 ,50
03,006,00,021,0371,0,1230,12,1242,1902,0,2,1,2,0,1,0,0.00,65.30 ,50
03,006,00,021,0372,0,509,7,516,775,0,2,1,2,0,1,0,0.00,66.58 ,50
03,007,00,001,0001,0,2044,26,2070,2700,0,2,1,2,0,1,0,0.00,76.67 ,50
03,007,00,001,0002,0,1714,21,1735,2213,0,2,1,2,0,1,0,0.00,78.40 ,50
03,007,00,001,0003,0,1154,5,1159,1470,0,2,1,2,0,1,0,0.00,78.84 ,50
03,007,00,001,0004,0,1315,10,1325,1665,0,2,1,2,0,1,0,0.00,79.58 ,50
03,007,00,001,0005,0,1731,22,1753,2230,0,2,1,2,0,1,0,0.00,78.61 ,50
03,007,00,001,0006,0,1870,20,1890,2324,0,2,1,2,0,1,0,0.00,81.33 ,50
03,007,00,001,0007,0,988,7,995,1239,0,2,1,2,0,1,0,0.00,80.31 ,50
03,007,00,001,0008,0,1547,16,1563,1929,0,2,1,2,0,1,0,0.00,81.03 ,50
03,007,00,001,0009,0,3275,35,3310,4212,0,2,1,2,0,1,0,0.00,78.58 ,50
03,007,00,001,0010,0,2160,25,2185,2836,0,2,1,2,0,1,0,0.00,77.05 ,50
03,007,00,001,0011,0,2724,37,2761,3540,0,2,1,2,0,1,0,0.00,77.99 ,50
03,007,00,001,0012,0,4183,49,4232,5475,0,2,1,2,0,1,0,0.00,77.30 ,50
03,007,00,001,0013,0,1068,12,1080,1419,0,2,1,2,0,1,0,0.00,76.11 ,50
03,007,00,001,0014,0,989,11,1000,1253,0,2,1,2,0,1,0,0.00,79.81 ,50
03,007,00,001,0015,0,1228,17,1245,1536,0,2,1,2,0,1,0,0.00,81.05 ,50
03,007,00,001,0016,0,874,4,878,1085,0,2,1,2,0,1,0,0.00,80.92 ,50
03,007,00,001,0017,0,1881,23,1904,2426,0,2,1,2,0,1,0,0.00,78.48 ,50
03,007,00,001,0018,0,2290,26,2316,2944,0,2,1,2,0,1,0,0.00,78.67 ,50
03,007,00,001,0019,0,766,7,773,978,0,2,1,2,0,1,0,0.00,79.04 ,50
03,007,00,001,0020,0,862,10,872,1079,0,2,1,2,0,1,0,0.00,80.82 ,50
03,007,00,001,0021,0,1067,9,1076,1370,0,2,1,2,0,1,0,0.00,78.54 ,50
03,007,00,001,0022,0,1098,11,1109,1382,0,2,1,2,0,1,0,0.00,80.25 ,50
03,007,00,001,0023,0,843,13,856,1086,0,2,1,2,0,1,0,0.00,78.82 ,50
03,007,00,001,0024,0,1479,16,1495,1897,0,2,1,2,0,1,0,0.00,78.81 ,50
03,007,00,001,0025,0,6127,71,6198,7909,0,2,1,2,0,1,0,0.00,78.37 ,50
03,007,00,001,0026,0,1480,19,1499,1946,0,2,1,2,0,1,0,0.00,77.03 ,50
03,007,00,001,0027,0,1068,14,1082,1378,0,2,1,2,0,1,0,0.00,78.52 ,50
03,007,00,001,0028,0,1175,14,1189,1487,0,2,1,2,0,1,0,0.00,79.96 ,50
03,007,00,001,0029,0,1924,23,1947,2470,0,2,1,2,0,1,0,0.00,78.83 ,50
03,007,00,001,0030,0,1803,21,1824,2344,0,2,1,2,0,1,0,0.00,77.82 ,50
03,007,00,001,0031,0,1601,30,1631,2078,0,2,1,2,0,1,0,0.00,78.49 ,50
03,007,00,001,0032,0,1500,20,1520,1885,0,2,1,2,0,1,0,0.00,80.64 ,50
03,007,00,001,0033,0,914,13,927,1175,0,2,1,2,0,1,0,0.00,78.89 ,50
03,007,00,001,0034,0,1877,21,1898,2443,0,2,1,2,0,1,0,0.00,77.69 ,50
03,007,00,001,0035,0,2750,29,2779,3518,0,2,1,2,0,1,0,0.00,78.99 ,50
03,007,00,001,0036,0,1487,18,1505,1905,0,2,1,2,0,1,0,0.00,79.00 ,50
03,007,00,001,0037,0,1095,9,1104,1422,0,2,1,2,0,1,0,0.00,77.64 ,50
03,007,00,001,0038,0,814,5,819,1032,0,2,1,2,0,1,0,0.00,79.36 ,50
03,007,00,001,0039,0,1094,13,1107,1413,0,2,1,2,0,1,0,0.00,78.34 ,50
03,007,00,001,0040,0,636,14,650,833,0,2,1,2,0,1,0,0.00,78.03 ,50
03,007,00,001,0041,0,851,8,859,1055,0,2,1,2,0,1,0,0.00,81.42 ,50
03,007,00,001,0042,0,748,7,755,954,0,2,1,2,0,1,0,0.00,79.14 ,50
03,007,00,001,0043,0,984,8,992,1233,0,2,1,2,0,1,0,0.00,80.45 ,50
03,007,00,001,0044,0,681,4,685,902,0,2,1,2,0,1,0,0.00,75.94 ,50
03,007,00,001,0045,0,1634,13,1647,2137,0,2,1,2,0,1,0,0.00,77.07 ,50
03,007,00,001,0046,0,1174,12,1186,1470,0,2,1,2,0,1,0,0.00,80.68 ,50
03,007,00,001,0047,0,1499,12,1511,1942,0,2,1,2,0,1,0,0.00,77.81 ,50
03,007,00,001,0048,0,2499,23,2522,3189,0,2,1,2,0,1,0,0.00,79.08 ,50
03,007,00,001,0049,0,2479,28,2507,3135,0,2,1,2,0,1,0,0.00,79.97 ,50
03,007,00,001,0050,0,585,8,593,750,0,2,1,2,0,1,0,0.00,79.07 ,50
03,007,00,001,0051,0,1285,15,1300,1694,0,2,1,2,0,1,0,0.00,76.74 ,50
03,007,00,001,0052,0,823,16,839,1020,0,2,1,2,0,1,0,0.00,82.25 ,50
03,007,00,001,0053,0,1421,21,1442,1833,0,2,1,2,0,1,0,0.00,78.67 ,50
03,007,00,001,0054,0,2337,38,2375,3077,0,2,1,2,0,1,0,0.00,77.19 ,50
03,007,00,001,0055,0,1632,25,1657,2084,0,2,1,2,0,1,0,0.00,79.51 ,50
03,007,00,001,0056,0,2697,27,2724,3393,0,2,1,2,0,1,0,0.00,80.28 ,50
03,007,00,001,0057,0,1487,22,1509,1832,0,2,1,2,0,1,0,0.00,82.37 ,50
03,007,00,001,0058,0,1617,20,1637,2077,0,2,1,2,0,1,0,0.00,78.82 ,50
03,007,00,001,0059,0,3803,58,3861,4916,0,2,1,2,0,1,0,0.00,78.54 ,50
03,007,00,001,0060,0,597,9,606,788,0,2,1,2,0,1,0,0.00,76.90 ,50
03,007,00,001,0061,0,1162,16,1178,1526,0,2,1,2,0,1,0,0.00,77.20 ,50
03,007,00,001,0062,0,707,13,720,924,0,2,1,2,0,1,0,0.00,77.92 ,50
03,007,00,001,0063,0,1657,31,1688,2146,0,2,1,2,0,1,0,0.00,78.66 ,50
03,007,00,001,0064,0,1605,15,1620,1961,0,2,1,2,0,1,0,0.00,82.61 ,50
03,007,00,001,0065,0,2051,27,2078,2544,0,2,1,2,0,1,0,0.00,81.68 ,50
03,007,00,001,0066,0,2031,23,2054,2704,0,2,1,2,0,1,0,0.00,75.96 ,50
03,007,00,001,0067,0,621,10,631,739,0,2,1,2,0,1,0,0.00,85.39 ,50
03,007,00,001,0068,0,719,6,725,929,0,2,1,2,0,1,0,0.00,78.04 ,50
03,007,00,001,0069,0,564,6,570,721,0,2,1,2,0,1,0,0.00,79.06 ,50
03,007,00,001,0070,0,792,15,807,1049,0,2,1,2,0,1,0,0.00,76.93 ,50
03,007,00,001,0071,0,811,14,825,1052,0,2,1,2,0,1,0,0.00,78.42 ,50
03,007,00,002,0072,0,890,13,903,1174,0,2,1,2,0,1,0,0.00,76.92 ,50
03,007,00,002,0073,0,458,4,462,570,0,2,1,2,0,1,0,0.00,81.05 ,50
03,007,00,002,0074,0,876,12,888,1144,0,2,1,2,0,1,0,0.00,77.62 ,50
03,007,00,002,0075,0,778,6,784,998,0,2,1,2,0,1,0,0.00,78.56 ,50
03,007,00,002,0076,0,786,11,797,1062,0,2,1,2,0,1,0,0.00,75.05 ,50
03,007,00,002,0077,0,1351,12,1363,1781,0,2,1,2,0,1,0,0.00,76.53 ,50
03,007,00,002,0078,0,941,9,950,1259,0,2,1,2,0,1,0,0.00,75.46 ,50
03,007,00,002,0079,0,271,2,273,356,0,2,1,2,0,1,0,0.00,76.69 ,50
03,007,00,002,0080,0,582,7,589,766,0,2,1,2,0,1,0,0.00,76.89 ,50
03,007,00,002,0081,0,626,11,637,861,0,2,1,2,0,1,0,0.00,73.98 ,50
03,007,00,002,0082,0,915,10,925,1225,0,2,1,2,0,1,0,0.00,75.51 ,50
03,007,00,002,0083,0,425,5,430,593,0,2,1,2,0,1,0,0.00,72.51 ,50
03,007,00,002,0084,0,775,9,784,1018,0,2,1,2,0,1,0,0.00,77.01 ,50
03,007,00,002,0085,0,972,9,981,1316,0,2,1,2,0,1,0,0.00,74.54 ,50
03,007,00,002,0086,0,1912,21,1933,2553,0,2,1,2,0,1,0,0.00,75.71 ,50
03,007,00,002,0087,0,4060,37,4097,5405,0,2,1,2,0,1,0,0.00,75.80 ,50
03,007,00,002,0088,0,3127,38,3165,4009,0,2,1,2,0,1,0,0.00,78.95 ,50
03,007,00,002,0089,0,2189,23,2212,2886,0,2,1,2,0,1,0,0.00,76.65 ,50
03,007,00,002,0090,0,1966,23,1989,2597,0,2,1,2,0,1,0,0.00,76.59 ,50
03,007,00,002,0091,0,997,14,1011,1431,0,2,1,2,0,1,0,0.00,70.65 ,50
03,007,00,002,0092,0,1825,32,1857,2379,0,2,1,2,0,1,0,0.00,78.06 ,50
03,007,00,002,0093,0,1629,22,1651,2148,0,2,1,2,0,1,0,0.00,76.86 ,50
03,007,00,002,0094,0,2027,30,2057,2682,0,2,1,2,0,1,0,0.00,76.70 ,50
03,007,00,002,0095,0,1979,20,1999,2565,0,2,1,2,0,1,0,0.00,77.93 ,50
03,007,00,002,0096,0,1216,17,1233,1581,0,2,1,2,0,1,0,0.00,77.99 ,50
03,007,00,002,0097,0,1517,23,1540,1940,0,2,1,2,0,1,0,0.00,79.38 ,50
03,007,00,002,0098,0,2106,30,2136,2719,0,2,1,2,0,1,0,0.00,78.56 ,50
03,007,00,002,0099,0,2213,30,2243,2793,0,2,1,2,0,1,0,0.00,80.31 ,50
03,007,00,003,0100,0,2341,25,2366,2933,0,2,1,2,0,1,0,0.00,80.67 ,50
03,007,00,003,0101,0,2246,20,2266,2810,0,2,1,2,0,1,0,0.00,80.64 ,50
03,007,00,003,0102,0,397,6,403,470,0,2,1,2,0,1,0,0.00,85.74 ,50
03,007,00,003,0103,0,972,12,984,1238,0,2,1,2,0,1,0,0.00,79.48 ,50
03,007,00,003,0104,0,2206,25,2231,2867,0,2,1,2,0,1,0,0.00,77.82 ,50
03,007,00,003,0105,0,1491,15,1506,1890,0,2,1,2,0,1,0,0.00,79.68 ,50
03,007,00,003,0106,0,815,9,824,1010,0,2,1,2,0,1,0,0.00,81.58 ,50
03,007,00,003,0107,0,574,8,582,698,0,2,1,2,0,1,0,0.00,83.38 ,50
03,007,00,003,0108,0,1145,14,1159,1400,0,2,1,2,0,1,0,0.00,82.79 ,50
03,007,00,003,0109,0,1589,24,1613,1998,0,2,1,2,0,1,0,0.00,80.73 ,50
03,007,00,003,0110,0,855,14,869,1085,0,2,1,2,0,1,0,0.00,80.09 ,50
03,007,00,003,0111,0,1108,20,1128,1417,0,2,1,2,0,1,0,0.00,79.60 ,50
03,007,00,003,0112,0,1064,20,1084,1328,0,2,1,2,0,1,0,0.00,81.63 ,50
03,007,00,003,0113,0,925,12,937,1155,0,2,1,2,0,1,0,0.00,81.13 ,50
03,007,00,003,0114,0,3041,30,3071,3828,0,2,1,2,0,1,0,0.00,80.22 ,50
03,007,00,003,0115,0,1010,10,1020,1294,0,2,1,2,0,1,0,0.00,78.83 ,50
03,007,00,003,0116,0,965,10,975,1231,0,2,1,2,0,1,0,0.00,79.20 ,50
03,007,00,003,0117,0,1621,21,1642,2011,0,2,1,2,0,1,0,0.00,81.65 ,50
03,007,00,003,0118,0,1930,29,1959,2383,0,2,1,2,0,1,0,0.00,82.21 ,50
03,007,00,003,0119,0,576,4,580,678,0,2,1,2,0,1,0,0.00,85.55 ,50
03,007,00,003,0120,0,1598,28,1626,1985,0,2,1,2,0,1,0,0.00,81.91 ,50
03,007,00,003,0121,0,1489,21,1510,1902,0,2,1,2,0,1,0,0.00,79.39 ,50
03,007,00,003,0122,0,758,12,770,1048,0,2,1,2,0,1,0,0.00,73.47 ,50
03,007,00,003,0123,0,1713,21,1734,2275,0,2,1,2,0,1,0,0.00,76.22 ,50
03,007,00,003,0124,0,935,8,943,1194,0,2,1,2,0,1,0,0.00,78.98 ,50
03,007,00,003,0125,0,1179,16,1195,1541,0,2,1,2,0,1,0,0.00,77.55 ,50
03,007,00,003,0126,0,685,4,689,850,0,2,1,2,0,1,0,0.00,81.06 ,50
03,007,00,003,0127,0,839,12,851,1144,0,2,1,2,0,1,0,0.00,74.39 ,50
03,007,00,003,0128,0,1248,26,1274,1594,0,2,1,2,0,1,0,0.00,79.92 ,50
03,007,00,003,0129,0,2073,30,2103,2617,0,2,1,2,0,1,0,0.00,80.36 ,50
03,007,00,003,0130,0,1167,19,1186,1506,0,2,1,2,0,1,0,0.00,78.75 ,50
03,007,00,004,0131,0,1370,17,1387,1696,0,2,1,2,0,1,0,0.00,81.78 ,50
03,007,00,004,0132,0,854,11,865,1054,0,2,1,2,0,1,0,0.00,82.07 ,50
03,007,00,004,0133,0,1254,15,1269,1611,0,2,1,2,0,1,0,0.00,78.77 ,50
03,007,00,004,0134,0,886,11,897,1099,0,2,1,2,0,1,0,0.00,81.62 ,50
03,007,00,004,0135,0,704,14,718,928,0,2,1,2,0,1,0,0.00,77.37 ,50
03,007,00,004,0136,0,1157,14,1171,1489,0,2,1,2,0,1,0,0.00,78.64 ,50
03,007,00,004,0137,0,1443,23,1466,1802,0,2,1,2,0,1,0,0.00,81.35 ,50
03,007,00,004,0138,0,739,4,743,897,0,2,1,2,0,1,0,0.00,82.83 ,50
03,007,00,005,0139,0,2557,26,2583,3446,0,2,1,2,0,1,0,0.00,74.96 ,50
03,007,00,005,0140,0,982,7,989,1336,0,2,1,2,0,1,0,0.00,74.03 ,50
03,007,00,005,0141,0,840,6,846,1042,0,2,1,2,0,1,0,0.00,81.19 ,50
03,007,00,005,0142,0,1130,13,1143,1410,0,2,1,2,0,1,0,0.00,81.06 ,50
03,007,00,005,0143,0,942,9,951,1218,0,2,1,2,0,1,0,0.00,78.08 ,50
03,007,00,005,0144,0,1060,22,1082,1399,0,2,1,2,0,1,0,0.00,77.34 ,50
03,007,00,005,0145,0,1306,15,1321,1735,0,2,1,2,0,1,0,0.00,76.14 ,50
03,007,00,005,0146,0,1050,11,1061,1332,0,2,1,2,0,1,0,0.00,79.65 ,50
03,007,00,005,0147,0,760,5,765,974,0,2,1,2,0,1,0,0.00,78.54 ,50
03,007,00,005,0148,0,1013,12,1025,1384,0,2,1,2,0,1,0,0.00,74.06 ,50
03,007,00,005,0149,0,778,8,786,1080,0,2,1,2,0,1,0,0.00,72.78 ,50
03,007,00,005,0150,0,475,4,479,621,0,2,1,2,0,1,0,0.00,77.13 ,50
03,007,00,005,0151,0,1083,10,1093,1406,0,2,1,2,0,1,0,0.00,77.74 ,50
03,007,00,005,0152,0,1286,8,1294,1667,0,2,1,2,0,1,0,0.00,77.62 ,50
03,007,00,006,0153,0,1305,9,1314,1758,0,2,1,2,0,1,0,0.00,74.74 ,50
03,007,00,006,0154,0,813,9,822,1061,0,2,1,2,0,1,0,0.00,77.47 ,50
03,007,00,006,0155,0,693,9,702,915,0,2,1,2,0,1,0,0.00,76.72 ,50
03,007,00,006,0156,0,904,10,914,1140,0,2,1,2,0,1,0,0.00,80.18 ,50
03,007,00,006,0157,0,504,4,508,622,0,2,1,2,0,1,0,0.00,81.67 ,50
03,007,00,006,0158,0,906,7,913,1112,0,2,1,2,0,1,0,0.00,82.10 ,50
03,007,00,006,0159,0,749,9,758,976,0,2,1,2,0,1,0,0.00,77.66 ,50
03,007,00,006,0160,0,1324,8,1332,1725,0,2,1,2,0,1,0,0.00,77.22 ,50
03,007,00,006,0161,0,909,11,920,1161,0,2,1,2,0,1,0,0.00,79.24 ,50
03,007,00,006,0162,0,902,6,908,1173,0,2,1,2,0,1,0,0.00,77.41 ,50
03,007,00,006,0163,0,1269,18,1287,1699,0,2,1,2,0,1,0,0.00,75.75 ,50
03,007,00,006,0164,0,1111,20,1131,1450,0,2,1,2,0,1,0,0.00,78.00 ,50
03,007,00,006,0165,0,1366,17,1383,1695,0,2,1,2,0,1,0,0.00,81.59 ,50
03,007,00,006,0166,0,730,3,733,996,0,2,1,2,0,1,0,0.00,73.59 ,50
03,007,00,006,0167,0,750,8,758,1018,0,2,1,2,0,1,0,0.00,74.46 ,50
03,007,00,006,0168,0,1383,19,1402,1889,0,2,1,2,0,1,0,0.00,74.22 ,50
03,007,00,006,0169,0,1259,15,1274,1577,0,2,1,2,0,1,0,0.00,80.79 ,50
03,007,00,006,0170,0,1401,21,1422,1782,0,2,1,2,0,1,0,0.00,79.80 ,50
03,007,00,006,0171,0,803,12,815,1023,0,2,1,2,0,1,0,0.00,79.67 ,50
03,007,00,006,0172,0,919,11,930,1161,0,2,1,2,0,1,0,0.00,80.10 ,50
03,007,00,006,0173,0,1824,19,1843,2346,0,2,1,2,0,1,0,0.00,78.56 ,50
03,007,00,006,0174,0,1411,18,1429,1798,0,2,1,2,0,1,0,0.00,79.48 ,50
03,007,00,007,0175,0,1142,13,1155,1432,0,2,1,2,0,1,0,0.00,80.66 ,50
03,007,00,007,0176,0,995,15,1010,1271,0,2,1,2,0,1,0,0.00,79.46 ,50
03,007,00,007,0177,0,1300,16,1316,1708,0,2,1,2,0,1,0,0.00,77.05 ,50
03,007,00,007,0178,0,828,13,841,1017,0,2,1,2,0,1,0,0.00,82.69 ,50
03,007,00,007,0179,0,1126,11,1137,1457,0,2,1,2,0,1,0,0.00,78.04 ,50
03,007,00,007,0180,0,2133,36,2169,2754,0,2,1,2,0,1,0,0.00,78.76 ,50
03,007,00,007,0181,0,1735,23,1758,2230,0,2,1,2,0,1,0,0.00,78.83 ,50
03,007,00,007,0182,0,1280,21,1301,1640,0,2,1,2,0,1,0,0.00,79.33 ,50
03,007,00,007,0183,0,774,8,782,983,0,2,1,2,0,1,0,0.00,79.55 ,50
03,007,00,007,0184,0,2061,28,2089,2596,0,2,1,2,0,1,0,0.00,80.47 ,50
03,007,00,007,0185,0,1196,22,1218,1538,0,2,1,2,0,1,0,0.00,79.19 ,50
03,007,00,007,0186,0,912,19,931,1170,0,2,1,2,0,1,0,0.00,79.57 ,50
03,007,00,007,0187,0,966,10,976,1251,0,2,1,2,0,1,0,0.00,78.02 ,50
03,007,00,007,0188,0,1379,16,1395,1707,0,2,1,2,0,1,0,0.00,81.72 ,50
03,007,00,008,0189,0,2045,24,2069,2636,0,2,1,2,0,1,0,0.00,78.49 ,50
03,007,00,008,0190,0,1198,12,1210,1486,0,2,1,2,0,1,0,0.00,81.43 ,50
03,007,00,008,0191,0,1568,31,1599,1985,0,2,1,2,0,1,0,0.00,80.55 ,50
03,007,00,008,0192,0,790,6,796,981,0,2,1,2,0,1,0,0.00,81.14 ,50
03,007,00,008,0193,0,973,9,982,1218,0,2,1,2,0,1,0,0.00,80.62 ,50
03,007,00,008,0194,0,1038,13,1051,1314,0,2,1,2,0,1,0,0.00,79.98 ,50
03,007,00,008,0195,0,546,8,554,673,0,2,1,2,0,1,0,0.00,82.32 ,50
03,007,00,008,0196,0,1141,11,1152,1450,0,2,1,2,0,1,0,0.00,79.45 ,50
03,007,00,008,0197,0,2352,26,2378,3039,0,2,1,2,0,1,0,0.00,78.25 ,50
03,007,00,008,0198,0,1482,15,1497,1881,0,2,1,2,0,1,0,0.00,79.59 ,50
03,007,00,008,0199,0,2055,30,2085,2656,0,2,1,2,0,1,0,0.00,78.50 ,50
03,007,00,008,0200,0,940,11,951,1267,0,2,1,2,0,1,0,0.00,75.06 ,50
03,007,00,008,0201,0,1992,30,2022,2608,0,2,1,2,0,1,0,0.00,77.53 ,50
03,007,00,008,0202,0,644,6,650,799,0,2,1,2,0,1,0,0.00,81.35 ,50
03,007,00,008,0203,0,708,11,719,931,0,2,1,2,0,1,0,0.00,77.23 ,50
03,007,00,008,0204,0,1080,6,1086,1435,0,2,1,2,0,1,0,0.00,75.68 ,50
03,007,00,008,0205,0,791,16,807,1091,0,2,1,2,0,1,0,0.00,73.97 ,50
03,007,00,008,0206,0,954,12,966,1267,0,2,1,2,0,1,0,0.00,76.24 ,50
03,007,00,009,0207,0,1221,12,1233,1569,0,2,1,2,0,1,0,0.00,78.59 ,50
03,007,00,009,0208,0,1018,8,1026,1295,0,2,1,2,0,1,0,0.00,79.23 ,50
03,007,00,009,0209,0,1171,14,1185,1465,0,2,1,2,0,1,0,0.00,80.89 ,50
03,007,00,009,0210,0,446,3,449,561,0,2,1,2,0,1,0,0.00,80.04 ,50
03,007,00,009,0211,0,1483,23,1506,1906,0,2,1,2,0,1,0,0.00,79.01 ,50
03,007,00,009,0212,0,1546,26,1572,1971,0,2,1,2,0,1,0,0.00,79.76 ,50
03,007,00,009,0213,0,1060,15,1075,1372,0,2,1,2,0,1,0,0.00,78.35 ,50
03,007,00,009,0214,0,632,11,643,841,0,2,1,2,0,1,0,0.00,76.46 ,50
03,007,00,009,0215,0,706,13,719,921,0,2,1,2,0,1,0,0.00,78.07 ,50
03,007,00,009,0216,0,756,12,768,965,0,2,1,2,0,1,0,0.00,79.59 ,50
03,007,00,009,0217,0,556,10,566,718,0,2,1,2,0,1,0,0.00,78.83 ,50
03,007,00,009,0218,0,1105,16,1121,1386,0,2,1,2,0,1,0,0.00,80.88 ,50
03,007,00,009,0219,0,922,15,937,1260,0,2,1,2,0,1,0,0.00,74.37 ,50
03,007,00,009,0220,0,707,9,716,997,0,2,1,2,0,1,0,0.00,71.82 ,50
03,007,00,009,0221,0,701,11,712,1055,0,2,1,2,0,1,0,0.00,67.49 ,50
03,007,00,010,0222,0,898,10,908,1129,0,2,1,2,0,1,0,0.00,80.43 ,50
03,007,00,010,0223,0,1953,21,1974,2494,0,2,1,2,0,1,0,0.00,79.15 ,50
03,007,00,010,0224,0,1296,15,1311,1690,0,2,1,2,0,1,0,0.00,77.57 ,50
03,007,00,010,0225,0,2039,20,2059,2615,0,2,1,2,0,1,0,0.00,78.74 ,50
03,007,00,010,0226,0,636,8,644,821,0,2,1,2,0,1,0,0.00,78.44 ,50
03,007,00,010,0227,0,1945,16,1961,2490,0,2,1,2,0,1,0,0.00,78.76 ,50
03,007,00,010,0228,0,838,5,843,1010,0,2,1,2,0,1,0,0.00,83.47 ,50
03,007,00,010,0229,0,624,6,630,810,0,2,1,2,0,1,0,0.00,77.78 ,50
03,007,00,010,0230,0,1370,10,1380,1742,0,2,1,2,0,1,0,0.00,79.22 ,50
03,007,00,010,0231,0,2706,26,2732,3572,0,2,1,2,0,1,0,0.00,76.48 ,50
03,007,00,010,0232,0,1648,20,1668,2175,0,2,1,2,0,1,0,0.00,76.69 ,50
03,007,00,010,0233,0,2777,33,2810,3493,0,2,1,2,0,1,0,0.00,80.45 ,50
03,007,00,010,0234,0,2254,30,2284,2923,0,2,1,2,0,1,0,0.00,78.14 ,50
03,007,00,010,0235,0,3026,40,3066,3898,0,2,1,2,0,1,0,0.00,78.66 ,50
03,007,00,010,0236,0,1160,9,1169,1476,0,2,1,2,0,1,0,0.00,79.20 ,50
03,007,00,010,0237,0,1043,8,1051,1316,0,2,1,2,0,1,0,0.00,79.86 ,50
03,007,00,010,0238,0,3638,29,3667,4652,0,2,1,2,0,1,0,0.00,78.83 ,50
03,007,00,010,0239,0,3393,40,3433,4281,0,2,1,2,0,1,0,0.00,80.19 ,50
03,007,00,010,0240,0,1763,17,1780,2197,0,2,1,2,0,1,0,0.00,81.02 ,50
03,007,00,010,0241,0,1471,14,1485,1867,0,2,1,2,0,1,0,0.00,79.54 ,50
03,007,00,010,0242,0,1523,10,1533,1867,0,2,1,2,0,1,0,0.00,82.11 ,50
03,007,00,010,0243,0,1313,9,1322,1713,0,2,1,2,0,1,0,0.00,77.17 ,50
03,007,00,010,0244,0,1007,13,1020,1303,0,2,1,2,0,1,0,0.00,78.28 ,50
03,007,00,010,0245,0,1418,14,1432,1804,0,2,1,2,0,1,0,0.00,79.38 ,50
03,007,00,010,0246,0,1602,22,1624,2052,0,2,1,2,0,1,0,0.00,79.14 ,50
03,007,00,010,0247,0,1315,15,1330,1709,0,2,1,2,0,1,0,0.00,77.82 ,50
03,007,00,010,0248,0,2070,36,2106,2655,0,2,1,2,0,1,0,0.00,79.32 ,50
03,007,00,010,0249,0,1619,21,1640,2036,0,2,1,2,0,1,0,0.00,80.55 ,50
03,007,00,010,0250,0,1377,24,1401,1777,0,2,1,2,0,1,0,0.00,78.84 ,50
03,007,00,010,0251,0,1509,34,1543,1966,0,2,1,2,0,1,0,0.00,78.48 ,50
03,007,00,010,0252,0,1187,19,1206,1629,0,2,1,2,0,1,0,0.00,74.03 ,50
03,007,00,010,0253,0,998,9,1007,1268,0,2,1,2,0,1,0,0.00,79.42 ,50
03,007,00,010,0254,0,547,6,553,741,0,2,1,2,0,1,0,0.00,74.63 ,50
03,007,00,010,0255,0,1329,18,1347,1680,0,2,1,2,0,1,0,0.00,80.18 ,50
03,007,00,010,0256,0,1473,18,1491,1836,0,2,1,2,0,1,0,0.00,81.21 ,50
03,007,00,010,0257,0,1074,15,1089,1388,0,2,1,2,0,1,0,0.00,78.46 ,50
03,007,00,010,0258,0,1185,14,1199,1557,0,2,1,2,0,1,0,0.00,77.01 ,50
03,007,00,010,0259,0,996,18,1014,1263,0,2,1,2,0,1,0,0.00,80.29 ,50
03,007,00,010,0260,0,1429,23,1452,1752,0,2,1,2,0,1,0,0.00,82.88 ,50
03,007,00,011,0261,0,915,9,924,1188,0,2,1,2,0,1,0,0.00,77.78 ,50
03,007,00,011,0262,0,592,7,599,751,0,2,1,2,0,1,0,0.00,79.76 ,50
03,007,00,011,0263,0,892,9,901,1153,0,2,1,2,0,1,0,0.00,78.14 ,50
03,007,00,011,0264,0,441,6,447,551,0,2,1,2,0,1,0,0.00,81.13 ,50
03,007,00,011,0265,0,1905,20,1925,2475,0,2,1,2,0,1,0,0.00,77.78 ,50
03,007,00,011,0266,0,1242,17,1259,1583,0,2,1,2,0,1,0,0.00,79.53 ,50
03,007,00,011,0267,0,1293,22,1315,1696,0,2,1,2,0,1,0,0.00,77.54 ,50
03,007,00,011,0268,0,921,7,928,1210,0,2,1,2,0,1,0,0.00,76.69 ,50
03,007,00,011,0269,0,1203,13,1216,1608,0,2,1,2,0,1,0,0.00,75.62 ,50
03,007,00,011,0270,0,1672,19,1691,2158,0,2,1,2,0,1,0,0.00,78.36 ,50
03,007,00,011,0271,0,1193,15,1208,1612,0,2,1,2,0,1,0,0.00,74.94 ,50
03,007,00,011,0272,0,540,12,552,710,0,2,1,2,0,1,0,0.00,77.75 ,50
03,007,00,011,0273,0,1118,23,1141,1447,0,2,1,2,0,1,0,0.00,78.85 ,50
03,007,00,011,0274,0,1638,21,1659,2108,0,2,1,2,0,1,0,0.00,78.70 ,50
03,007,00,011,0275,0,508,11,519,681,0,2,1,2,0,1,0,0.00,76.21 ,50
03,007,00,011,0276,0,860,22,882,1160,0,2,1,2,0,1,0,0.00,76.03 ,50
03,007,00,011,0277,0,998,17,1015,1292,0,2,1,2,0,1,0,0.00,78.56 ,50
03,007,00,011,0278,0,2284,28,2312,3059,0,2,1,2,0,1,0,0.00,75.58 ,50
03,007,00,011,0279,0,490,7,497,641,0,2,1,2,0,1,0,0.00,77.54 ,50
03,007,00,011,0280,0,854,8,862,1075,0,2,1,2,0,1,0,0.00,80.19 ,50
03,007,00,011,0281,0,550,5,555,689,0,2,1,2,0,1,0,0.00,80.55 ,50
03,007,00,011,0282,0,798,14,812,1099,0,2,1,2,0,1,0,0.00,73.89 ,50
03,007,00,011,0283,0,968,10,978,1310,0,2,1,2,0,1,0,0.00,74.66 ,50
03,007,00,011,0284,0,1147,13,1160,1616,0,2,1,2,0,1,0,0.00,71.78 ,50
03,007,00,011,0285,0,1025,14,1039,1409,0,2,1,2,0,1,0,0.00,73.74 ,50
03,007,00,012,0286,0,655,16,671,872,0,2,1,2,0,1,0,0.00,76.95 ,50
03,007,00,012,0287,0,1840,60,1900,2696,0,2,1,2,0,1,0,0.00,70.47 ,50
03,007,00,012,0288,0,443,7,450,652,0,2,1,2,0,1,0,0.00,69.02 ,50
03,007,00,012,0289,0,1030,24,1054,1379,0,2,1,2,0,1,0,0.00,76.43 ,50
03,007,00,012,0290,0,1079,16,1095,1445,0,2,1,2,0,1,0,0.00,75.78 ,50
03,007,00,012,0291,0,806,16,822,1055,0,2,1,2,0,1,0,0.00,77.91 ,50
03,007,00,012,0292,0,1178,12,1190,1574,0,2,1,2,0,1,0,0.00,75.60 ,50
03,007,00,012,0293,0,505,9,514,678,0,2,1,2,0,1,0,0.00,75.81 ,50
03,007,00,012,0294,0,1791,25,1816,2356,0,2,1,2,0,1,0,0.00,77.08 ,50
03,007,00,012,0295,0,1463,23,1486,1885,0,2,1,2,0,1,0,0.00,78.83 ,50
03,007,00,012,0296,0,850,6,856,1091,0,2,1,2,0,1,0,0.00,78.46 ,50
03,007,00,012,0297,0,1050,9,1059,1318,0,2,1,2,0,1,0,0.00,80.35 ,50
03,007,00,012,0298,0,1498,15,1513,1999,0,2,1,2,0,1,0,0.00,75.69 ,50
03,007,00,012,0299,0,1279,25,1304,1696,0,2,1,2,0,1,0,0.00,76.89 ,50
03,007,00,012,0300,0,1091,28,1119,1569,0,2,1,2,0,1,0,0.00,71.32 ,50
03,007,00,012,0301,0,843,17,860,1160,0,2,1,2,0,1,0,0.00,74.14 ,50
03,007,00,012,0302,0,1059,20,1079,1452,0,2,1,2,0,1,0,0.00,74.31 ,50
03,007,00,012,0303,0,2023,29,2052,2713,0,2,1,2,0,1,0,0.00,75.64 ,50
03,007,00,012,0304,0,945,14,959,1287,0,2,1,2,0,1,0,0.00,74.51 ,50
03,007,00,012,0305,0,1054,27,1081,1369,0,2,1,2,0,1,0,0.00,78.96 ,50
03,007,00,012,0306,0,679,10,689,878,0,2,1,2,0,1,0,0.00,78.47 ,50
03,007,00,012,0307,0,544,6,550,734,0,2,1,2,0,1,0,0.00,74.93 ,50
03,007,00,013,0308,0,1250,21,1271,1611,0,2,1,2,0,1,0,0.00,78.90 ,50
03,007,00,013,0309,0,1205,13,1218,1500,0,2,1,2,0,1,0,0.00,81.20 ,50
03,007,00,013,0310,0,596,9,605,755,0,2,1,2,0,1,0,0.00,80.13 ,50
03,007,00,013,0311,0,938,10,948,1160,0,2,1,2,0,1,0,0.00,81.72 ,50
03,007,00,013,0312,0,898,14,912,1143,0,2,1,2,0,1,0,0.00,79.79 ,50
03,007,00,013,0313,0,1134,15,1149,1441,0,2,1,2,0,1,0,0.00,79.74 ,50
03,007,00,013,0314,0,833,9,842,1074,0,2,1,2,0,1,0,0.00,78.40 ,50
03,007,00,013,0315,0,836,11,847,995,0,2,1,2,0,1,0,0.00,85.13 ,50
03,007,00,013,0316,0,1409,23,1432,1840,0,2,1,2,0,1,0,0.00,77.83 ,50
03,007,00,013,0317,0,1120,13,1133,1346,0,2,1,2,0,1,0,0.00,84.18 ,50
03,007,00,013,0318,0,1359,15,1374,1707,0,2,1,2,0,1,0,0.00,80.49 ,50
03,007,00,013,0319,0,896,7,903,1074,0,2,1,2,0,1,0,0.00,84.08 ,50
03,007,00,013,0320,0,1797,27,1824,2204,0,2,1,2,0,1,0,0.00,82.76 ,50
03,007,00,013,0321,0,1144,22,1166,1453,0,2,1,2,0,1,0,0.00,80.25 ,50
03,007,00,013,0322,0,1236,13,1249,1573,0,2,1,2,0,1,0,0.00,79.40 ,50
03,007,00,013,0323,0,1381,16,1397,1778,0,2,1,2,0,1,0,0.00,78.57 ,50
03,007,00,014,0324,0,1059,17,1076,1355,0,2,1,2,0,1,0,0.00,79.41 ,50
03,007,00,014,0325,0,968,15,983,1268,0,2,1,2,0,1,0,0.00,77.52 ,50
03,007,00,014,0326,0,853,7,860,1055,0,2,1,2,0,1,0,0.00,81.52 ,50
03,007,00,014,0327,0,556,4,560,710,0,2,1,2,0,1,0,0.00,78.87 ,50
03,007,00,014,0328,0,1120,18,1138,1479,0,2,1,2,0,1,0,0.00,76.94 ,50
03,007,00,014,0329,0,679,9,688,887,0,2,1,2,0,1,0,0.00,77.56 ,50
03,007,00,014,0330,0,843,16,859,1166,0,2,1,2,0,1,0,0.00,73.67 ,50
03,007,00,014,0331,0,740,7,747,943,0,2,1,2,0,1,0,0.00,79.22 ,50
03,007,00,014,0332,0,526,7,533,636,0,2,1,2,0,1,0,0.00,83.81 ,50
03,007,00,014,0333,0,789,18,807,979,0,2,1,2,0,1,0,0.00,82.43 ,50
03,007,00,014,0334,0,870,10,880,1088,0,2,1,2,0,1,0,0.00,80.88 ,50
03,007,00,014,0335,0,1411,17,1428,1848,0,2,1,2,0,1,0,0.00,77.27 ,50
03,007,00,014,0336,0,957,8,965,1184,0,2,1,2,0,1,0,0.00,81.50 ,50
03,007,00,014,0337,0,293,4,297,365,0,2,1,2,0,1,0,0.00,81.37 ,50
03,007,00,014,0338,0,690,11,701,963,0,2,1,2,0,1,0,0.00,72.79 ,50
03,007,00,014,0339,0,512,8,520,686,0,2,1,2,0,1,0,0.00,75.80 ,50
03,007,00,014,0340,0,970,10,980,1250,0,2,1,2,0,1,0,0.00,78.40 ,50
03,007,00,014,0341,0,603,6,609,812,0,2,1,2,0,1,0,0.00,75.00 ,50
03,007,00,014,0342,0,993,20,1013,1414,0,2,1,2,0,1,0,0.00,71.64 ,50
03,007,00,014,0343,0,925,10,935,1214,0,2,1,2,0,1,0,0.00,77.02 ,50
03,007,00,014,0344,0,946,14,960,1213,0,2,1,2,0,1,0,0.00,79.14 ,50
03,007,00,014,0345,0,920,14,934,1199,0,2,1,2,0,1,0,0.00,77.90 ,50
03,007,00,015,0346,0,1684,13,1697,2161,0,2,1,2,0,1,0,0.00,78.53 ,50
03,007,00,015,0347,0,793,12,805,1107,0,2,1,2,0,1,0,0.00,72.72 ,50
03,007,00,015,0348,0,976,13,989,1279,0,2,1,2,0,1,0,0.00,77.33 ,50
03,007,00,015,0349,0,752,10,762,968,0,2,1,2,0,1,0,0.00,78.72 ,50
03,007,00,015,0350,0,1074,12,1086,1407,0,2,1,2,0,1,0,0.00,77.19 ,50
03,007,00,015,0351,0,1152,11,1163,1457,0,2,1,2,0,1,0,0.00,79.82 ,50
03,007,00,015,0352,0,965,15,980,1226,0,2,1,2,0,1,0,0.00,79.93 ,50
03,007,00,015,0353,0,955,11,966,1246,0,2,1,2,0,1,0,0.00,77.53 ,50
03,007,00,015,0354,0,1145,12,1157,1500,0,2,1,2,0,1,0,0.00,77.13 ,50
03,007,00,015,0355,0,479,5,484,605,0,2,1,2,0,1,0,0.00,80.00 ,50
03,007,00,015,0356,0,641,11,652,884,0,2,1,2,0,1,0,0.00,73.76 ,50
03,007,00,015,0357,0,712,10,722,942,0,2,1,2,0,1,0,0.00,76.65 ,50
03,007,00,015,0358,0,516,7,523,712,0,2,1,2,0,1,0,0.00,73.46 ,50
03,007,00,015,0359,0,576,10,586,770,0,2,1,2,0,1,0,0.00,76.10 ,50
03,007,00,015,0360,0,1090,11,1101,1523,0,2,1,2,0,1,0,0.00,72.29 ,50
03,007,00,015,0361,0,911,16,927,1271,0,2,1,2,0,1,0,0.00,72.93 ,50
03,007,00,015,0362,0,663,9,672,856,0,2,1,2,0,1,0,0.00,78.50 ,50
03,007,00,015,0363,0,846,19,865,1104,0,2,1,2,0,1,0,0.00,78.35 ,50
03,007,00,015,0364,0,545,5,550,695,0,2,1,2,0,1,0,0.00,79.14 ,50
03,007,00,015,0365,0,660,8,668,833,0,2,1,2,0,1,0,0.00,80.19 ,50
03,007,00,016,0366,0,622,8,630,768,0,2,1,2,0,1,0,0.00,82.03 ,50
03,007,00,016,0367,0,1038,17,1055,1334,0,2,1,2,0,1,0,0.00,79.09 ,50
03,007,00,016,0368,0,1304,18,1322,1695,0,2,1,2,0,1,0,0.00,77.99 ,50
03,007,00,016,0369,0,1168,14,1182,1527,0,2,1,2,0,1,0,0.00,77.41 ,50
03,007,00,016,0370,0,1169,20,1189,1544,0,2,1,2,0,1,0,0.00,77.01 ,50
03,007,00,016,0371,0,932,11,943,1209,0,2,1,2,0,1,0,0.00,78.00 ,50
03,007,00,016,0372,0,615,15,630,775,0,2,1,2,0,1,0,0.00,81.29 ,50
03,007,00,016,0373,0,614,8,622,764,0,2,1,2,0,1,0,0.00,81.41 ,50
03,007,00,016,0374,0,1373,24,1397,1767,0,2,1,2,0,1,0,0.00,79.06 ,50
03,007,00,016,0375,0,941,14,955,1173,0,2,1,2,0,1,0,0.00,81.42 ,50
03,007,00,016,0376,0,767,15,782,970,0,2,1,2,0,1,0,0.00,80.62 ,50
03,007,00,016,0377,0,984,7,991,1274,0,2,1,2,0,1,0,0.00,77.79 ,50
03,007,00,016,0378,0,1102,16,1118,1426,0,2,1,2,0,1,0,0.00,78.40 ,50
03,007,00,016,0379,0,1082,16,1098,1356,0,2,1,2,0,1,0,0.00,80.97 ,50
03,007,00,016,0380,0,820,13,833,1024,0,2,1,2,0,1,0,0.00,81.35 ,50
03,007,00,016,0381,0,671,12,683,872,0,2,1,2,0,1,0,0.00,78.33 ,50
03,007,00,016,0382,0,455,8,463,595,0,2,1,2,0,1,0,0.00,77.82 ,50
03,007,00,016,0383,0,526,16,542,682,0,2,1,2,0,1,0,0.00,79.47 ,50
03,007,00,016,0384,0,463,10,473,565,0,2,1,2,0,1,0,0.00,83.72 ,50
03,007,00,016,0385,0,715,11,726,904,0,2,1,2,0,1,0,0.00,80.31 ,50
03,007,00,016,0386,0,613,15,628,798,0,2,1,2,0,1,0,0.00,78.70 ,50
03,007,00,016,0387,0,530,11,541,687,0,2,1,2,0,1,0,0.00,78.75 ,50
03,007,00,016,0388,0,899,13,912,1119,0,2,1,2,0,1,0,0.00,81.50 ,50
03,007,00,016,0389,0,989,17,1006,1335,0,2,1,2,0,1,0,0.00,75.36 ,50
03,007,00,017,0390,0,1824,16,1840,2376,0,2,1,2,0,1,0,0.00,77.44 ,50
03,007,00,017,0391,0,2380,31,2411,2946,0,2,1,2,0,1,0,0.00,81.84 ,50
03,007,00,017,0392,0,1656,24,1680,2155,0,2,1,2,0,1,0,0.00,77.96 ,50
03,007,00,017,0393,0,513,15,528,705,0,2,1,2,0,1,0,0.00,74.89 ,50
03,007,00,017,0394,0,750,7,757,926,0,2,1,2,0,1,0,0.00,81.75 ,50
03,007,00,017,0395,0,771,10,781,997,0,2,1,2,0,1,0,0.00,78.34 ,50
03,007,00,017,0396,0,945,17,962,1257,0,2,1,2,0,1,0,0.00,76.53 ,50
03,007,00,017,0397,0,636,7,643,815,0,2,1,2,0,1,0,0.00,78.90 ,50
03,007,00,017,0398,0,847,19,866,1122,0,2,1,2,0,1,0,0.00,77.18 ,50
03,007,00,017,0399,0,624,8,632,766,0,2,1,2,0,1,0,0.00,82.51 ,50
03,007,00,017,0400,0,1319,21,1340,1719,0,2,1,2,0,1,0,0.00,77.95 ,50
03,007,00,017,0401,0,1002,13,1015,1278,0,2,1,2,0,1,0,0.00,79.42 ,50
03,007,00,017,0402,0,1016,16,1032,1326,0,2,1,2,0,1,0,0.00,77.83 ,50
03,007,00,017,0403,0,777,7,784,992,0,2,1,2,0,1,0,0.00,79.03 ,50
03,007,00,017,0404,0,769,15,784,953,0,2,1,2,0,1,0,0.00,82.27 ,50
03,007,00,017,0405,0,757,10,767,968,0,2,1,2,0,1,0,0.00,79.24 ,50
03,007,00,017,0406,0,697,13,710,879,0,2,1,2,0,1,0,0.00,80.77 ,50
03,007,00,017,0407,0,705,11,716,903,0,2,1,2,0,1,0,0.00,79.29 ,50
03,007,00,017,0408,0,484,11,495,617,0,2,1,2,0,1,0,0.00,80.23 ,50
03,007,00,017,0409,0,607,10,617,774,0,2,1,2,0,1,0,0.00,79.72 ,50
03,007,00,017,0410,0,597,10,607,785,0,2,1,2,0,1,0,0.00,77.32 ,50
03,007,00,017,0411,0,570,7,577,735,0,2,1,2,0,1,0,0.00,78.50 ,50
03,007,00,017,0412,0,965,13,978,1263,0,2,1,2,0,1,0,0.00,77.43 ,50
03,007,00,017,0413,0,1239,18,1257,1679,0,2,1,2,0,1,0,0.00,74.87 ,50
03,007,00,018,0414,0,822,15,837,1058,0,2,1,2,0,1,0,0.00,79.11 ,50
03,007,00,018,0415,0,528,7,535,712,0,2,1,2,0,1,0,0.00,75.14 ,50
03,007,00,018,0416,0,633,8,641,842,0,2,1,2,0,1,0,0.00,76.13 ,50
03,007,00,018,0417,0,803,11,814,1021,0,2,1,2,0,1,0,0.00,79.73 ,50
03,007,00,018,0418,0,510,11,521,675,0,2,1,2,0,1,0,0.00,77.19 ,50
03,007,00,018,0419,0,537,5,542,743,0,2,1,2,0,1,0,0.00,72.95 ,50
03,007,00,018,0420,0,771,9,780,944,0,2,1,2,0,1,0,0.00,82.63 ,50
03,007,00,018,0421,0,695,14,709,909,0,2,1,2,0,1,0,0.00,78.00 ,50
03,007,00,018,0422,0,670,7,677,840,0,2,1,2,0,1,0,0.00,80.60 ,50
03,007,00,018,0423,0,425,3,428,548,0,2,1,2,0,1,0,0.00,78.10 ,50
03,007,00,018,0424,0,672,11,683,881,0,2,1,2,0,1,0,0.00,77.53 ,50
03,007,00,018,0425,0,677,6,683,899,0,2,1,2,0,1,0,0.00,75.97 ,50
03,007,00,018,0426,0,533,8,541,689,0,2,1,2,0,1,0,0.00,78.52 ,50
03,007,00,018,0427,0,595,8,603,806,0,2,1,2,0,1,0,0.00,74.81 ,50
03,007,00,018,0428,0,615,10,625,856,0,2,1,2,0,1,0,0.00,73.01 ,50
03,007,00,018,0429,0,511,10,521,665,0,2,1,2,0,1,0,0.00,78.35 ,50
03,007,00,018,0430,0,493,6,499,642,0,2,1,2,0,1,0,0.00,77.73 ,50
03,007,00,019,0431,0,1604,22,1626,2142,0,2,1,2,0,1,0,0.00,75.91 ,50
03,007,00,019,0432,0,1138,9,1147,1544,0,2,1,2,0,1,0,0.00,74.29 ,50
03,007,00,019,0433,0,2480,24,2504,3233,0,2,1,2,0,1,0,0.00,77.45 ,50
03,007,00,019,0434,0,1088,21,1109,1459,0,2,1,2,0,1,0,0.00,76.01 ,50
03,007,00,019,0435,0,943,10,953,1225,0,2,1,2,0,1,0,0.00,77.80 ,50
03,007,00,019,0436,0,649,7,656,816,0,2,1,2,0,1,0,0.00,80.39 ,50
03,007,00,019,0437,0,513,7,520,702,0,2,1,2,0,1,0,0.00,74.07 ,50
03,007,00,019,0438,0,624,9,633,800,0,2,1,2,0,1,0,0.00,79.13 ,50
03,007,00,019,0439,0,999,13,1012,1318,0,2,1,2,0,1,0,0.00,76.78 ,50
03,007,00,019,0440,0,1029,11,1040,1325,0,2,1,2,0,1,0,0.00,78.49 ,50
03,007,00,019,0441,0,1050,14,1064,1391,0,2,1,2,0,1,0,0.00,76.49 ,50
03,007,00,019,0442,0,1316,10,1326,1733,0,2,1,2,0,1,0,0.00,76.51 ,50
03,007,00,019,0443,0,747,12,759,1005,0,2,1,2,0,1,0,0.00,75.52 ,50
03,007,00,019,0444,0,1173,13,1186,1528,0,2,1,2,0,1,0,0.00,77.62 ,50
03,007,00,019,0445,0,857,15,872,1225,0,2,1,2,0,1,0,0.00,71.18 ,50
03,007,00,020,0446,0,1547,18,1565,2095,0,2,1,2,0,1,0,0.00,74.70 ,50
03,007,00,020,0447,0,1889,19,1908,2553,0,2,1,2,0,1,0,0.00,74.74 ,50
03,007,00,020,0448,0,1018,14,1032,1417,0,2,1,2,0,1,0,0.00,72.83 ,50
03,007,00,020,0449,0,1489,18,1507,2111,0,2,1,2,0,1,0,0.00,71.39 ,50
03,007,00,020,0450,0,1093,28,1121,1555,0,2,1,2,0,1,0,0.00,72.09 ,50
03,007,00,020,0451,0,978,10,988,1490,0,2,1,2,0,1,0,0.00,66.31 ,50
03,007,00,020,0452,0,842,11,853,1202,0,2,1,2,0,1,0,0.00,70.97 ,50
03,007,00,020,0453,0,883,11,894,1093,0,2,1,2,0,1,0,0.00,81.79 ,50
03,007,00,020,0454,0,809,14,823,1037,0,2,1,2,0,1,0,0.00,79.36 ,50
03,007,00,020,0455,0,832,8,840,1137,0,2,1,2,0,1,0,0.00,73.88 ,50
03,007,00,020,0456,0,1404,14,1418,1994,0,2,1,2,0,1,0,0.00,71.11 ,50
03,007,00,020,0457,0,1498,25,1523,2073,0,2,1,2,0,1,0,0.00,73.47 ,50
03,007,00,020,0458,0,957,6,963,1262,0,2,1,2,0,1,0,0.00,76.31 ,50
03,007,00,020,0459,0,1207,14,1221,1627,0,2,1,2,0,1,0,0.00,75.05 ,50
03,007,00,020,0460,0,941,13,954,1219,0,2,1,2,0,1,0,0.00,78.26 ,50
03,007,00,020,0461,0,595,6,601,759,0,2,1,2,0,1,0,0.00,79.18 ,50
03,007,00,020,0462,0,1038,13,1051,1378,0,2,1,2,0,1,0,0.00,76.27 ,50
03,007,00,020,0463,0,803,5,808,1090,0,2,1,2,0,1,0,0.00,74.13 ,50
03,007,00,020,0464,0,849,7,856,1030,0,2,1,2,0,1,0,0.00,83.11 ,50
03,007,00,020,0465,0,2534,35,2569,3309,0,2,1,2,0,1,0,0.00,77.64 ,50
03,007,00,020,0466,0,961,11,972,1310,0,2,1,2,0,1,0,0.00,74.20 ,50
03,007,00,020,0467,0,722,19,741,992,0,2,1,2,0,1,0,0.00,74.70 ,50
03,007,00,020,0468,0,679,8,687,864,0,2,1,2,0,1,0,0.00,79.51 ,50
03,007,00,020,0469,0,858,10,868,1170,0,2,1,2,0,1,0,0.00,74.19 ,50
03,007,00,020,0470,0,814,5,819,1019,0,2,1,2,0,1,0,0.00,80.37 ,50
03,007,00,020,0471,0,791,12,803,991,0,2,1,2,0,1,0,0.00,81.03 ,50
03,007,00,020,0472,0,590,8,598,770,0,2,1,2,0,1,0,0.00,77.66 ,50
03,007,00,021,0473,0,865,9,874,1168,0,2,1,2,0,1,0,0.00,74.83 ,50
03,007,00,021,0474,0,450,8,458,597,0,2,1,2,0,1,0,0.00,76.72 ,50
03,007,00,021,0475,0,1208,18,1226,1581,0,2,1,2,0,1,0,0.00,77.55 ,50
03,007,00,021,0476,0,817,7,824,1041,0,2,1,2,0,1,0,0.00,79.15 ,50
03,007,00,021,0477,0,836,18,854,1089,0,2,1,2,0,1,0,0.00,78.42 ,50
03,007,00,021,0478,0,763,16,779,978,0,2,1,2,0,1,0,0.00,79.65 ,50
03,007,00,021,0479,0,825,15,840,1058,0,2,1,2,0,1,0,0.00,79.40 ,50
03,007,00,021,0480,0,631,4,635,785,0,2,1,2,0,1,0,0.00,80.89 ,50
03,007,00,021,0481,0,482,12,494,631,0,2,1,2,0,1,0,0.00,78.29 ,50
03,007,00,021,0482,0,645,10,655,856,0,2,1,2,0,1,0,0.00,76.52 ,50
03,007,00,021,0483,0,750,15,765,947,0,2,1,2,0,1,0,0.00,80.78 ,50
03,007,00,021,0484,0,886,8,894,1136,0,2,1,2,0,1,0,0.00,78.70 ,50
03,007,00,021,0485,0,1259,16,1275,1648,0,2,1,2,0,1,0,0.00,77.37 ,50
03,007,00,021,0486,0,600,5,605,751,0,2,1,2,0,1,0,0.00,80.56 ,50
03,007,00,021,0487,0,637,10,647,823,0,2,1,2,0,1,0,0.00,78.61 ,50
03,007,00,021,0488,0,1095,8,1103,1466,0,2,1,2,0,1,0,0.00,75.24 ,50
03,007,00,021,0489,0,1123,20,1143,1450,0,2,1,2,0,1,0,0.00,78.83 ,50
03,007,00,021,0490,0,239,1,240,321,0,2,1,2,0,1,0,0.00,74.77 ,50
03,007,00,021,0491,0,458,4,462,638,0,2,1,2,0,1,0,0.00,72.41 ,50
03,007,00,021,0492,0,463,11,474,610,0,2,1,2,0,1,0,0.00,77.70 ,50
03,007,00,022,0493,0,1543,37,1580,2138,0,2,1,2,0,1,0,0.00,73.90 ,50
03,007,00,022,0494,0,1010,30,1040,1391,0,2,1,2,0,1,0,0.00,74.77 ,50
03,007,00,022,0495,0,1122,17,1139,1492,0,2,1,2,0,1,0,0.00,76.34 ,50
03,007,00,022,0496,0,1437,23,1460,1963,0,2,1,2,0,1,0,0.00,74.38 ,50
03,007,00,022,0497,0,772,11,783,1086,0,2,1,2,0,1,0,0.00,72.10 ,50
03,007,00,022,0498,0,1097,25,1122,1457,0,2,1,2,0,1,0,0.00,77.01 ,50
03,007,00,022,0499,0,2067,30,2097,2700,0,2,1,2,0,1,0,0.00,77.67 ,50
03,007,00,022,0500,0,1146,22,1168,1530,0,2,1,2,0,1,0,0.00,76.34 ,50
03,007,00,022,0501,0,468,10,478,663,0,2,1,2,0,1,0,0.00,72.10 ,50
03,007,00,022,0502,0,452,4,456,617,0,2,1,2,0,1,0,0.00,73.91 ,50
03,007,00,022,0503,0,1129,24,1153,1569,0,2,1,2,0,1,0,0.00,73.49 ,50
03,007,00,022,0504,0,830,12,842,1212,0,2,1,2,0,1,0,0.00,69.47 ,50
03,007,00,022,0505,0,580,9,589,828,0,2,1,2,0,1,0,0.00,71.14 ,50
03,007,00,022,0506,0,526,15,541,759,0,2,1,2,0,1,0,0.00,71.28 ,50
03,007,00,022,0507,0,870,15,885,1221,0,2,1,2,0,1,0,0.00,72.48 ,50
03,007,00,022,0508,0,641,17,658,935,0,2,1,2,0,1,0,0.00,70.37 ,50
03,007,00,022,0509,0,649,14,663,977,0,2,1,2,0,1,0,0.00,67.86 ,50
03,007,00,023,0510,0,662,12,674,1114,0,2,1,2,0,1,0,0.00,60.50 ,50
03,007,00,023,0511,0,333,1,334,603,0,2,1,2,0,1,0,0.00,55.39 ,50
03,007,00,023,0512,0,613,4,617,964,0,2,1,2,0,1,0,0.00,64.00 ,50
03,007,00,023,0513,0,411,3,414,710,0,2,1,2,0,1,0,0.00,58.31 ,50
03,007,00,023,0514,0,618,6,624,891,0,2,1,2,0,1,0,0.00,70.03 ,50
03,007,00,023,0515,0,1126,10,1136,1611,0,2,1,2,0,1,0,0.00,70.52 ,50
03,007,00,023,0516,0,894,9,903,1464,0,2,1,2,0,1,0,0.00,61.68 ,50
03,007,00,023,0517,0,626,11,637,1147,0,2,1,2,0,1,0,0.00,55.54 ,50
03,007,00,023,0518,0,509,6,515,803,0,2,1,2,0,1,0,0.00,64.13 ,50
03,007,00,023,0519,0,579,9,588,783,0,2,1,2,0,1,0,0.00,75.10 ,50
03,007,00,023,0520,0,685,11,696,1012,0,2,1,2,0,1,0,0.00,68.77 ,50
03,007,00,023,0521,0,494,9,503,743,0,2,1,2,0,1,0,0.00,67.70 ,50
03,007,00,023,0522,0,456,6,462,703,0,2,1,2,0,1,0,0.00,65.72 ,50
03,007,00,023,0523,0,575,4,579,833,0,2,1,2,0,1,0,0.00,69.51 ,50
03,007,00,023,0524,0,512,10,522,820,0,2,1,2,0,1,0,0.00,63.66 ,50
03,007,00,023,0525,0,817,12,829,1315,0,2,1,2,0,1,0,0.00,63.04 ,50
03,007,00,023,0526,0,515,6,521,759,0,2,1,2,0,1,0,0.00,68.64 ,50
03,007,00,023,0527,0,955,2,957,1315,0,2,1,2,0,1,0,0.00,72.78 ,50
03,007,00,023,0528,0,389,7,396,642,0,2,1,2,0,1,0,0.00,61.68 ,50
03,007,00,023,0529,0,929,5,934,1315,0,2,1,2,0,1,0,0.00,71.03 ,50
03,007,00,023,0530,0,1374,24,1398,1921,0,2,1,2,0,1,0,0.00,72.77 ,50
03,007,00,023,0531,0,494,7,501,737,0,2,1,2,0,1,0,0.00,67.98 ,50
03,007,00,023,0532,0,650,8,658,975,0,2,1,2,0,1,0,0.00,67.49 ,50
03,007,00,023,0533,0,852,9,861,1319,0,2,1,2,0,1,0,0.00,65.28 ,50
03,007,00,023,0534,0,1758,23,1781,2530,0,2,1,2,0,1,0,0.00,70.40 ,50
03,007,00,023,0535,0,1260,21,1281,1990,0,2,1,2,0,1,0,0.00,64.37 ,50
03,007,00,024,0536,0,891,12,903,1462,0,2,1,2,0,1,0,0.00,61.76 ,50
03,007,00,024,0537,0,901,9,910,1432,0,2,1,2,0,1,0,0.00,63.55 ,50
03,007,00,024,0538,0,561,11,572,854,0,2,1,2,0,1,0,0.00,66.98 ,50
03,007,00,024,0539,0,849,17,866,1257,0,2,1,2,0,1,0,0.00,68.89 ,50
03,007,00,024,0540,0,754,9,763,1064,0,2,1,2,0,1,0,0.00,71.71 ,50
03,007,00,024,0541,0,767,7,774,1163,0,2,1,2,0,1,0,0.00,66.55 ,50
03,007,00,024,0542,0,469,2,471,778,0,2,1,2,0,1,0,0.00,60.54 ,50
03,007,00,024,0543,0,802,17,819,1244,0,2,1,2,0,1,0,0.00,65.84 ,50
03,007,00,024,0544,0,563,6,569,869,0,2,1,2,0,1,0,0.00,65.48 ,50
03,007,00,024,0545,0,464,2,466,761,0,2,1,2,0,1,0,0.00,61.24 ,50
03,007,00,024,0546,0,756,5,761,1195,0,2,1,2,0,1,0,0.00,63.68 ,50
03,007,00,024,0547,0,817,11,828,1332,0,2,1,2,0,1,0,0.00,62.16 ,50
03,007,00,024,0548,0,655,10,665,1081,0,2,1,2,0,1,0,0.00,61.52 ,50
03,007,00,024,0549,0,541,5,546,862,0,2,1,2,0,1,0,0.00,63.34 ,50
03,007,00,024,0550,0,639,12,651,1045,0,2,1,2,0,1,0,0.00,62.30 ,50
03,007,00,025,0551,0,715,11,726,1006,0,2,1,2,0,1,0,0.00,72.17 ,50
03,007,00,025,0552,0,1213,11,1224,1571,0,2,1,2,0,1,0,0.00,77.91 ,50
03,007,00,025,0553,0,613,5,618,836,0,2,1,2,0,1,0,0.00,73.92 ,50
03,007,00,025,0554,0,592,5,597,803,0,2,1,2,0,1,0,0.00,74.35 ,50
03,007,00,025,0555,0,1007,19,1026,1432,0,2,1,2,0,1,0,0.00,71.65 ,50
03,007,00,025,0556,0,439,8,447,640,0,2,1,2,0,1,0,0.00,69.84 ,50
03,007,00,025,0557,0,666,11,677,936,0,2,1,2,0,1,0,0.00,72.33 ,50
03,007,00,025,0558,0,838,7,845,1217,0,2,1,2,0,1,0,0.00,69.43 ,50
03,007,00,025,0559,0,400,8,408,577,0,2,1,2,0,1,0,0.00,70.71 ,50
03,007,00,025,0560,0,626,4,630,889,0,2,1,2,0,1,0,0.00,70.87 ,50
03,007,00,025,0561,0,499,7,506,744,0,2,1,2,0,1,0,0.00,68.01 ,50
03,007,00,025,0562,0,464,0,464,667,0,2,1,2,0,1,0,0.00,69.57 ,50
03,007,00,025,0563,0,539,6,545,797,0,2,1,2,0,1,0,0.00,68.38 ,50
03,007,00,025,0564,0,488,4,492,745,0,2,1,2,0,1,0,0.00,66.04 ,50
03,007,00,026,0565,0,1243,21,1264,1723,0,2,1,2,0,1,0,0.00,73.36 ,50
03,007,00,026,0566,0,459,9,468,632,0,2,1,2,0,1,0,0.00,74.05 ,50
03,007,00,026,0567,0,720,10,730,956,0,2,1,2,0,1,0,0.00,76.36 ,50
03,007,00,026,0568,0,1288,18,1306,1615,0,2,1,2,0,1,0,0.00,80.87 ,50
03,007,00,026,0569,0,904,14,918,1172,0,2,1,2,0,1,0,0.00,78.33 ,50
03,007,00,026,0570,0,1300,25,1325,1696,0,2,1,2,0,1,0,0.00,78.13 ,50
03,007,00,026,0571,0,890,10,900,1171,0,2,1,2,0,1,0,0.00,76.86 ,50
03,007,00,026,0572,0,974,15,989,1340,0,2,1,2,0,1,0,0.00,73.81 ,50
03,007,00,026,0573,0,1387,24,1411,1950,0,2,1,2,0,1,0,0.00,72.36 ,50
03,007,00,026,0574,0,1247,18,1265,1721,0,2,1,2,0,1,0,0.00,73.50 ,50
03,007,00,026,0575,0,1310,22,1332,1880,0,2,1,2,0,1,0,0.00,70.85 ,50
03,007,00,026,0576,0,591,9,600,777,0,2,1,2,0,1,0,0.00,77.22 ,50
03,007,00,026,0577,0,738,18,756,1052,0,2,1,2,0,1,0,0.00,71.86 ,50
03,007,00,026,0578,0,670,7,677,952,0,2,1,2,0,1,0,0.00,71.11 ,50
03,007,00,026,0579,0,485,11,496,730,0,2,1,2,0,1,0,0.00,67.95 ,50
03,007,00,026,0580,0,624,8,632,860,0,2,1,2,0,1,0,0.00,73.49 ,50
03,007,00,026,0581,0,849,21,870,1166,0,2,1,2,0,1,0,0.00,74.61 ,50
03,007,00,026,0582,0,651,10,661,877,0,2,1,2,0,1,0,0.00,75.37 ,50
03,007,00,026,0583,0,749,9,758,1163,0,2,1,2,0,1,0,0.00,65.18 ,50
03,008,00,001,0001,0,723,7,730,972,0,2,1,2,0,1,0,0.00,75.10 ,50
03,008,00,001,0002,0,998,10,1008,1293,0,2,1,2,0,1,0,0.00,77.96 ,50
03,008,00,001,0003,0,602,3,605,772,0,2,1,2,0,1,0,0.00,78.37 ,50
03,008,00,001,0004,0,471,6,477,578,0,2,1,2,0,1,0,0.00,82.53 ,50
03,008,00,001,0005,0,581,2,583,752,0,2,1,2,0,1,0,0.00,77.53 ,50
03,008,00,001,0006,0,351,1,352,437,0,2,1,2,0,1,0,0.00,80.55 ,50
03,008,00,001,0007,0,799,6,805,1066,0,2,1,2,0,1,0,0.00,75.52 ,50
03,008,00,001,0008,0,2722,24,2746,3592,0,2,1,2,0,1,0,0.00,76.45 ,50
03,008,00,001,0009,0,2197,19,2216,2779,0,2,1,2,0,1,0,0.00,79.74 ,50
03,008,00,001,0010,0,1153,20,1173,1544,0,2,1,2,0,1,0,0.00,75.97 ,50
03,008,00,001,0011,0,1806,20,1826,2318,0,2,1,2,0,1,0,0.00,78.77 ,50
03,008,00,001,0012,0,3788,21,3809,4869,0,2,1,2,0,1,0,0.00,78.23 ,50
03,008,00,001,0013,0,1436,16,1452,1955,0,2,1,2,0,1,0,0.00,74.27 ,50
03,008,00,001,0014,0,632,7,639,825,0,2,1,2,0,1,0,0.00,77.45 ,50
03,008,00,001,0015,0,2595,24,2619,3347,0,2,1,2,0,1,0,0.00,78.25 ,50
03,008,00,001,0016,0,346,5,351,449,0,2,1,2,0,1,0,0.00,78.17 ,50
03,008,00,001,0017,0,1483,15,1498,1840,0,2,1,2,0,1,0,0.00,81.41 ,50
03,008,00,001,0018,0,3413,19,3432,4184,0,2,1,2,0,1,0,0.00,82.03 ,50
03,008,00,001,0019,0,3171,22,3193,3918,0,2,1,2,0,1,0,0.00,81.50 ,50
03,008,00,001,0020,0,1031,17,1048,1245,0,2,1,2,0,1,0,0.00,84.18 ,50
03,008,00,001,0021,0,494,3,497,615,0,2,1,2,0,1,0,0.00,80.81 ,50
03,008,00,001,0022,0,1610,11,1621,2086,0,2,1,2,0,1,0,0.00,77.71 ,50
03,008,00,001,0023,0,1884,18,1902,2310,0,2,1,2,0,1,0,0.00,82.34 ,50
03,008,00,001,0024,0,1382,6,1388,1714,0,2,1,2,0,1,0,0.00,80.98 ,50
03,008,00,001,0025,0,1663,13,1676,2079,0,2,1,2,0,1,0,0.00,80.62 ,50
03,008,00,001,0026,0,4030,27,4057,5064,0,2,1,2,0,1,0,0.00,80.11 ,50
03,008,00,001,0027,0,2484,22,2506,3318,0,2,1,2,0,1,0,0.00,75.53 ,50
03,008,00,001,0028,0,2010,13,2023,2581,0,2,1,2,0,1,0,0.00,78.38 ,50
03,008,00,001,0029,0,1590,18,1608,2058,0,2,1,2,0,1,0,0.00,78.13 ,50
03,008,00,001,0030,0,1790,17,1807,2376,0,2,1,2,0,1,0,0.00,76.05 ,50
03,008,00,001,0031,0,879,12,891,1254,0,2,1,2,0,1,0,0.00,71.05 ,50
03,008,00,001,0032,0,596,4,600,745,0,2,1,2,0,1,0,0.00,80.54 ,50
03,008,00,001,0033,0,586,1,587,785,0,2,1,2,0,1,0,0.00,74.78 ,50
03,008,00,001,0034,0,1159,10,1169,1510,0,2,1,2,0,1,0,0.00,77.42 ,50
03,008,00,002,0035,0,2268,25,2293,3112,0,2,1,2,0,1,0,0.00,73.68 ,50
03,008,00,002,0036,0,2329,18,2347,3180,0,2,1,2,0,1,0,0.00,73.81 ,50
03,008,00,002,0037,0,737,5,742,996,0,2,1,2,0,1,0,0.00,74.50 ,50
03,008,00,002,0038,0,1785,11,1796,2471,0,2,1,2,0,1,0,0.00,72.68 ,50
03,008,00,002,0039,0,2216,16,2232,2971,0,2,1,2,0,1,0,0.00,75.13 ,50
03,008,00,002,0040,0,1246,9,1255,1714,0,2,1,2,0,1,0,0.00,73.22 ,50
03,008,00,002,0041,0,1335,14,1349,1800,0,2,1,2,0,1,0,0.00,74.94 ,50
03,008,00,002,0042,0,1563,27,1590,2184,0,2,1,2,0,1,0,0.00,72.80 ,50
03,008,00,002,0043,0,2472,27,2499,3511,0,2,1,2,0,1,0,0.00,71.18 ,50
03,008,00,002,0044,0,1066,8,1074,1380,0,2,1,2,0,1,0,0.00,77.83 ,50
03,008,00,002,0045,0,3862,36,3898,5162,0,2,1,2,0,1,0,0.00,75.51 ,50
03,008,00,002,0046,0,566,1,567,748,0,2,1,2,0,1,0,0.00,75.80 ,50
03,008,00,002,0047,0,1621,8,1629,2117,0,2,1,2,0,1,0,0.00,76.95 ,50
03,008,00,002,0048,0,3488,47,3535,4856,0,2,1,2,0,1,0,0.00,72.80 ,50
03,008,00,002,0049,0,1810,23,1833,2581,0,2,1,2,0,1,0,0.00,71.02 ,50
03,008,00,002,0050,0,689,10,699,928,0,2,1,2,0,1,0,0.00,75.32 ,50
03,008,00,002,0051,0,685,8,693,931,0,2,1,2,0,1,0,0.00,74.44 ,50
03,008,00,002,0052,0,533,5,538,717,0,2,1,2,0,1,0,0.00,75.03 ,50
03,008,00,002,0053,0,673,10,683,942,0,2,1,2,0,1,0,0.00,72.51 ,50
03,008,00,002,0054,0,259,1,260,370,0,2,1,2,0,1,0,0.00,70.27 ,50
03,008,00,002,0055,0,863,9,872,1229,0,2,1,2,0,1,0,0.00,70.95 ,50
03,008,00,002,0056,0,917,8,925,1224,0,2,1,2,0,1,0,0.00,75.57 ,50
03,008,00,002,0057,0,1105,5,1110,1508,0,2,1,2,0,1,0,0.00,73.61 ,50
03,008,00,002,0058,0,869,10,879,1152,0,2,1,2,0,1,0,0.00,76.30 ,50
03,008,00,002,0059,0,533,5,538,686,0,2,1,2,0,1,0,0.00,78.43 ,50
03,008,00,002,0060,0,555,4,559,826,0,2,1,2,0,1,0,0.00,67.68 ,50
03,008,00,002,0061,0,1078,8,1086,1502,0,2,1,2,0,1,0,0.00,72.30 ,50
03,008,00,002,0062,0,744,6,750,1131,0,2,1,2,0,1,0,0.00,66.31 ,50
03,008,00,002,0063,0,448,11,459,636,0,2,1,2,0,1,0,0.00,72.17 ,50
03,008,00,002,0064,0,674,4,678,954,0,2,1,2,0,1,0,0.00,71.07 ,50
03,008,00,002,0065,0,1737,22,1759,2377,0,2,1,2,0,1,0,0.00,74.00 ,50
03,008,00,002,0066,0,822,9,831,1090,0,2,1,2,0,1,0,0.00,76.24 ,50
03,008,00,002,0067,0,1798,19,1817,2477,0,2,1,2,0,1,0,0.00,73.35 ,50
03,008,00,003,0068,0,1317,11,1328,1703,0,2,1,2,0,1,0,0.00,77.98 ,50
03,008,00,003,0069,0,2357,18,2375,3053,0,2,1,2,0,1,0,0.00,77.79 ,50
03,008,00,003,0070,0,1540,10,1550,1919,0,2,1,2,0,1,0,0.00,80.77 ,50
03,008,00,003,0071,0,562,5,567,726,0,2,1,2,0,1,0,0.00,78.10 ,50
03,008,00,003,0072,0,1161,4,1165,1449,0,2,1,2,0,1,0,0.00,80.40 ,50
03,008,00,003,0073,0,1787,13,1800,2274,0,2,1,2,0,1,0,0.00,79.16 ,50
03,008,00,003,0074,0,3566,41,3607,4559,0,2,1,2,0,1,0,0.00,79.12 ,50
03,008,00,003,0075,0,3814,39,3853,4832,0,2,1,2,0,1,0,0.00,79.74 ,50
03,008,00,003,0076,0,2091,18,2109,2638,0,2,1,2,0,1,0,0.00,79.95 ,50
03,008,00,003,0077,0,1614,12,1626,2022,0,2,1,2,0,1,0,0.00,80.42 ,50
03,008,00,003,0078,0,2146,30,2176,2848,0,2,1,2,0,1,0,0.00,76.40 ,50
03,008,00,003,0079,0,1168,6,1174,1475,0,2,1,2,0,1,0,0.00,79.59 ,50
03,008,00,003,0080,0,2028,23,2051,2642,0,2,1,2,0,1,0,0.00,77.63 ,50
03,008,00,003,0081,0,3225,37,3262,4216,0,2,1,2,0,1,0,0.00,77.37 ,50
03,008,00,003,0082,0,2302,34,2336,3057,0,2,1,2,0,1,0,0.00,76.41 ,50
03,008,00,003,0083,0,1843,21,1864,2463,0,2,1,2,0,1,0,0.00,75.68 ,50
03,008,00,003,0084,0,1297,22,1319,1702,0,2,1,2,0,1,0,0.00,77.50 ,50
03,008,00,003,0085,0,824,9,833,1071,0,2,1,2,0,1,0,0.00,77.78 ,50
03,008,00,003,0086,0,1591,23,1614,2045,0,2,1,2,0,1,0,0.00,78.92 ,50
03,008,00,003,0087,0,2832,13,2845,3663,0,2,1,2,0,1,0,0.00,77.67 ,50
03,008,00,003,0088,0,1386,9,1395,1791,0,2,1,2,0,1,0,0.00,77.89 ,50
03,008,00,003,0089,0,1293,12,1305,1686,0,2,1,2,0,1,0,0.00,77.40 ,50
03,008,00,003,0090,0,2131,18,2149,2774,0,2,1,2,0,1,0,0.00,77.47 ,50
03,008,00,003,0091,0,756,0,756,969,0,2,1,2,0,1,0,0.00,78.02 ,50
03,008,00,003,0092,0,1108,16,1124,1538,0,2,1,2,0,1,0,0.00,73.08 ,50
03,008,00,003,0093,0,706,3,709,946,0,2,1,2,0,1,0,0.00,74.95 ,50
03,008,00,003,0094,0,1620,13,1633,2267,0,2,1,2,0,1,0,0.00,72.03 ,50
03,008,00,004,0095,0,1716,10,1726,2305,0,2,1,2,0,1,0,0.00,74.88 ,50
03,008,00,004,0096,0,576,8,584,791,0,2,1,2,0,1,0,0.00,73.83 ,50
03,008,00,004,0097,0,3068,24,3092,4234,0,2,1,2,0,1,0,0.00,73.03 ,50
03,008,00,004,0098,0,2189,21,2210,3108,0,2,1,2,0,1,0,0.00,71.11 ,50
03,008,00,004,0099,0,1364,14,1378,1961,0,2,1,2,0,1,0,0.00,70.27 ,50
03,008,00,004,0100,0,2241,19,2260,3210,0,2,1,2,0,1,0,0.00,70.40 ,50
03,008,00,004,0101,0,592,3,595,886,0,2,1,2,0,1,0,0.00,67.16 ,50
03,008,00,004,0102,0,692,5,697,961,0,2,1,2,0,1,0,0.00,72.53 ,50
03,008,00,004,0103,0,874,6,880,1191,0,2,1,2,0,1,0,0.00,73.89 ,50
03,008,00,004,0104,0,621,5,626,861,0,2,1,2,0,1,0,0.00,72.71 ,50
03,008,00,004,0105,0,119,0,119,173,0,2,1,2,0,1,0,0.00,68.79 ,50
03,008,00,004,0106,0,2598,19,2617,3654,0,2,1,2,0,1,0,0.00,71.62 ,50
03,008,00,004,0107,0,1965,25,1990,2785,0,2,1,2,0,1,0,0.00,71.45 ,50
03,008,00,004,0108,0,1124,11,1135,1590,0,2,1,2,0,1,0,0.00,71.38 ,50
03,008,00,004,0109,0,1924,16,1940,2607,0,2,1,2,0,1,0,0.00,74.42 ,50
03,008,00,004,0110,0,467,2,469,663,0,2,1,2,0,1,0,0.00,70.74 ,50
03,008,00,004,0111,0,1387,11,1398,1942,0,2,1,2,0,1,0,0.00,71.99 ,50
03,008,00,004,0112,0,603,9,612,866,0,2,1,2,0,1,0,0.00,70.67 ,50
03,008,00,004,0113,0,1038,12,1050,1493,0,2,1,2,0,1,0,0.00,70.33 ,50
03,008,00,004,0114,0,529,5,534,742,0,2,1,2,0,1,0,0.00,71.97 ,50
03,008,00,004,0115,0,466,5,471,691,0,2,1,2,0,1,0,0.00,68.16 ,50
03,008,00,004,0116,0,797,9,806,1142,0,2,1,2,0,1,0,0.00,70.58 ,50
03,008,00,004,0117,0,634,2,636,898,0,2,1,2,0,1,0,0.00,70.82 ,50
03,008,00,004,0118,0,406,6,412,590,0,2,1,2,0,1,0,0.00,69.83 ,50
03,008,00,004,0119,0,664,9,673,985,0,2,1,2,0,1,0,0.00,68.32 ,50
03,008,00,004,0120,0,421,2,423,617,0,2,1,2,0,1,0,0.00,68.56 ,50
03,008,00,004,0121,0,538,7,545,831,0,2,1,2,0,1,0,0.00,65.58 ,50
03,008,00,004,0122,0,710,11,721,1077,0,2,1,2,0,1,0,0.00,66.95 ,50
03,008,00,005,0123,0,663,4,667,892,0,2,1,2,0,1,0,0.00,74.78 ,50
03,008,00,005,0124,0,720,11,731,1024,0,2,1,2,0,1,0,0.00,71.39 ,50
03,008,00,005,0125,0,450,6,456,601,0,2,1,2,0,1,0,0.00,75.87 ,50
03,008,00,005,0126,0,848,11,859,1149,0,2,1,2,0,1,0,0.00,74.76 ,50
03,008,00,005,0127,0,391,2,393,544,0,2,1,2,0,1,0,0.00,72.24 ,50
03,008,00,005,0128,0,360,4,364,454,0,2,1,2,0,1,0,0.00,80.18 ,50
03,008,00,005,0129,0,710,7,717,932,0,2,1,2,0,1,0,0.00,76.93 ,50
03,008,00,005,0130,0,932,16,948,1268,0,2,1,2,0,1,0,0.00,74.76 ,50
03,008,00,005,0131,0,642,4,646,817,0,2,1,2,0,1,0,0.00,79.07 ,50
03,008,00,005,0132,0,405,5,410,556,0,2,1,2,0,1,0,0.00,73.74 ,50
03,008,00,005,0133,0,590,5,595,852,0,2,1,2,0,1,0,0.00,69.84 ,50
03,008,00,006,0134,0,751,6,757,997,0,2,1,2,0,1,0,0.00,75.93 ,50
03,008,00,006,0135,0,1851,14,1865,2602,0,2,1,2,0,1,0,0.00,71.68 ,50
03,008,00,006,0136,0,1295,15,1310,1802,0,2,1,2,0,1,0,0.00,72.70 ,50
03,008,00,006,0137,0,1098,16,1114,1520,0,2,1,2,0,1,0,0.00,73.29 ,50
03,008,00,006,0138,0,741,8,749,1007,0,2,1,2,0,1,0,0.00,74.38 ,50
03,008,00,006,0139,0,724,10,734,986,0,2,1,2,0,1,0,0.00,74.44 ,50
03,008,00,006,0140,0,2268,19,2287,3052,0,2,1,2,0,1,0,0.00,74.93 ,50
03,008,00,006,0141,0,1122,11,1133,1579,0,2,1,2,0,1,0,0.00,71.75 ,50
03,008,00,006,0142,0,583,6,589,769,0,2,1,2,0,1,0,0.00,76.59 ,50
03,008,00,006,0143,0,746,49,795,1034,0,2,1,2,0,1,0,0.00,76.89 ,50
03,008,00,006,0144,0,1352,20,1372,1906,0,2,1,2,0,1,0,0.00,71.98 ,50
03,008,00,006,0145,0,1362,11,1373,1917,0,2,1,2,0,1,0,0.00,71.62 ,50
03,008,00,006,0146,0,552,5,557,791,0,2,1,2,0,1,0,0.00,70.42 ,50
03,008,00,006,0147,0,898,9,907,1251,0,2,1,2,0,1,0,0.00,72.50 ,50
03,008,00,006,0148,0,625,7,632,876,0,2,1,2,0,1,0,0.00,72.15 ,50
03,008,00,006,0149,0,1063,17,1080,1449,0,2,1,2,0,1,0,0.00,74.53 ,50
03,008,00,006,0150,0,948,11,959,1309,0,2,1,2,0,1,0,0.00,73.26 ,50
03,008,00,006,0151,0,751,7,758,998,0,2,1,2,0,1,0,0.00,75.95 ,50
03,008,00,006,0152,0,548,6,554,744,0,2,1,2,0,1,0,0.00,74.46 ,50
03,008,00,006,0153,0,593,6,599,837,0,2,1,2,0,1,0,0.00,71.57 ,50
03,008,00,006,0154,0,649,3,652,855,0,2,1,2,0,1,0,0.00,76.26 ,50
03,008,00,006,0155,0,1090,19,1109,1514,0,2,1,2,0,1,0,0.00,73.25 ,50
03,008,00,007,0156,0,1075,10,1085,1495,0,2,1,2,0,1,0,0.00,72.58 ,50
03,008,00,007,0157,0,1143,13,1156,1594,0,2,1,2,0,1,0,0.00,72.52 ,50
03,008,00,007,0158,0,855,11,866,1073,0,2,1,2,0,1,0,0.00,80.71 ,50
03,008,00,007,0159,0,1321,9,1330,1768,0,2,1,2,0,1,0,0.00,75.23 ,50
03,008,00,007,0160,0,776,6,782,1117,0,2,1,2,0,1,0,0.00,70.01 ,50
03,008,00,007,0161,0,458,4,462,672,0,2,1,2,0,1,0,0.00,68.75 ,50
03,008,00,007,0162,0,1113,16,1129,1585,0,2,1,2,0,1,0,0.00,71.23 ,50
03,008,00,007,0163,0,681,6,687,916,0,2,1,2,0,1,0,0.00,75.00 ,50
03,008,00,007,0164,0,990,11,1001,1279,0,2,1,2,0,1,0,0.00,78.26 ,50
03,008,00,007,0165,0,897,5,902,1204,0,2,1,2,0,1,0,0.00,74.92 ,50
03,008,00,007,0166,0,757,13,770,1201,0,2,1,2,0,1,0,0.00,64.11 ,50
03,008,00,007,0167,0,548,7,555,794,0,2,1,2,0,1,0,0.00,69.90 ,50
03,008,00,007,0168,0,599,4,603,838,0,2,1,2,0,1,0,0.00,71.96 ,50
03,008,00,008,0169,0,659,7,666,921,0,2,1,2,0,1,0,0.00,72.31 ,50
03,008,00,008,0170,0,397,2,399,554,0,2,1,2,0,1,0,0.00,72.02 ,50
03,008,00,008,0171,0,592,5,597,796,0,2,1,2,0,1,0,0.00,75.00 ,50
03,008,00,008,0172,0,592,5,597,897,0,2,1,2,0,1,0,0.00,66.56 ,50
03,008,00,008,0173,0,538,5,543,748,0,2,1,2,0,1,0,0.00,72.59 ,50
03,008,00,008,0174,0,207,0,207,299,0,2,1,2,0,1,0,0.00,69.23 ,50
03,008,00,008,0175,0,1440,18,1458,1876,0,2,1,2,0,1,0,0.00,77.72 ,50
03,008,00,008,0176,0,571,1,572,738,0,2,1,2,0,1,0,0.00,77.51 ,50
03,008,00,008,0177,0,411,6,417,576,0,2,1,2,0,1,0,0.00,72.40 ,50
03,008,00,008,0178,0,757,4,761,984,0,2,1,2,0,1,0,0.00,77.34 ,50
03,008,00,008,0179,0,806,10,816,1122,0,2,1,2,0,1,0,0.00,72.73 ,50
03,008,00,008,0180,0,659,10,669,965,0,2,1,2,0,1,0,0.00,69.33 ,50
03,008,00,008,0181,0,368,5,373,497,0,2,1,2,0,1,0,0.00,75.05 ,50
03,008,00,008,0182,0,589,1,590,758,0,2,1,2,0,1,0,0.00,77.84 ,50
03,008,00,008,0183,0,470,5,475,613,0,2,1,2,0,1,0,0.00,77.49 ,50
03,008,00,008,0184,0,537,9,546,710,0,2,1,2,0,1,0,0.00,76.90 ,50
03,008,00,008,0185,0,318,4,322,430,0,2,1,2,0,1,0,0.00,74.88 ,50
03,008,00,008,0186,0,428,4,432,593,0,2,1,2,0,1,0,0.00,72.85 ,50
03,008,00,009,0187,0,1295,9,1304,1789,0,2,1,2,0,1,0,0.00,72.89 ,50
03,008,00,009,0188,0,1133,15,1148,1543,0,2,1,2,0,1,0,0.00,74.40 ,50
03,008,00,009,0189,0,726,5,731,1036,0,2,1,2,0,1,0,0.00,70.56 ,50
03,008,00,009,0190,0,866,12,878,1211,0,2,1,2,0,1,0,0.00,72.50 ,50
03,008,00,009,0191,0,721,7,728,1016,0,2,1,2,0,1,0,0.00,71.65 ,50
03,008,00,009,0192,0,902,4,906,1242,0,2,1,2,0,1,0,0.00,72.95 ,50
03,008,00,009,0193,0,487,3,490,623,0,2,1,2,0,1,0,0.00,78.65 ,50
03,008,00,009,0194,0,551,9,560,754,0,2,1,2,0,1,0,0.00,74.27 ,50
03,008,00,009,0195,0,718,6,724,986,0,2,1,2,0,1,0,0.00,73.43 ,50
03,008,00,009,0196,0,560,5,565,747,0,2,1,2,0,1,0,0.00,75.64 ,50
03,008,00,009,0197,0,470,4,474,701,0,2,1,2,0,1,0,0.00,67.62 ,50
03,008,00,009,0198,0,793,7,800,1061,0,2,1,2,0,1,0,0.00,75.40 ,50
03,008,00,009,0199,0,595,5,600,823,0,2,1,2,0,1,0,0.00,72.90 ,50
03,008,00,010,0200,0,1234,9,1243,1737,0,2,1,2,0,1,0,0.00,71.56 ,50
03,008,00,010,0201,0,1100,9,1109,1566,0,2,1,2,0,1,0,0.00,70.82 ,50
03,008,00,010,0202,0,582,7,589,825,0,2,1,2,0,1,0,0.00,71.39 ,50
03,008,00,010,0203,0,1129,17,1146,1648,0,2,1,2,0,1,0,0.00,69.54 ,50
03,008,00,010,0204,0,543,10,553,788,0,2,1,2,0,1,0,0.00,70.18 ,50
03,008,00,010,0205,0,598,12,610,936,0,2,1,2,0,1,0,0.00,65.17 ,50
03,008,00,010,0206,0,1482,23,1505,2185,0,2,1,2,0,1,0,0.00,68.88 ,50
03,008,00,010,0207,0,1536,14,1550,1995,0,2,1,2,0,1,0,0.00,77.69 ,50
03,008,00,010,0208,0,670,11,681,917,0,2,1,2,0,1,0,0.00,74.26 ,50
03,008,00,010,0209,0,904,12,916,1238,0,2,1,2,0,1,0,0.00,73.99 ,50
03,008,00,010,0210,0,589,11,600,844,0,2,1,2,0,1,0,0.00,71.09 ,50
03,008,00,010,0211,0,1169,12,1181,1689,0,2,1,2,0,1,0,0.00,69.92 ,50
03,008,00,010,0212,0,1377,26,1403,2047,0,2,1,2,0,1,0,0.00,68.54 ,50
03,008,00,011,0213,0,608,12,620,926,0,2,1,2,0,1,0,0.00,66.95 ,50
03,008,00,011,0214,0,1229,5,1234,1779,0,2,1,2,0,1,0,0.00,69.36 ,50
03,008,00,011,0215,0,533,5,538,741,0,2,1,2,0,1,0,0.00,72.60 ,50
03,008,00,011,0216,0,726,5,731,1022,0,2,1,2,0,1,0,0.00,71.53 ,50
03,008,00,011,0217,0,416,0,416,566,0,2,1,2,0,1,0,0.00,73.50 ,50
03,008,00,011,0218,0,788,5,793,1090,0,2,1,2,0,1,0,0.00,72.75 ,50
03,008,00,011,0219,0,923,10,933,1261,0,2,1,2,0,1,0,0.00,73.99 ,50
03,008,00,011,0220,0,845,10,855,1125,0,2,1,2,0,1,0,0.00,76.00 ,50
03,008,00,011,0221,0,1027,10,1037,1366,0,2,1,2,0,1,0,0.00,75.92 ,50
03,008,00,011,0222,0,755,9,764,1066,0,2,1,2,0,1,0,0.00,71.67 ,50
03,008,00,011,0223,0,786,14,800,1173,0,2,1,2,0,1,0,0.00,68.20 ,50
03,008,00,011,0224,0,281,0,281,417,0,2,1,2,0,1,0,0.00,67.39 ,50
03,008,00,011,0225,0,318,1,319,410,0,2,1,2,0,1,0,0.00,77.80 ,50
03,008,00,011,0226,0,884,13,897,1293,0,2,1,2,0,1,0,0.00,69.37 ,50
03,008,00,011,0227,0,234,2,236,367,0,2,1,2,0,1,0,0.00,64.31 ,50
03,008,00,011,0228,0,262,5,267,386,0,2,1,2,0,1,0,0.00,69.17 ,50
03,008,00,011,0229,0,674,4,678,919,0,2,1,2,0,1,0,0.00,73.78 ,50
03,008,00,011,0230,0,432,5,437,636,0,2,1,2,0,1,0,0.00,68.71 ,50
03,008,00,011,0231,0,495,8,503,692,0,2,1,2,0,1,0,0.00,72.69 ,50
03,008,00,012,0232,0,1053,13,1066,1531,0,2,1,2,0,1,0,0.00,69.63 ,50
03,008,00,012,0233,0,385,2,387,576,0,2,1,2,0,1,0,0.00,67.19 ,50
03,008,00,012,0234,0,537,7,544,765,0,2,1,2,0,1,0,0.00,71.11 ,50
03,008,00,012,0235,0,411,8,419,575,0,2,1,2,0,1,0,0.00,72.87 ,50
03,008,00,012,0236,0,314,5,319,458,0,2,1,2,0,1,0,0.00,69.65 ,50
03,008,00,012,0237,0,758,17,775,1080,0,2,1,2,0,1,0,0.00,71.76 ,50
03,008,00,012,0238,0,770,15,785,1159,0,2,1,2,0,1,0,0.00,67.73 ,50
03,008,00,012,0239,0,524,5,529,735,0,2,1,2,0,1,0,0.00,71.97 ,50
03,008,00,012,0240,0,521,11,532,781,0,2,1,2,0,1,0,0.00,68.12 ,50
03,008,00,012,0241,0,913,5,918,1390,0,2,1,2,0,1,0,0.00,66.04 ,50
03,008,00,012,0242,0,673,13,686,1038,0,2,1,2,0,1,0,0.00,66.09 ,50
03,008,00,012,0243,0,318,7,325,492,0,2,1,2,0,1,0,0.00,66.06 ,50
03,008,00,012,0244,0,482,5,487,713,0,2,1,2,0,1,0,0.00,68.30 ,50
03,008,00,012,0245,0,259,1,260,384,0,2,1,2,0,1,0,0.00,67.71 ,50
03,008,00,013,0246,0,707,13,720,1040,0,2,1,2,0,1,0,0.00,69.23 ,50
03,008,00,013,0247,0,980,8,988,1365,0,2,1,2,0,1,0,0.00,72.38 ,50
03,008,00,013,0248,0,73,1,74,91,0,2,1,2,0,1,0,0.00,81.32 ,50
03,008,00,013,0249,0,529,11,540,768,0,2,1,2,0,1,0,0.00,70.31 ,50
03,008,00,013,0250,0,753,24,777,1096,0,2,1,2,0,1,0,0.00,70.89 ,50
03,008,00,013,0251,0,357,9,366,510,0,2,1,2,0,1,0,0.00,71.76 ,50
03,008,00,013,0252,0,582,7,589,934,0,2,1,2,0,1,0,0.00,63.06 ,50
03,008,00,013,0253,0,427,3,430,690,0,2,1,2,0,1,0,0.00,62.32 ,50
03,008,00,013,0254,0,641,7,648,931,0,2,1,2,0,1,0,0.00,69.60 ,50
03,008,00,013,0255,0,349,6,355,511,0,2,1,2,0,1,0,0.00,69.47 ,50
03,008,00,013,0256,0,345,12,357,543,0,2,1,2,0,1,0,0.00,65.75 ,50
03,008,00,013,0257,0,430,5,435,644,0,2,1,2,0,1,0,0.00,67.55 ,50
03,008,00,013,0258,0,651,7,658,927,0,2,1,2,0,1,0,0.00,70.98 ,50
03,008,00,013,0259,0,252,2,254,349,0,2,1,2,0,1,0,0.00,72.78 ,50
03,009,00,001,0001,0,740,3,743,981,0,2,1,2,0,1,0,0.00,75.74 ,50
03,009,00,001,0002,0,556,4,560,693,0,2,1,2,0,1,0,0.00,80.81 ,50
03,009,00,001,0003,0,591,3,594,761,0,2,1,2,0,1,0,0.00,78.06 ,50
03,009,00,001,0004,0,527,3,530,658,0,2,1,2,0,1,0,0.00,80.55 ,50
03,009,00,001,0005,0,764,17,781,993,0,2,1,2,0,1,0,0.00,78.65 ,50
03,009,00,001,0006,0,1716,17,1733,2267,0,2,1,2,0,1,0,0.00,76.44 ,50
03,009,00,001,0007,0,2461,14,2475,3177,0,2,1,2,0,1,0,0.00,77.90 ,50
03,009,00,001,0008,0,2082,22,2104,2731,0,2,1,2,0,1,0,0.00,77.04 ,50
03,009,00,001,0009,0,3812,20,3832,5022,0,2,1,2,0,1,0,0.00,76.30 ,50
03,009,00,001,0010,0,1215,8,1223,1595,0,2,1,2,0,1,0,0.00,76.68 ,50
03,009,00,001,0011,0,866,6,872,1173,0,2,1,2,0,1,0,0.00,74.34 ,50
03,009,00,001,0012,0,1621,24,1645,2175,0,2,1,2,0,1,0,0.00,75.63 ,50
03,009,00,001,0013,0,1346,18,1364,1849,0,2,1,2,0,1,0,0.00,73.77 ,50
03,009,00,001,0014,0,1335,22,1357,1840,0,2,1,2,0,1,0,0.00,73.75 ,50
03,009,00,001,0015,0,3637,53,3690,4859,0,2,1,2,0,1,0,0.00,75.94 ,50
03,009,00,001,0016,0,2147,17,2164,2816,0,2,1,2,0,1,0,0.00,76.85 ,50
03,009,00,001,0017,0,1608,18,1626,2077,0,2,1,2,0,1,0,0.00,78.29 ,50
03,009,00,001,0018,0,631,13,644,844,0,2,1,2,0,1,0,0.00,76.30 ,50
03,009,00,001,0019,0,473,5,478,587,0,2,1,2,0,1,0,0.00,81.43 ,50
03,009,00,001,0020,0,1185,17,1202,1549,0,2,1,2,0,1,0,0.00,77.60 ,50
03,009,00,001,0021,0,399,6,405,514,0,2,1,2,0,1,0,0.00,78.79 ,50
03,009,00,001,0022,0,832,10,842,1077,0,2,1,2,0,1,0,0.00,78.18 ,50
03,009,00,001,0023,0,459,7,466,629,0,2,1,2,0,1,0,0.00,74.09 ,50
03,009,00,001,0024,0,1296,15,1311,1629,0,2,1,2,0,1,0,0.00,80.48 ,50
03,009,00,001,0025,0,2764,41,2805,3679,0,2,1,2,0,1,0,0.00,76.24 ,50
03,009,00,001,0026,0,1945,35,1980,2565,0,2,1,2,0,1,0,0.00,77.19 ,50
03,009,00,001,0027,0,1045,9,1054,1363,0,2,1,2,0,1,0,0.00,77.33 ,50
03,009,00,001,0028,0,2531,31,2562,3280,0,2,1,2,0,1,0,0.00,78.11 ,50
03,009,00,001,0029,0,630,5,635,803,0,2,1,2,0,1,0,0.00,79.08 ,50
03,009,00,001,0030,0,591,14,605,747,0,2,1,2,0,1,0,0.00,80.99 ,50
03,009,00,001,0031,0,1328,31,1359,1755,0,2,1,2,0,1,0,0.00,77.44 ,50
03,009,00,001,0032,0,919,25,944,1226,0,2,1,2,0,1,0,0.00,77.00 ,50
03,009,00,001,0033,0,1664,25,1689,2098,0,2,1,2,0,1,0,0.00,80.51 ,50
03,009,00,001,0034,0,1463,24,1487,1927,0,2,1,2,0,1,0,0.00,77.17 ,50
03,009,00,001,0035,0,814,5,819,1072,0,2,1,2,0,1,0,0.00,76.40 ,50
03,009,00,002,0036,0,827,19,846,1118,0,2,1,2,0,1,0,0.00,75.67 ,50
03,009,00,002,0037,0,2615,22,2637,3466,0,2,1,2,0,1,0,0.00,76.08 ,50
03,009,00,002,0038,0,1376,13,1389,1880,0,2,1,2,0,1,0,0.00,73.88 ,50
03,009,00,002,0039,0,964,10,974,1216,0,2,1,2,0,1,0,0.00,80.10 ,50
03,009,00,002,0040,0,1028,6,1034,1325,0,2,1,2,0,1,0,0.00,78.04 ,50
03,009,00,002,0041,0,1043,13,1056,1400,0,2,1,2,0,1,0,0.00,75.43 ,50
03,009,00,002,0042,0,777,14,791,1066,0,2,1,2,0,1,0,0.00,74.20 ,50
03,009,00,002,0043,0,652,7,659,839,0,2,1,2,0,1,0,0.00,78.55 ,50
03,009,00,002,0044,0,686,9,695,905,0,2,1,2,0,1,0,0.00,76.80 ,50
03,009,00,002,0045,0,674,2,676,888,0,2,1,2,0,1,0,0.00,76.13 ,50
03,009,00,002,0046,0,519,10,529,720,0,2,1,2,0,1,0,0.00,73.47 ,50
03,009,00,002,0047,0,930,11,941,1183,0,2,1,2,0,1,0,0.00,79.54 ,50
03,009,00,002,0048,0,995,15,1010,1316,0,2,1,2,0,1,0,0.00,76.75 ,50
03,009,00,002,0049,0,749,13,762,980,0,2,1,2,0,1,0,0.00,77.76 ,50
03,009,00,002,0050,0,1662,17,1679,2172,0,2,1,2,0,1,0,0.00,77.30 ,50
03,009,00,002,0051,0,1488,19,1507,1949,0,2,1,2,0,1,0,0.00,77.32 ,50
03,009,00,002,0052,0,2912,23,2935,3867,0,2,1,2,0,1,0,0.00,75.90 ,50
03,009,00,002,0053,0,726,13,739,997,0,2,1,2,0,1,0,0.00,74.12 ,50
03,009,00,002,0054,0,639,7,646,888,0,2,1,2,0,1,0,0.00,72.75 ,50
03,009,00,002,0055,0,710,18,728,920,0,2,1,2,0,1,0,0.00,79.13 ,50
03,009,00,002,0056,0,1133,13,1146,1576,0,2,1,2,0,1,0,0.00,72.72 ,50
03,009,00,002,0057,0,1087,13,1100,1557,0,2,1,2,0,1,0,0.00,70.65 ,50
03,009,00,003,0058,0,1714,22,1736,2304,0,2,1,2,0,1,0,0.00,75.35 ,50
03,009,00,003,0059,0,1260,8,1268,1675,0,2,1,2,0,1,0,0.00,75.70 ,50
03,009,00,003,0060,0,1878,12,1890,2497,0,2,1,2,0,1,0,0.00,75.69 ,50
03,009,00,003,0061,0,1722,17,1739,2464,0,2,1,2,0,1,0,0.00,70.58 ,50
03,009,00,003,0062,0,830,8,838,1142,0,2,1,2,0,1,0,0.00,73.38 ,50
03,009,00,003,0063,0,1974,18,1992,2792,0,2,1,2,0,1,0,0.00,71.35 ,50
03,009,00,003,0064,0,2111,19,2130,2862,0,2,1,2,0,1,0,0.00,74.42 ,50
03,009,00,003,0065,0,915,7,922,1222,0,2,1,2,0,1,0,0.00,75.45 ,50
03,009,00,003,0066,0,790,12,802,1025,0,2,1,2,0,1,0,0.00,78.24 ,50
03,009,00,003,0067,0,828,7,835,1313,0,2,1,2,0,1,0,0.00,63.59 ,50
03,009,00,003,0068,0,1126,12,1138,1596,0,2,1,2,0,1,0,0.00,71.30 ,50
03,009,00,003,0069,0,1139,15,1154,1540,0,2,1,2,0,1,0,0.00,74.94 ,50
03,009,00,003,0070,0,548,4,552,758,0,2,1,2,0,1,0,0.00,72.82 ,50
03,009,00,003,0071,0,545,4,549,728,0,2,1,2,0,1,0,0.00,75.41 ,50
03,009,00,003,0072,0,1451,13,1464,1990,0,2,1,2,0,1,0,0.00,73.57 ,50
03,009,00,003,0073,0,544,5,549,730,0,2,1,2,0,1,0,0.00,75.21 ,50
03,009,00,003,0074,0,1084,23,1107,1473,0,2,1,2,0,1,0,0.00,75.15 ,50
03,009,00,003,0075,0,1019,13,1032,1426,0,2,1,2,0,1,0,0.00,72.37 ,50
03,009,00,003,0076,0,1826,20,1846,2622,0,2,1,2,0,1,0,0.00,70.40 ,50
03,009,00,003,0077,0,1503,32,1535,2123,0,2,1,2,0,1,0,0.00,72.30 ,50
03,009,00,003,0078,0,1455,17,1472,2109,0,2,1,2,0,1,0,0.00,69.80 ,50
03,009,00,003,0079,0,803,7,810,1140,0,2,1,2,0,1,0,0.00,71.05 ,50
03,009,00,003,0080,0,872,8,880,1211,0,2,1,2,0,1,0,0.00,72.67 ,50
03,009,00,003,0081,0,753,10,763,1052,0,2,1,2,0,1,0,0.00,72.53 ,50
03,009,00,003,0082,0,1020,9,1029,1396,0,2,1,2,0,1,0,0.00,73.71 ,50
03,009,00,003,0083,0,567,6,573,859,0,2,1,2,0,1,0,0.00,66.71 ,50
03,009,00,003,0084,0,650,11,661,934,0,2,1,2,0,1,0,0.00,70.77 ,50
03,009,00,003,0085,0,542,4,546,745,0,2,1,2,0,1,0,0.00,73.29 ,50
03,009,00,003,0086,0,688,6,694,976,0,2,1,2,0,1,0,0.00,71.11 ,50
03,009,00,004,0087,0,1068,13,1081,1483,0,2,1,2,0,1,0,0.00,72.89 ,50
03,009,00,004,0088,0,952,6,958,1246,0,2,1,2,0,1,0,0.00,76.89 ,50
03,009,00,004,0089,0,1149,10,1159,1553,0,2,1,2,0,1,0,0.00,74.63 ,50
03,009,00,004,0090,0,1872,6,1878,2547,0,2,1,2,0,1,0,0.00,73.73 ,50
03,009,00,004,0091,0,389,9,398,525,0,2,1,2,0,1,0,0.00,75.81 ,50
03,009,00,004,0092,0,609,4,613,814,0,2,1,2,0,1,0,0.00,75.31 ,50
03,009,00,004,0093,0,517,5,522,720,0,2,1,2,0,1,0,0.00,72.50 ,50
03,009,00,004,0094,0,767,8,775,1029,0,2,1,2,0,1,0,0.00,75.32 ,50
03,009,00,004,0095,0,1506,18,1524,2022,0,2,1,2,0,1,0,0.00,75.37 ,50
03,009,00,004,0096,0,2130,15,2145,2911,0,2,1,2,0,1,0,0.00,73.69 ,50
03,009,00,004,0097,0,869,7,876,1184,0,2,1,2,0,1,0,0.00,73.99 ,50
03,009,00,004,0098,0,956,10,966,1327,0,2,1,2,0,1,0,0.00,72.80 ,50
03,009,00,004,0099,0,1232,16,1248,1746,0,2,1,2,0,1,0,0.00,71.48 ,50
03,009,00,004,0100,0,645,12,657,907,0,2,1,2,0,1,0,0.00,72.44 ,50
03,009,00,004,0101,0,810,14,824,1161,0,2,1,2,0,1,0,0.00,70.97 ,50
03,009,00,004,0102,0,1033,9,1042,1413,0,2,1,2,0,1,0,0.00,73.74 ,50
03,009,00,004,0103,0,633,8,641,855,0,2,1,2,0,1,0,0.00,74.97 ,50
03,009,00,004,0104,0,733,7,740,1013,0,2,1,2,0,1,0,0.00,73.05 ,50
03,009,00,004,0105,0,955,11,966,1343,0,2,1,2,0,1,0,0.00,71.93 ,50
03,009,00,004,0106,0,504,3,507,714,0,2,1,2,0,1,0,0.00,71.01 ,50
03,009,00,004,0107,0,594,3,597,766,0,2,1,2,0,1,0,0.00,77.94 ,50
03,009,00,004,0108,0,701,9,710,1010,0,2,1,2,0,1,0,0.00,70.30 ,50
03,009,00,004,0109,0,939,19,958,1318,0,2,1,2,0,1,0,0.00,72.69 ,50
03,009,00,004,0110,0,677,4,681,957,0,2,1,2,0,1,0,0.00,71.16 ,50
03,009,00,004,0111,0,644,7,651,918,0,2,1,2,0,1,0,0.00,70.92 ,50
03,009,00,004,0112,0,1092,16,1108,1709,0,2,1,2,0,1,0,0.00,64.83 ,50
03,009,00,004,0113,0,1001,7,1008,1364,0,2,1,2,0,1,0,0.00,73.90 ,50
03,009,00,005,0114,0,709,6,715,930,0,2,1,2,0,1,0,0.00,76.88 ,50
03,009,00,005,0115,0,791,3,794,1047,0,2,1,2,0,1,0,0.00,75.84 ,50
03,009,00,005,0116,0,990,11,1001,1344,0,2,1,2,0,1,0,0.00,74.48 ,50
03,009,00,005,0117,0,576,4,580,797,0,2,1,2,0,1,0,0.00,72.77 ,50
03,009,00,005,0118,0,787,8,795,1131,0,2,1,2,0,1,0,0.00,70.29 ,50
03,009,00,005,0119,0,952,18,970,1349,0,2,1,2,0,1,0,0.00,71.91 ,50
03,009,00,005,0120,0,774,9,783,1129,0,2,1,2,0,1,0,0.00,69.35 ,50
03,009,00,005,0121,0,872,8,880,1458,0,2,1,2,0,1,0,0.00,60.36 ,50
03,009,00,005,0122,0,957,15,972,1488,0,2,1,2,0,1,0,0.00,65.32 ,50
03,009,00,005,0123,0,1514,24,1538,2256,0,2,1,2,0,1,0,0.00,68.17 ,50
03,009,00,005,0124,0,972,14,986,1437,0,2,1,2,0,1,0,0.00,68.62 ,50
03,009,00,005,0125,0,576,6,582,808,0,2,1,2,0,1,0,0.00,72.03 ,50
03,009,00,005,0126,0,1160,16,1176,1713,0,2,1,2,0,1,0,0.00,68.65 ,50
03,009,00,005,0127,0,1235,17,1252,1753,0,2,1,2,0,1,0,0.00,71.42 ,50
03,009,00,005,0128,0,1147,15,1162,1778,0,2,1,2,0,1,0,0.00,65.35 ,50
03,009,00,005,0129,0,697,6,703,975,0,2,1,2,0,1,0,0.00,72.10 ,50
03,009,00,005,0130,0,1013,7,1020,1410,0,2,1,2,0,1,0,0.00,72.34 ,50
03,009,00,006,0131,0,610,7,617,891,0,2,1,2,0,1,0,0.00,69.25 ,50
03,009,00,006,0132,0,549,7,556,817,0,2,1,2,0,1,0,0.00,68.05 ,50
03,009,00,006,0133,0,419,1,420,582,0,2,1,2,0,1,0,0.00,72.16 ,50
03,009,00,006,0134,0,756,10,766,1072,0,2,1,2,0,1,0,0.00,71.46 ,50
03,009,00,006,0135,0,335,2,337,457,0,2,1,2,0,1,0,0.00,73.74 ,50
03,009,00,006,0136,0,365,4,369,492,0,2,1,2,0,1,0,0.00,75.00 ,50
03,009,00,006,0137,0,409,3,412,555,0,2,1,2,0,1,0,0.00,74.23 ,50
03,009,00,006,0138,0,582,3,585,801,0,2,1,2,0,1,0,0.00,73.03 ,50
03,009,00,006,0139,0,405,2,407,580,0,2,1,2,0,1,0,0.00,70.17 ,50
03,009,00,006,0140,0,308,2,310,446,0,2,1,2,0,1,0,0.00,69.51 ,50
03,009,00,006,0141,0,483,2,485,700,0,2,1,2,0,1,0,0.00,69.29 ,50
03,009,00,006,0142,0,951,3,954,1368,0,2,1,2,0,1,0,0.00,69.74 ,50
03,009,00,006,0143,0,377,2,379,527,0,2,1,2,0,1,0,0.00,71.92 ,50
03,009,00,006,0144,0,3400,32,3432,4823,0,2,1,2,0,1,0,0.00,71.16 ,50
03,009,00,006,0145,0,808,4,812,1189,0,2,1,2,0,1,0,0.00,68.29 ,50
03,009,00,006,0146,0,2964,28,2992,4259,0,2,1,2,0,1,0,0.00,70.25 ,50
03,009,00,006,0147,0,711,6,717,1132,0,2,1,2,0,1,0,0.00,63.34 ,50
03,009,00,006,0148,0,587,6,593,990,0,2,1,2,0,1,0,0.00,59.90 ,50
03,009,00,006,0149,0,281,4,285,411,0,2,1,2,0,1,0,0.00,69.34 ,50
03,009,00,006,0150,0,564,5,569,868,0,2,1,2,0,1,0,0.00,65.55 ,50
03,009,00,006,0151,0,907,15,922,1412,0,2,1,2,0,1,0,0.00,65.30 ,50
03,009,00,006,0152,0,721,9,730,1279,0,2,1,2,0,1,0,0.00,57.08 ,50
03,009,00,006,0153,0,647,9,656,1144,0,2,1,2,0,1,0,0.00,57.34 ,50
03,009,00,006,0154,0,393,8,401,708,0,2,1,2,0,1,0,0.00,56.64 ,50
03,009,00,006,0155,0,1126,26,1152,1603,0,2,1,2,0,1,0,0.00,71.87 ,50
03,009,00,006,0156,0,1652,19,1671,2561,0,2,1,2,0,1,0,0.00,65.25 ,50
03,009,00,006,0157,0,697,7,704,1107,0,2,1,2,0,1,0,0.00,63.60 ,50
03,009,00,006,0158,0,361,3,364,603,0,2,1,2,0,1,0,0.00,60.36 ,50
03,009,00,007,0159,0,1447,24,1471,2068,0,2,1,2,0,1,0,0.00,71.13 ,50
03,009,00,007,0160,0,1075,20,1095,1555,0,2,1,2,0,1,0,0.00,70.42 ,50
03,009,00,007,0161,0,1782,21,1803,2473,0,2,1,2,0,1,0,0.00,72.91 ,50
03,009,00,007,0162,0,1063,16,1079,1408,0,2,1,2,0,1,0,0.00,76.63 ,50
03,009,00,007,0163,0,807,12,819,1107,0,2,1,2,0,1,0,0.00,73.98 ,50
03,009,00,007,0164,0,924,8,932,1251,0,2,1,2,0,1,0,0.00,74.50 ,50
03,009,00,007,0165,0,661,6,667,861,0,2,1,2,0,1,0,0.00,77.47 ,50
03,009,00,007,0166,0,1445,19,1464,1989,0,2,1,2,0,1,0,0.00,73.60 ,50
03,009,00,007,0167,0,1326,16,1342,1822,0,2,1,2,0,1,0,0.00,73.66 ,50
03,009,00,007,0168,0,995,11,1006,1395,0,2,1,2,0,1,0,0.00,72.11 ,50
03,009,00,007,0169,0,553,2,555,732,0,2,1,2,0,1,0,0.00,75.82 ,50
03,009,00,007,0170,0,1338,22,1360,1858,0,2,1,2,0,1,0,0.00,73.20 ,50
03,009,00,007,0171,0,1408,18,1426,1976,0,2,1,2,0,1,0,0.00,72.17 ,50
03,009,00,007,0172,0,480,2,482,658,0,2,1,2,0,1,0,0.00,73.25 ,50
03,009,00,007,0173,0,1016,11,1027,1356,0,2,1,2,0,1,0,0.00,75.74 ,50
03,009,00,007,0174,0,267,8,275,342,0,2,1,2,0,1,0,0.00,80.41 ,50
03,009,00,007,0175,0,671,18,689,1056,0,2,1,2,0,1,0,0.00,65.25 ,50
03,009,00,007,0176,0,659,10,669,954,0,2,1,2,0,1,0,0.00,70.13 ,50
03,009,00,007,0177,0,367,3,370,573,0,2,1,2,0,1,0,0.00,64.57 ,50
03,009,00,007,0178,0,508,7,515,725,0,2,1,2,0,1,0,0.00,71.03 ,50
03,009,00,008,0179,0,597,9,606,825,0,2,1,2,0,1,0,0.00,73.45 ,50
03,009,00,008,0180,0,1520,15,1535,1988,0,2,1,2,0,1,0,0.00,77.21 ,50
03,009,00,008,0181,0,759,9,768,1137,0,2,1,2,0,1,0,0.00,67.55 ,50
03,009,00,008,0182,0,761,8,769,1104,0,2,1,2,0,1,0,0.00,69.66 ,50
03,009,00,008,0183,0,1244,15,1259,1762,0,2,1,2,0,1,0,0.00,71.45 ,50
03,009,00,008,0184,0,1349,10,1359,1766,0,2,1,2,0,1,0,0.00,76.95 ,50
03,009,00,008,0185,0,786,10,796,1063,0,2,1,2,0,1,0,0.00,74.88 ,50
03,009,00,008,0186,0,894,15,909,1274,0,2,1,2,0,1,0,0.00,71.35 ,50
03,009,00,008,0187,0,546,10,556,846,0,2,1,2,0,1,0,0.00,65.72 ,50
03,009,00,008,0188,0,539,15,554,756,0,2,1,2,0,1,0,0.00,73.28 ,50
03,009,00,008,0189,0,839,11,850,1261,0,2,1,2,0,1,0,0.00,67.41 ,50
03,009,00,008,0190,0,632,8,640,856,0,2,1,2,0,1,0,0.00,74.77 ,50
03,009,00,008,0191,0,484,6,490,728,0,2,1,2,0,1,0,0.00,67.31 ,50
03,009,00,008,0192,0,605,6,611,864,0,2,1,2,0,1,0,0.00,70.72 ,50
03,009,00,008,0193,0,620,8,628,900,0,2,1,2,0,1,0,0.00,69.78 ,50
03,009,00,009,0194,0,2268,23,2291,2971,0,2,1,2,0,1,0,0.00,77.11 ,50
03,009,00,009,0195,0,680,5,685,917,0,2,1,2,0,1,0,0.00,74.70 ,50
03,009,00,009,0196,0,1093,11,1104,1530,0,2,1,2,0,1,0,0.00,72.16 ,50
03,009,00,009,0197,0,978,12,990,1345,0,2,1,2,0,1,0,0.00,73.61 ,50
03,009,00,009,0198,0,850,9,859,1121,0,2,1,2,0,1,0,0.00,76.63 ,50
03,009,00,009,0199,0,1201,16,1217,1645,0,2,1,2,0,1,0,0.00,73.98 ,50
03,009,00,009,0200,0,1551,22,1573,2052,0,2,1,2,0,1,0,0.00,76.66 ,50
03,009,00,009,0201,0,884,11,895,1119,0,2,1,2,0,1,0,0.00,79.98 ,50
03,009,00,009,0202,0,1316,25,1341,1789,0,2,1,2,0,1,0,0.00,74.96 ,50
03,009,00,009,0203,0,864,16,880,1121,0,2,1,2,0,1,0,0.00,78.50 ,50
03,009,00,009,0204,0,1148,17,1165,1639,0,2,1,2,0,1,0,0.00,71.08 ,50
03,009,00,009,0205,0,1108,10,1118,1524,0,2,1,2,0,1,0,0.00,73.36 ,50
03,009,00,009,0206,0,913,16,929,1276,0,2,1,2,0,1,0,0.00,72.81 ,50
03,009,00,009,0207,0,1174,7,1181,1585,0,2,1,2,0,1,0,0.00,74.51 ,50
03,009,00,010,0208,0,787,8,795,1013,0,2,1,2,0,1,0,0.00,78.48 ,50
03,009,00,010,0209,0,2268,45,2313,2968,0,2,1,2,0,1,0,0.00,77.93 ,50
03,009,00,010,0210,0,1520,22,1542,2064,0,2,1,2,0,1,0,0.00,74.71 ,50
03,009,00,010,0211,0,483,9,492,659,0,2,1,2,0,1,0,0.00,74.66 ,50
03,009,00,010,0212,0,763,20,783,993,0,2,1,2,0,1,0,0.00,78.85 ,50
03,009,00,010,0213,0,1823,31,1854,2408,0,2,1,2,0,1,0,0.00,76.99 ,50
03,009,00,010,0214,0,430,7,437,611,0,2,1,2,0,1,0,0.00,71.52 ,50
03,009,00,010,0215,0,883,16,899,1131,0,2,1,2,0,1,0,0.00,79.49 ,50
03,009,00,010,0216,0,783,7,790,1087,0,2,1,2,0,1,0,0.00,72.68 ,50
03,009,00,010,0217,0,1220,21,1241,1631,0,2,1,2,0,1,0,0.00,76.09 ,50
03,009,00,011,0218,0,966,5,971,1324,0,2,1,2,0,1,0,0.00,73.34 ,50
03,009,00,011,0219,0,1051,9,1060,1522,0,2,1,2,0,1,0,0.00,69.65 ,50
03,009,00,011,0220,0,1258,15,1273,1849,0,2,1,2,0,1,0,0.00,68.85 ,50
03,009,00,011,0221,0,1184,8,1192,1777,0,2,1,2,0,1,0,0.00,67.08 ,50
03,009,00,011,0222,0,876,8,884,1244,0,2,1,2,0,1,0,0.00,71.06 ,50
03,009,00,011,0223,0,1346,13,1359,1914,0,2,1,2,0,1,0,0.00,71.00 ,50
03,009,00,011,0224,0,647,7,654,945,0,2,1,2,0,1,0,0.00,69.21 ,50
03,009,00,011,0225,0,905,6,911,1259,0,2,1,2,0,1,0,0.00,72.36 ,50
03,009,00,011,0226,0,643,9,652,954,0,2,1,2,0,1,0,0.00,68.34 ,50
03,009,00,011,0227,0,507,0,507,802,0,2,1,2,0,1,0,0.00,63.22 ,50
03,009,00,011,0228,0,1018,11,1029,1462,0,2,1,2,0,1,0,0.00,70.38 ,50
03,009,00,011,0229,0,1335,7,1342,1980,0,2,1,2,0,1,0,0.00,67.78 ,50
03,009,00,011,0230,0,608,4,612,917,0,2,1,2,0,1,0,0.00,66.74 ,50
03,009,00,011,0231,0,1240,17,1257,1771,0,2,1,2,0,1,0,0.00,70.98 ,50
03,009,00,011,0232,0,923,9,932,1441,0,2,1,2,0,1,0,0.00,64.68 ,50
03,009,00,011,0233,0,638,5,643,1038,0,2,1,2,0,1,0,0.00,61.95 ,50
03,009,00,011,0234,0,577,7,584,813,0,2,1,2,0,1,0,0.00,71.83 ,50
03,009,00,011,0235,0,703,12,715,1027,0,2,1,2,0,1,0,0.00,69.62 ,50
03,009,00,012,0236,0,985,4,989,1283,0,2,1,2,0,1,0,0.00,77.08 ,50
03,009,00,012,0237,0,925,8,933,1254,0,2,1,2,0,1,0,0.00,74.40 ,50
03,009,00,012,0238,0,1586,15,1601,2087,0,2,1,2,0,1,0,0.00,76.71 ,50
03,009,00,012,0239,0,1320,14,1334,1903,0,2,1,2,0,1,0,0.00,70.10 ,50
03,009,00,012,0240,0,1253,12,1265,1804,0,2,1,2,0,1,0,0.00,70.12 ,50
03,009,00,012,0241,0,892,15,907,1313,0,2,1,2,0,1,0,0.00,69.08 ,50
03,009,00,012,0242,0,1302,12,1314,1853,0,2,1,2,0,1,0,0.00,70.91 ,50
03,009,00,012,0243,0,592,11,603,880,0,2,1,2,0,1,0,0.00,68.52 ,50
03,009,00,012,0244,0,1144,9,1153,1744,0,2,1,2,0,1,0,0.00,66.11 ,50
03,009,00,012,0245,0,1153,16,1169,2018,0,2,1,2,0,1,0,0.00,57.93 ,50
03,009,00,012,0246,0,888,11,899,1412,0,2,1,2,0,1,0,0.00,63.67 ,50
03,009,00,012,0247,0,753,9,762,1164,0,2,1,2,0,1,0,0.00,65.46 ,50
03,009,00,012,0248,0,902,9,911,1253,0,2,1,2,0,1,0,0.00,72.71 ,50
03,009,00,012,0249,0,631,9,640,900,0,2,1,2,0,1,0,0.00,71.11 ,50
03,009,00,013,0250,0,1985,14,1999,2749,0,2,1,2,0,1,0,0.00,72.72 ,50
03,009,00,013,0251,0,1583,19,1602,2282,0,2,1,2,0,1,0,0.00,70.20 ,50
03,009,00,013,0252,0,866,8,874,1319,0,2,1,2,0,1,0,0.00,66.26 ,50
03,009,00,013,0253,0,1156,11,1167,1843,0,2,1,2,0,1,0,0.00,63.32 ,50
03,009,00,013,0254,0,925,12,937,1332,0,2,1,2,0,1,0,0.00,70.35 ,50
03,009,00,013,0255,0,1241,17,1258,1911,0,2,1,2,0,1,0,0.00,65.83 ,50
03,009,00,013,0256,0,1421,14,1435,1963,0,2,1,2,0,1,0,0.00,73.10 ,50
03,009,00,013,0257,0,1157,17,1174,1795,0,2,1,2,0,1,0,0.00,65.40 ,50
03,009,00,013,0258,0,1601,18,1619,2362,0,2,1,2,0,1,0,0.00,68.54 ,50
03,009,00,013,0259,0,538,3,541,767,0,2,1,2,0,1,0,0.00,70.53 ,50
03,009,00,013,0260,0,1255,13,1268,2038,0,2,1,2,0,1,0,0.00,62.22 ,50
03,009,00,013,0261,0,864,19,883,1377,0,2,1,2,0,1,0,0.00,64.12 ,50
03,009,00,014,0262,0,799,4,803,1368,0,2,1,2,0,1,0,0.00,58.70 ,50
03,009,00,014,0263,0,321,0,321,460,0,2,1,2,0,1,0,0.00,69.78 ,50
03,009,00,014,0264,0,1115,8,1123,1759,0,2,1,2,0,1,0,0.00,63.84 ,50
03,009,00,014,0265,0,999,9,1008,1413,0,2,1,2,0,1,0,0.00,71.34 ,50
03,009,00,014,0266,0,784,5,789,1150,0,2,1,2,0,1,0,0.00,68.61 ,50
03,009,00,014,0267,0,546,6,552,982,0,2,1,2,0,1,0,0.00,56.21 ,50
03,009,00,014,0268,0,1341,20,1361,2098,0,2,1,2,0,1,0,0.00,64.87 ,50
03,009,00,014,0269,0,743,4,747,1277,0,2,1,2,0,1,0,0.00,58.50 ,50
03,009,00,014,0270,0,711,6,717,1224,0,2,1,2,0,1,0,0.00,58.58 ,50
03,009,00,014,0271,0,562,7,569,996,0,2,1,2,0,1,0,0.00,57.13 ,50
03,009,00,014,0272,0,597,3,600,1028,0,2,1,2,0,1,0,0.00,58.37 ,50
03,009,00,014,0273,0,363,3,366,577,0,2,1,2,0,1,0,0.00,63.43 ,50
03,009,00,015,0274,0,1225,12,1237,1702,0,2,1,2,0,1,0,0.00,72.68 ,50
03,009,00,015,0275,0,874,8,882,1278,0,2,1,2,0,1,0,0.00,69.01 ,50
03,009,00,015,0276,0,930,10,940,1285,0,2,1,2,0,1,0,0.00,73.15 ,50
03,009,00,015,0277,0,899,11,910,1330,0,2,1,2,0,1,0,0.00,68.42 ,50
03,009,00,015,0278,0,848,10,858,1258,0,2,1,2,0,1,0,0.00,68.20 ,50
03,009,00,015,0279,0,589,8,597,900,0,2,1,2,0,1,0,0.00,66.33 ,50
03,009,00,015,0280,0,579,13,592,852,0,2,1,2,0,1,0,0.00,69.48 ,50
03,009,00,015,0281,0,819,14,833,1240,0,2,1,2,0,1,0,0.00,67.18 ,50
03,009,00,015,0282,0,612,11,623,983,0,2,1,2,0,1,0,0.00,63.38 ,50
03,009,00,016,0283,0,899,7,906,1338,0,2,1,2,0,1,0,0.00,67.71 ,50
03,009,00,016,0284,0,630,4,634,987,0,2,1,2,0,1,0,0.00,64.24 ,50
03,009,00,016,0285,0,607,7,614,964,0,2,1,2,0,1,0,0.00,63.69 ,50
03,009,00,016,0286,0,1079,13,1092,1826,0,2,1,2,0,1,0,0.00,59.80 ,50
03,009,00,016,0287,0,493,15,508,968,0,2,1,2,0,1,0,0.00,52.48 ,50
03,009,00,016,0288,0,812,14,826,1579,0,2,1,2,0,1,0,0.00,52.31 ,50
03,009,00,016,0289,0,1178,25,1203,2123,0,2,1,2,0,1,0,0.00,56.67 ,50
03,009,00,016,0290,0,363,3,366,626,0,2,1,2,0,1,0,0.00,58.47 ,50
03,009,00,016,0291,0,322,5,327,580,0,2,1,2,0,1,0,0.00,56.38 ,50
03,009,00,016,0292,0,396,9,405,698,0,2,1,2,0,1,0,0.00,58.02 ,50
03,009,00,016,0293,0,1097,11,1108,1788,0,2,1,2,0,1,0,0.00,61.97 ,50
03,009,00,016,0294,0,984,8,992,1549,0,2,1,2,0,1,0,0.00,64.04 ,50
03,009,00,016,0295,0,898,10,908,1387,0,2,1,2,0,1,0,0.00,65.47 ,50
03,009,00,016,0296,0,1977,21,1998,3246,0,2,1,2,0,1,0,0.00,61.55 ,50
03,009,00,016,0297,0,1438,21,1459,1941,0,2,1,2,0,1,0,0.00,75.17 ,50
03,009,00,017,0298,0,1954,22,1976,2902,0,2,1,2,0,1,0,0.00,68.09 ,50
03,009,00,017,0299,0,1018,17,1035,1583,0,2,1,2,0,1,0,0.00,65.38 ,50
03,009,00,017,0300,0,943,11,954,1453,0,2,1,2,0,1,0,0.00,65.66 ,50
03,009,00,017,0301,0,509,2,511,768,0,2,1,2,0,1,0,0.00,66.54 ,50
03,009,00,017,0302,0,642,6,648,1046,0,2,1,2,0,1,0,0.00,61.95 ,50
03,009,00,017,0303,0,686,10,696,1184,0,2,1,2,0,1,0,0.00,58.78 ,50
03,009,00,017,0304,0,612,2,614,1060,0,2,1,2,0,1,0,0.00,57.92 ,50
03,009,00,017,0305,0,556,11,567,1011,0,2,1,2,0,1,0,0.00,56.08 ,50
03,009,00,017,0306,0,465,5,470,730,0,2,1,2,0,1,0,0.00,64.38 ,50
03,009,00,017,0307,0,512,3,515,841,0,2,1,2,0,1,0,0.00,61.24 ,50
03,009,00,017,0308,0,292,5,297,494,0,2,1,2,0,1,0,0.00,60.12 ,50
03,009,00,017,0309,0,770,16,786,1245,0,2,1,2,0,1,0,0.00,63.13 ,50
03,009,00,017,0310,0,912,13,925,1504,0,2,1,2,0,1,0,0.00,61.50 ,50
03,009,00,017,0311,0,681,11,692,1151,0,2,1,2,0,1,0,0.00,60.12 ,50
03,009,00,017,0312,0,570,4,574,918,0,2,1,2,0,1,0,0.00,62.53 ,50
03,009,00,017,0313,0,924,12,936,1388,0,2,1,2,0,1,0,0.00,67.44 ,50
03,009,00,017,0314,0,660,9,669,1072,0,2,1,2,0,1,0,0.00,62.41 ,50
03,009,00,017,0315,0,1033,5,1038,1716,0,2,1,2,0,1,0,0.00,60.49 ,50
03,009,00,017,0316,0,450,4,454,739,0,2,1,2,0,1,0,0.00,61.43 ,50
03,009,00,017,0317,0,585,10,595,1001,0,2,1,2,0,1,0,0.00,59.44 ,50
03,009,00,017,0318,0,477,5,482,747,0,2,1,2,0,1,0,0.00,64.52 ,50
03,009,00,018,0319,0,1063,10,1073,1702,0,2,1,2,0,1,0,0.00,63.04 ,50
03,009,00,018,0320,0,1351,21,1372,2092,0,2,1,2,0,1,0,0.00,65.58 ,50
03,009,00,018,0321,0,454,12,466,762,0,2,1,2,0,1,0,0.00,61.15 ,50
03,009,00,018,0322,0,723,15,738,1239,0,2,1,2,0,1,0,0.00,59.56 ,50
03,009,00,018,0323,0,731,3,734,1188,0,2,1,2,0,1,0,0.00,61.78 ,50
03,009,00,018,0324,0,591,12,603,1037,0,2,1,2,0,1,0,0.00,58.15 ,50
03,009,00,018,0325,0,464,14,478,924,0,2,1,2,0,1,0,0.00,51.73 ,50
03,009,00,018,0326,0,755,14,769,1327,0,2,1,2,0,1,0,0.00,57.95 ,50
03,009,00,018,0327,0,585,5,590,1160,0,2,1,2,0,1,0,0.00,50.86 ,50
03,009,00,018,0328,0,460,7,467,1012,0,2,1,2,0,1,0,0.00,46.15 ,50
03,009,00,018,0329,0,410,3,413,718,0,2,1,2,0,1,0,0.00,57.52 ,50
03,009,00,018,0330,0,568,8,576,1067,0,2,1,2,0,1,0,0.00,53.98 ,50
03,009,00,018,0331,0,241,2,243,418,0,2,1,2,0,1,0,0.00,58.13 ,50
03,009,00,018,0332,0,960,15,975,1804,0,2,1,2,0,1,0,0.00,54.05 ,50
03,009,00,018,0333,0,497,5,502,981,0,2,1,2,0,1,0,0.00,51.17 ,50
03,009,00,018,0334,0,455,5,460,787,0,2,1,2,0,1,0,0.00,58.45 ,50
03,009,00,018,0335,0,536,4,540,1055,0,2,1,2,0,1,0,0.00,51.18 ,50
03,009,00,018,0336,0,583,12,595,1176,0,2,1,2,0,1,0,0.00,50.60 ,50
03,009,00,018,0337,0,727,14,741,1344,0,2,1,2,0,1,0,0.00,55.13 ,50
03,009,00,018,0338,0,589,14,603,1131,0,2,1,2,0,1,0,0.00,53.32 ,50
03,009,00,018,0339,0,440,10,450,919,0,2,1,2,0,1,0,0.00,48.97 ,50
03,009,00,019,0340,0,614,7,621,949,0,2,1,2,0,1,0,0.00,65.44 ,50
03,009,00,019,0341,0,795,6,801,1247,0,2,1,2,0,1,0,0.00,64.23 ,50
03,009,00,019,0342,0,425,8,433,772,0,2,1,2,0,1,0,0.00,56.09 ,50
03,009,00,019,0343,0,453,4,457,666,0,2,1,2,0,1,0,0.00,68.62 ,50
03,009,00,019,0344,0,497,7,504,971,0,2,1,2,0,1,0,0.00,51.91 ,50
03,009,00,019,0345,0,585,4,589,953,0,2,1,2,0,1,0,0.00,61.80 ,50
03,009,00,019,0346,0,898,7,905,1422,0,2,1,2,0,1,0,0.00,63.64 ,50
03,009,00,019,0347,0,1032,18,1050,1967,0,2,1,2,0,1,0,0.00,53.38 ,50
03,009,00,019,0348,0,905,12,917,1752,0,2,1,2,0,1,0,0.00,52.34 ,50
03,009,00,019,0349,0,847,8,855,1490,0,2,1,2,0,1,0,0.00,57.38 ,50
03,009,00,019,0350,0,333,4,337,561,0,2,1,2,0,1,0,0.00,60.07 ,50
03,009,00,019,0351,0,971,10,981,1347,0,2,1,2,0,1,0,0.00,72.83 ,50
03,009,00,019,0352,0,543,6,549,778,0,2,1,2,0,1,0,0.00,70.57 ,50
03,009,00,019,0353,0,959,11,970,1505,0,2,1,2,0,1,0,0.00,64.45 ,50
03,009,00,019,0354,0,674,5,679,1038,0,2,1,2,0,1,0,0.00,65.41 ,50
03,009,00,019,0355,0,1208,12,1220,1858,0,2,1,2,0,1,0,0.00,65.66 ,50
03,009,00,019,0356,0,781,12,793,1349,0,2,1,2,0,1,0,0.00,58.78 ,50
03,009,00,019,0357,0,703,10,713,1071,0,2,1,2,0,1,0,0.00,66.57 ,50
03,009,00,019,0358,0,505,10,515,814,0,2,1,2,0,1,0,0.00,63.27 ,50
03,009,00,019,0359,0,610,8,618,1002,0,2,1,2,0,1,0,0.00,61.68 ,50
03,009,00,019,0360,0,452,4,456,750,0,2,1,2,0,1,0,0.00,60.80 ,50
03,009,00,020,0361,0,1428,18,1446,2152,0,2,1,2,0,1,0,0.00,67.19 ,50
03,009,00,020,0362,0,1206,19,1225,1781,0,2,1,2,0,1,0,0.00,68.78 ,50
03,009,00,020,0363,0,513,14,527,825,0,2,1,2,0,1,0,0.00,63.88 ,50
03,009,00,020,0364,0,487,8,495,737,0,2,1,2,0,1,0,0.00,67.16 ,50
03,009,00,020,0365,0,688,9,697,1106,0,2,1,2,0,1,0,0.00,63.02 ,50
03,009,00,020,0366,0,546,8,554,923,0,2,1,2,0,1,0,0.00,60.02 ,50
03,009,00,020,0367,0,795,12,807,1278,0,2,1,2,0,1,0,0.00,63.15 ,50
03,009,00,020,0368,0,503,9,512,855,0,2,1,2,0,1,0,0.00,59.88 ,50
03,009,00,020,0369,0,624,12,636,1120,0,2,1,2,0,1,0,0.00,56.79 ,50
03,009,00,020,0370,0,433,2,435,729,0,2,1,2,0,1,0,0.00,59.67 ,50
03,009,00,020,0371,0,379,6,385,719,0,2,1,2,0,1,0,0.00,53.55 ,50
03,009,00,020,0372,0,789,11,800,1318,0,2,1,2,0,1,0,0.00,60.70 ,50
03,009,00,020,0373,0,483,3,486,801,0,2,1,2,0,1,0,0.00,60.67 ,50
03,009,00,020,0374,0,658,17,675,1124,0,2,1,2,0,1,0,0.00,60.05 ,50
03,009,00,020,0375,0,637,13,650,1096,0,2,1,2,0,1,0,0.00,59.31 ,50
03,009,00,020,0376,0,569,8,577,927,0,2,1,2,0,1,0,0.00,62.24 ,50
03,009,00,020,0377,0,710,45,755,1260,0,2,1,2,0,1,0,0.00,59.92 ,50
03,009,00,020,0378,0,387,5,392,666,0,2,1,2,0,1,0,0.00,58.86 ,50
03,009,00,020,0379,0,563,8,571,923,0,2,1,2,0,1,0,0.00,61.86 ,50
03,009,00,020,0380,0,534,10,544,933,0,2,1,2,0,1,0,0.00,58.31 ,50
03,009,00,020,0381,0,493,7,500,820,0,2,1,2,0,1,0,0.00,60.98 ,50
03,009,00,020,0382,0,687,8,695,1130,0,2,1,2,0,1,0,0.00,61.50 ,50
03,009,00,020,0383,0,813,14,827,1298,0,2,1,2,0,1,0,0.00,63.71 ,50
03,009,00,020,0384,0,532,10,542,842,0,2,1,2,0,1,0,0.00,64.37 ,50
03,010,00,001,0001,0,1013,41,1054,1488,0,2,1,2,0,1,0,0.00,70.83 ,50
03,010,00,001,0002,0,323,8,331,443,0,2,1,2,0,1,0,0.00,74.72 ,50
03,010,00,001,0003,0,944,9,953,1353,0,2,1,2,0,1,0,0.00,70.44 ,50
03,010,00,001,0004,0,972,21,993,1381,0,2,1,2,0,1,0,0.00,71.90 ,50
03,010,00,001,0005,0,777,13,790,1066,0,2,1,2,0,1,0,0.00,74.11 ,50
03,010,00,001,0006,0,524,6,530,739,0,2,1,2,0,1,0,0.00,71.72 ,50
03,010,00,001,0007,0,568,6,574,774,0,2,1,2,0,1,0,0.00,74.16 ,50
03,010,00,001,0008,0,463,7,470,670,0,2,1,2,0,1,0,0.00,70.15 ,50
03,010,00,001,0009,0,579,1,580,861,0,2,1,2,0,1,0,0.00,67.36 ,50
03,010,00,001,0010,0,824,7,831,1167,0,2,1,2,0,1,0,0.00,71.21 ,50
03,010,00,001,0011,0,584,6,590,908,0,2,1,2,0,1,0,0.00,64.98 ,50
03,010,00,001,0012,0,485,5,490,733,0,2,1,2,0,1,0,0.00,66.85 ,50
03,010,00,001,0013,0,426,2,428,584,0,2,1,2,0,1,0,0.00,73.29 ,50
03,010,00,001,0014,0,1129,9,1138,1584,0,2,1,2,0,1,0,0.00,71.84 ,50
03,010,00,001,0015,0,1538,24,1562,2120,0,2,1,2,0,1,0,0.00,73.68 ,50
03,010,00,001,0016,0,1109,10,1119,1592,0,2,1,2,0,1,0,0.00,70.29 ,50
03,010,00,001,0017,0,1383,12,1395,1927,0,2,1,2,0,1,0,0.00,72.39 ,50
03,010,00,001,0018,0,532,9,541,727,0,2,1,2,0,1,0,0.00,74.42 ,50
03,010,00,002,0019,0,1275,11,1286,1838,0,2,1,2,0,1,0,0.00,69.97 ,50
03,010,00,002,0020,0,1230,9,1239,1733,0,2,1,2,0,1,0,0.00,71.49 ,50
03,010,00,002,0021,0,820,9,829,1154,0,2,1,2,0,1,0,0.00,71.84 ,50
03,010,00,002,0022,0,394,2,396,568,0,2,1,2,0,1,0,0.00,69.72 ,50
03,010,00,002,0023,0,540,9,549,780,0,2,1,2,0,1,0,0.00,70.38 ,50
03,010,00,002,0024,0,554,2,556,749,0,2,1,2,0,1,0,0.00,74.23 ,50
03,010,00,002,0025,0,570,4,574,792,0,2,1,2,0,1,0,0.00,72.47 ,50
03,010,00,002,0026,0,1375,12,1387,1888,0,2,1,2,0,1,0,0.00,73.46 ,50
03,010,00,002,0027,0,1610,7,1617,2260,0,2,1,2,0,1,0,0.00,71.55 ,50
03,010,00,002,0028,0,2251,14,2265,3149,0,2,1,2,0,1,0,0.00,71.93 ,50
03,010,00,002,0029,0,424,6,430,605,0,2,1,2,0,1,0,0.00,71.07 ,50
03,010,00,002,0030,0,498,4,502,767,0,2,1,2,0,1,0,0.00,65.45 ,50
03,010,00,002,0031,0,535,9,544,803,0,2,1,2,0,1,0,0.00,67.75 ,50
03,010,00,002,0032,0,709,8,717,955,0,2,1,2,0,1,0,0.00,75.08 ,50
03,010,00,002,0033,0,296,4,300,427,0,2,1,2,0,1,0,0.00,70.26 ,50
03,010,00,002,0034,0,1678,29,1707,2450,0,2,1,2,0,1,0,0.00,69.67 ,50
03,010,00,002,0035,0,1008,12,1020,1490,0,2,1,2,0,1,0,0.00,68.46 ,50
03,010,00,002,0036,0,381,6,387,550,0,2,1,2,0,1,0,0.00,70.36 ,50
03,010,00,002,0037,0,573,5,578,925,0,2,1,2,0,1,0,0.00,62.49 ,50
03,010,00,002,0038,0,671,9,680,1000,0,2,1,2,0,1,0,0.00,68.00 ,50
03,010,00,002,0039,0,578,8,586,918,0,2,1,2,0,1,0,0.00,63.83 ,50
03,010,00,002,0040,0,206,1,207,307,0,2,1,2,0,1,0,0.00,67.43 ,50
03,010,00,002,0041,0,510,12,522,811,0,2,1,2,0,1,0,0.00,64.36 ,50
03,010,00,002,0042,0,384,8,392,566,0,2,1,2,0,1,0,0.00,69.26 ,50
03,010,00,002,0043,0,799,20,819,1213,0,2,1,2,0,1,0,0.00,67.52 ,50
03,010,00,002,0044,0,957,18,975,1510,0,2,1,2,0,1,0,0.00,64.57 ,50
03,010,00,002,0045,0,396,4,400,581,0,2,1,2,0,1,0,0.00,68.85 ,50
03,010,00,003,0046,0,526,16,542,798,0,2,1,2,0,1,0,0.00,67.92 ,50
03,010,00,003,0047,0,289,3,292,445,0,2,1,2,0,1,0,0.00,65.62 ,50
03,010,00,003,0048,0,839,15,854,1226,0,2,1,2,0,1,0,0.00,69.66 ,50
03,010,00,003,0049,0,850,13,863,1213,0,2,1,2,0,1,0,0.00,71.15 ,50
03,010,00,003,0050,0,1305,9,1314,1831,0,2,1,2,0,1,0,0.00,71.76 ,50
03,010,00,003,0051,0,592,3,595,892,0,2,1,2,0,1,0,0.00,66.70 ,50
03,010,00,003,0052,0,545,9,554,793,0,2,1,2,0,1,0,0.00,69.86 ,50
03,010,00,003,0053,0,620,7,627,930,0,2,1,2,0,1,0,0.00,67.42 ,50
03,010,00,003,0054,0,1000,16,1016,1530,0,2,1,2,0,1,0,0.00,66.41 ,50
03,010,00,003,0055,0,1053,11,1064,1656,0,2,1,2,0,1,0,0.00,64.25 ,50
03,010,00,003,0056,0,1056,13,1069,1620,0,2,1,2,0,1,0,0.00,65.99 ,50
03,010,00,003,0057,0,409,3,412,594,0,2,1,2,0,1,0,0.00,69.36 ,50
03,010,00,003,0058,0,506,5,511,757,0,2,1,2,0,1,0,0.00,67.50 ,50
03,010,00,003,0059,0,907,11,918,1302,0,2,1,2,0,1,0,0.00,70.51 ,50
03,010,00,003,0060,0,1284,16,1300,1935,0,2,1,2,0,1,0,0.00,67.18 ,50
03,010,00,003,0061,0,257,5,262,403,0,2,1,2,0,1,0,0.00,65.01 ,50
03,010,00,003,0062,0,306,1,307,477,0,2,1,2,0,1,0,0.00,64.36 ,50
03,010,00,003,0063,0,256,5,261,394,0,2,1,2,0,1,0,0.00,66.24 ,50
03,010,00,003,0064,0,585,3,588,851,0,2,1,2,0,1,0,0.00,69.10 ,50
03,010,00,003,0065,0,684,4,688,994,0,2,1,2,0,1,0,0.00,69.22 ,50
03,010,00,003,0066,0,755,8,763,1188,0,2,1,2,0,1,0,0.00,64.23 ,50
03,010,00,003,0067,0,1465,18,1483,2292,0,2,1,2,0,1,0,0.00,64.70 ,50
03,010,00,003,0068,0,632,8,640,1058,0,2,1,2,0,1,0,0.00,60.49 ,50
03,010,00,004,0069,0,396,5,401,551,0,2,1,2,0,1,0,0.00,72.78 ,50
03,010,00,004,0070,0,1360,10,1370,1880,0,2,1,2,0,1,0,0.00,72.87 ,50
03,010,00,004,0071,0,757,7,764,1038,0,2,1,2,0,1,0,0.00,73.60 ,50
03,010,00,004,0072,0,2750,25,2775,3928,0,2,1,2,0,1,0,0.00,70.65 ,50
03,010,00,004,0073,0,857,8,865,1209,0,2,1,2,0,1,0,0.00,71.55 ,50
03,010,00,004,0074,0,871,7,878,1183,0,2,1,2,0,1,0,0.00,74.22 ,50
03,010,00,004,0075,0,485,5,490,711,0,2,1,2,0,1,0,0.00,68.92 ,50
03,010,00,004,0076,0,556,6,562,887,0,2,1,2,0,1,0,0.00,63.36 ,50
03,010,00,004,0077,0,488,2,490,729,0,2,1,2,0,1,0,0.00,67.22 ,50
03,010,00,004,0078,0,279,2,281,374,0,2,1,2,0,1,0,0.00,75.13 ,50
03,010,00,004,0079,0,1275,8,1283,1798,0,2,1,2,0,1,0,0.00,71.36 ,50
03,010,00,004,0080,0,1066,11,1077,1539,0,2,1,2,0,1,0,0.00,69.98 ,50
03,010,00,004,0081,0,1153,14,1167,1671,0,2,1,2,0,1,0,0.00,69.84 ,50
03,010,00,004,0082,0,661,3,664,973,0,2,1,2,0,1,0,0.00,68.24 ,50
03,010,00,004,0083,0,1113,9,1122,1559,0,2,1,2,0,1,0,0.00,71.97 ,50
03,010,00,004,0084,0,1230,18,1248,1746,0,2,1,2,0,1,0,0.00,71.48 ,50
03,010,00,004,0085,0,705,9,714,1044,0,2,1,2,0,1,0,0.00,68.39 ,50
03,010,00,004,0086,0,494,3,497,703,0,2,1,2,0,1,0,0.00,70.70 ,50
03,010,00,004,0087,0,586,5,591,824,0,2,1,2,0,1,0,0.00,71.72 ,50
03,010,00,004,0088,0,833,6,839,1203,0,2,1,2,0,1,0,0.00,69.74 ,50
03,010,00,004,0089,0,502,5,507,718,0,2,1,2,0,1,0,0.00,70.61 ,50
03,010,00,005,0090,0,1508,13,1521,1992,0,2,1,2,0,1,0,0.00,76.36 ,50
03,010,00,005,0091,0,1157,14,1171,1523,0,2,1,2,0,1,0,0.00,76.89 ,50
03,010,00,005,0092,0,2029,10,2039,2702,0,2,1,2,0,1,0,0.00,75.46 ,50
03,010,00,005,0093,0,1309,17,1326,1840,0,2,1,2,0,1,0,0.00,72.07 ,50
03,010,00,005,0094,0,740,7,747,1047,0,2,1,2,0,1,0,0.00,71.35 ,50
03,010,00,005,0095,0,1323,19,1342,1760,0,2,1,2,0,1,0,0.00,76.25 ,50
03,010,00,005,0096,0,975,10,985,1316,0,2,1,2,0,1,0,0.00,74.85 ,50
03,010,00,005,0097,0,1303,17,1320,1749,0,2,1,2,0,1,0,0.00,75.47 ,50
03,010,00,005,0098,0,576,6,582,809,0,2,1,2,0,1,0,0.00,71.94 ,50
03,010,00,005,0099,0,413,7,420,619,0,2,1,2,0,1,0,0.00,67.85 ,50
03,010,00,005,0100,0,555,2,557,747,0,2,1,2,0,1,0,0.00,74.56 ,50
03,010,00,005,0101,0,1172,13,1185,1627,0,2,1,2,0,1,0,0.00,72.83 ,50
03,010,00,005,0102,0,532,3,535,690,0,2,1,2,0,1,0,0.00,77.54 ,50
03,010,00,005,0103,0,472,7,479,630,0,2,1,2,0,1,0,0.00,76.03 ,50
03,010,00,005,0104,0,494,12,506,698,0,2,1,2,0,1,0,0.00,72.49 ,50
03,010,00,005,0105,0,1104,7,1111,1500,0,2,1,2,0,1,0,0.00,74.07 ,50
03,010,00,005,0106,0,1370,8,1378,1878,0,2,1,2,0,1,0,0.00,73.38 ,50
03,010,00,005,0107,0,1534,14,1548,2115,0,2,1,2,0,1,0,0.00,73.19 ,50
03,010,00,005,0108,0,1184,14,1198,1555,0,2,1,2,0,1,0,0.00,77.04 ,50
03,010,00,005,0109,0,1338,17,1355,1826,0,2,1,2,0,1,0,0.00,74.21 ,50
03,010,00,005,0110,0,2153,20,2173,2937,0,2,1,2,0,1,0,0.00,73.99 ,50
03,010,00,005,0111,0,837,3,840,1113,0,2,1,2,0,1,0,0.00,75.47 ,50
03,010,00,005,0112,0,1910,25,1935,2669,0,2,1,2,0,1,0,0.00,72.50 ,50
03,010,00,005,0113,0,1028,16,1044,1402,0,2,1,2,0,1,0,0.00,74.47 ,50
03,010,00,005,0114,0,1944,28,1972,2684,0,2,1,2,0,1,0,0.00,73.47 ,50
03,010,00,005,0115,0,1309,14,1323,1763,0,2,1,2,0,1,0,0.00,75.04 ,50
03,010,00,005,0116,0,1277,35,1312,1768,0,2,1,2,0,1,0,0.00,74.21 ,50
03,010,00,005,0117,0,1036,12,1048,1515,0,2,1,2,0,1,0,0.00,69.17 ,50
03,010,00,006,0118,0,934,8,942,1356,0,2,1,2,0,1,0,0.00,69.47 ,50
03,010,00,006,0119,0,549,3,552,840,0,2,1,2,0,1,0,0.00,65.71 ,50
03,010,00,006,0120,0,498,3,501,744,0,2,1,2,0,1,0,0.00,67.34 ,50
03,010,00,006,0121,0,538,3,541,859,0,2,1,2,0,1,0,0.00,62.98 ,50
03,010,00,006,0122,0,535,5,540,978,0,2,1,2,0,1,0,0.00,55.21 ,50
03,010,00,006,0123,0,767,10,777,1237,0,2,1,2,0,1,0,0.00,62.81 ,50
03,010,00,006,0124,0,666,10,676,1019,0,2,1,2,0,1,0,0.00,66.34 ,50
03,010,00,006,0125,0,655,4,659,956,0,2,1,2,0,1,0,0.00,68.93 ,50
03,010,00,006,0126,0,708,11,719,1119,0,2,1,2,0,1,0,0.00,64.25 ,50
03,010,00,006,0127,0,485,3,488,805,0,2,1,2,0,1,0,0.00,60.62 ,50
03,010,00,006,0128,0,902,7,909,1245,0,2,1,2,0,1,0,0.00,73.01 ,50
03,010,00,006,0129,0,656,4,660,969,0,2,1,2,0,1,0,0.00,68.11 ,50
03,010,00,006,0130,0,501,8,509,768,0,2,1,2,0,1,0,0.00,66.28 ,50
03,010,00,006,0131,0,637,7,644,877,0,2,1,2,0,1,0,0.00,73.43 ,50
03,010,00,007,0132,0,1136,16,1152,1588,0,2,1,2,0,1,0,0.00,72.54 ,50
03,010,00,007,0133,0,1170,9,1179,1717,0,2,1,2,0,1,0,0.00,68.67 ,50
03,010,00,007,0134,0,972,12,984,1375,0,2,1,2,0,1,0,0.00,71.56 ,50
03,010,00,007,0135,0,967,11,978,1407,0,2,1,2,0,1,0,0.00,69.51 ,50
03,010,00,007,0136,0,745,9,754,1179,0,2,1,2,0,1,0,0.00,63.95 ,50
03,010,00,007,0137,0,975,13,988,1502,0,2,1,2,0,1,0,0.00,65.78 ,50
03,010,00,007,0138,0,1084,9,1093,1585,0,2,1,2,0,1,0,0.00,68.96 ,50
03,010,00,007,0139,0,600,4,604,919,0,2,1,2,0,1,0,0.00,65.72 ,50
03,010,00,007,0140,0,1099,9,1108,1606,0,2,1,2,0,1,0,0.00,68.99 ,50
03,010,00,007,0141,0,982,10,992,1440,0,2,1,2,0,1,0,0.00,68.89 ,50
03,010,00,007,0142,0,964,6,970,1399,0,2,1,2,0,1,0,0.00,69.34 ,50
03,010,00,007,0143,0,570,4,574,803,0,2,1,2,0,1,0,0.00,71.48 ,50
03,010,00,007,0144,0,623,12,635,967,0,2,1,2,0,1,0,0.00,65.67 ,50
03,010,00,007,0145,0,494,6,500,705,0,2,1,2,0,1,0,0.00,70.92 ,50
03,010,00,007,0146,0,746,17,763,1163,0,2,1,2,0,1,0,0.00,65.61 ,50
03,010,00,007,0147,0,732,6,738,1165,0,2,1,2,0,1,0,0.00,63.35 ,50
03,010,00,007,0148,0,736,12,748,1103,0,2,1,2,0,1,0,0.00,67.82 ,50
03,010,00,007,0149,0,451,4,455,665,0,2,1,2,0,1,0,0.00,68.42 ,50
03,010,00,007,0150,0,550,6,556,800,0,2,1,2,0,1,0,0.00,69.50 ,50
03,010,00,007,0151,0,381,6,387,605,0,2,1,2,0,1,0,0.00,63.97 ,50
03,010,00,007,0152,0,663,8,671,994,0,2,1,2,0,1,0,0.00,67.51 ,50
03,010,00,007,0153,0,377,9,386,648,0,2,1,2,0,1,0,0.00,59.57 ,50
03,010,00,007,0154,0,341,5,346,506,0,2,1,2,0,1,0,0.00,68.38 ,50
03,010,00,008,0155,0,921,7,928,1273,0,2,1,2,0,1,0,0.00,72.90 ,50
03,010,00,008,0156,0,606,13,619,967,0,2,1,2,0,1,0,0.00,64.01 ,50
03,010,00,008,0157,0,609,7,616,861,0,2,1,2,0,1,0,0.00,71.54 ,50
03,010,00,008,0158,0,318,2,320,401,0,2,1,2,0,1,0,0.00,79.80 ,50
03,010,00,008,0159,0,833,9,842,1266,0,2,1,2,0,1,0,0.00,66.51 ,50
03,010,00,008,0160,0,859,11,870,1400,0,2,1,2,0,1,0,0.00,62.14 ,50
03,010,00,008,0161,0,559,10,569,878,0,2,1,2,0,1,0,0.00,64.81 ,50
03,010,00,008,0162,0,492,3,495,765,0,2,1,2,0,1,0,0.00,64.71 ,50
03,010,00,008,0163,0,500,9,509,818,0,2,1,2,0,1,0,0.00,62.22 ,50
03,010,00,008,0164,0,941,12,953,1423,0,2,1,2,0,1,0,0.00,66.97 ,50
03,010,00,008,0165,0,418,8,426,680,0,2,1,2,0,1,0,0.00,62.65 ,50
03,010,00,008,0166,0,514,15,529,809,0,2,1,2,0,1,0,0.00,65.39 ,50
03,010,00,008,0167,0,707,9,716,1126,0,2,1,2,0,1,0,0.00,63.59 ,50
03,010,00,008,0168,0,556,5,561,833,0,2,1,2,0,1,0,0.00,67.35 ,50
03,010,00,008,0169,0,687,2,689,1049,0,2,1,2,0,1,0,0.00,65.68 ,50
03,010,00,008,0170,0,954,14,968,1407,0,2,1,2,0,1,0,0.00,68.80 ,50
03,010,00,008,0171,0,454,5,459,752,0,2,1,2,0,1,0,0.00,61.04 ,50
03,010,00,008,0172,0,378,2,380,621,0,2,1,2,0,1,0,0.00,61.19 ,50
03,010,00,008,0173,0,540,4,544,874,0,2,1,2,0,1,0,0.00,62.24 ,50
03,010,00,008,0174,0,626,6,632,1002,0,2,1,2,0,1,0,0.00,63.07 ,50
03,010,00,008,0175,0,608,10,618,985,0,2,1,2,0,1,0,0.00,62.74 ,50
03,010,00,008,0176,0,482,3,485,739,0,2,1,2,0,1,0,0.00,65.63 ,50
03,010,00,008,0177,0,538,6,544,834,0,2,1,2,0,1,0,0.00,65.23 ,50
03,010,00,008,0178,0,590,7,597,931,0,2,1,2,0,1,0,0.00,64.12 ,50
03,010,00,008,0179,0,447,6,453,705,0,2,1,2,0,1,0,0.00,64.26 ,50
03,010,00,009,0180,0,1011,9,1020,1632,0,2,1,2,0,1,0,0.00,62.50 ,50
03,010,00,009,0181,0,623,7,630,1019,0,2,1,2,0,1,0,0.00,61.83 ,50
03,010,00,009,0182,0,930,12,942,1485,0,2,1,2,0,1,0,0.00,63.43 ,50
03,010,00,009,0183,0,928,15,943,1486,0,2,1,2,0,1,0,0.00,63.46 ,50
03,010,00,009,0184,0,753,12,765,1264,0,2,1,2,0,1,0,0.00,60.52 ,50
03,010,00,009,0185,0,476,6,482,722,0,2,1,2,0,1,0,0.00,66.76 ,50
03,010,00,009,0186,0,288,5,293,475,0,2,1,2,0,1,0,0.00,61.68 ,50
03,010,00,009,0187,0,639,10,649,1100,0,2,1,2,0,1,0,0.00,59.00 ,50
03,010,00,009,0188,0,799,9,808,1134,0,2,1,2,0,1,0,0.00,71.25 ,50
03,010,00,009,0189,0,565,5,570,937,0,2,1,2,0,1,0,0.00,60.83 ,50
03,010,00,009,0190,0,260,5,265,474,0,2,1,2,0,1,0,0.00,55.91 ,50
03,010,00,009,0191,0,679,7,686,1144,0,2,1,2,0,1,0,0.00,59.97 ,50
03,010,00,009,0192,0,246,1,247,420,0,2,1,2,0,1,0,0.00,58.81 ,50
03,010,00,009,0193,0,921,16,937,1390,0,2,1,2,0,1,0,0.00,67.41 ,50
03,010,00,009,0194,0,967,8,975,1321,0,2,1,2,0,1,0,0.00,73.81 ,50
03,010,00,009,0195,0,644,18,662,958,0,2,1,2,0,1,0,0.00,69.10 ,50
03,010,00,009,0196,0,521,8,529,834,0,2,1,2,0,1,0,0.00,63.43 ,50
03,010,00,009,0197,0,625,5,630,946,0,2,1,2,0,1,0,0.00,66.60 ,50
03,010,00,009,0198,0,550,11,561,856,0,2,1,2,0,1,0,0.00,65.54 ,50
03,010,00,009,0199,0,658,10,668,997,0,2,1,2,0,1,0,0.00,67.00 ,50
03,010,00,009,0200,0,641,5,646,1022,0,2,1,2,0,1,0,0.00,63.21 ,50
03,010,00,009,0201,0,769,4,773,1215,0,2,1,2,0,1,0,0.00,63.62 ,50
03,010,00,009,0202,0,568,4,572,831,0,2,1,2,0,1,0,0.00,68.83 ,50
03,010,00,010,0203,0,594,4,598,876,0,2,1,2,0,1,0,0.00,68.26 ,50
03,010,00,010,0204,0,1119,12,1131,1597,0,2,1,2,0,1,0,0.00,70.82 ,50
03,010,00,010,0205,0,980,16,996,1371,0,2,1,2,0,1,0,0.00,72.65 ,50
03,010,00,010,0206,0,681,11,692,903,0,2,1,2,0,1,0,0.00,76.63 ,50
03,010,00,010,0207,0,480,6,486,705,0,2,1,2,0,1,0,0.00,68.94 ,50
03,010,00,010,0208,0,933,19,952,1307,0,2,1,2,0,1,0,0.00,72.84 ,50
03,010,00,010,0209,0,276,2,278,410,0,2,1,2,0,1,0,0.00,67.80 ,50
03,010,00,010,0210,0,341,3,344,530,0,2,1,2,0,1,0,0.00,64.91 ,50
03,010,00,010,0211,0,583,9,592,819,0,2,1,2,0,1,0,0.00,72.28 ,50
03,010,00,010,0212,0,310,6,316,439,0,2,1,2,0,1,0,0.00,71.98 ,50
03,010,00,010,0213,0,383,3,386,545,0,2,1,2,0,1,0,0.00,70.83 ,50
03,010,00,010,0214,0,410,2,412,576,0,2,1,2,0,1,0,0.00,71.53 ,50
03,010,00,010,0215,0,1016,14,1030,1494,0,2,1,2,0,1,0,0.00,68.94 ,50
03,010,00,010,0216,0,567,8,575,876,0,2,1,2,0,1,0,0.00,65.64 ,50
03,010,00,010,0217,0,587,12,599,952,0,2,1,2,0,1,0,0.00,62.92 ,50
03,010,00,010,0218,0,616,9,625,841,0,2,1,2,0,1,0,0.00,74.32 ,50
03,010,00,010,0219,0,366,11,377,567,0,2,1,2,0,1,0,0.00,66.49 ,50
03,010,00,010,0220,0,385,5,390,557,0,2,1,2,0,1,0,0.00,70.02 ,50
03,010,00,010,0221,0,638,3,641,918,0,2,1,2,0,1,0,0.00,69.83 ,50
03,010,00,010,0222,0,369,8,377,526,0,2,1,2,0,1,0,0.00,71.67 ,50
03,010,00,010,0223,0,515,8,523,777,0,2,1,2,0,1,0,0.00,67.31 ,50
03,010,00,011,0224,0,329,11,340,490,0,2,1,2,0,1,0,0.00,69.39 ,50
03,010,00,011,0225,0,457,7,464,658,0,2,1,2,0,1,0,0.00,70.52 ,50
03,010,00,011,0226,0,884,19,903,1245,0,2,1,2,0,1,0,0.00,72.53 ,50
03,010,00,011,0227,0,805,8,813,1164,0,2,1,2,0,1,0,0.00,69.85 ,50
03,010,00,011,0228,0,271,2,273,411,0,2,1,2,0,1,0,0.00,66.42 ,50
03,010,00,011,0229,0,822,11,833,1181,0,2,1,2,0,1,0,0.00,70.53 ,50
03,010,00,011,0230,0,375,7,382,562,0,2,1,2,0,1,0,0.00,67.97 ,50
03,010,00,011,0231,0,621,7,628,1019,0,2,1,2,0,1,0,0.00,61.63 ,50
03,010,00,011,0232,0,758,9,767,1177,0,2,1,2,0,1,0,0.00,65.17 ,50
03,010,00,011,0233,0,736,11,747,1156,0,2,1,2,0,1,0,0.00,64.62 ,50
03,010,00,011,0234,0,634,5,639,965,0,2,1,2,0,1,0,0.00,66.22 ,50
03,010,00,011,0235,0,616,5,621,945,0,2,1,2,0,1,0,0.00,65.71 ,50
03,010,00,011,0236,0,925,11,936,1358,0,2,1,2,0,1,0,0.00,68.92 ,50
03,010,00,011,0237,0,1067,14,1081,1550,0,2,1,2,0,1,0,0.00,69.74 ,50
03,010,00,011,0238,0,384,6,390,583,0,2,1,2,0,1,0,0.00,66.90 ,50
03,010,00,012,0239,0,1869,19,1888,2556,0,2,1,2,0,1,0,0.00,73.87 ,50
03,010,00,012,0240,0,1302,10,1312,1769,0,2,1,2,0,1,0,0.00,74.17 ,50
03,010,00,012,0241,0,959,10,969,1279,0,2,1,2,0,1,0,0.00,75.76 ,50
03,010,00,012,0242,0,1256,18,1274,1776,0,2,1,2,0,1,0,0.00,71.73 ,50
03,010,00,012,0243,0,530,7,537,771,0,2,1,2,0,1,0,0.00,69.65 ,50
03,010,00,012,0244,0,1006,6,1012,1367,0,2,1,2,0,1,0,0.00,74.03 ,50
03,010,00,012,0245,0,1090,7,1097,1495,0,2,1,2,0,1,0,0.00,73.38 ,50
03,010,00,012,0246,0,1173,15,1188,1606,0,2,1,2,0,1,0,0.00,73.97 ,50
03,010,00,012,0247,0,492,8,500,667,0,2,1,2,0,1,0,0.00,74.96 ,50
03,010,00,012,0248,0,510,9,519,682,0,2,1,2,0,1,0,0.00,76.10 ,50
03,010,00,012,0249,0,429,4,433,546,0,2,1,2,0,1,0,0.00,79.30 ,50
03,010,00,012,0250,0,860,9,869,1171,0,2,1,2,0,1,0,0.00,74.21 ,50
03,010,00,012,0251,0,1148,5,1153,1607,0,2,1,2,0,1,0,0.00,71.75 ,50
03,010,00,012,0252,0,698,9,707,994,0,2,1,2,0,1,0,0.00,71.13 ,50
03,010,00,012,0253,0,1530,18,1548,2015,0,2,1,2,0,1,0,0.00,76.82 ,50
03,010,00,012,0254,0,1151,15,1166,1642,0,2,1,2,0,1,0,0.00,71.01 ,50
03,010,00,012,0255,0,1172,11,1183,1601,0,2,1,2,0,1,0,0.00,73.89 ,50
03,010,00,012,0256,0,638,10,648,891,0,2,1,2,0,1,0,0.00,72.73 ,50
03,010,00,012,0257,0,1960,21,1981,2710,0,2,1,2,0,1,0,0.00,73.10 ,50
03,010,00,012,0258,0,1965,15,1980,2671,0,2,1,2,0,1,0,0.00,74.13 ,50
03,010,00,012,0259,0,547,7,554,739,0,2,1,2,0,1,0,0.00,74.97 ,50
03,010,00,012,0260,0,1261,18,1279,1775,0,2,1,2,0,1,0,0.00,72.06 ,50
03,010,00,012,0261,0,1310,16,1326,1792,0,2,1,2,0,1,0,0.00,74.00 ,50
03,010,00,012,0262,0,576,9,585,835,0,2,1,2,0,1,0,0.00,70.06 ,50
03,010,00,012,0263,0,724,7,731,1021,0,2,1,2,0,1,0,0.00,71.60 ,50
03,010,00,012,0264,0,860,10,870,1291,0,2,1,2,0,1,0,0.00,67.39 ,50
03,010,00,013,0265,0,1132,14,1146,1557,0,2,1,2,0,1,0,0.00,73.60 ,50
03,010,00,013,0266,0,519,6,525,754,0,2,1,2,0,1,0,0.00,69.63 ,50
03,010,00,013,0267,0,507,11,518,710,0,2,1,2,0,1,0,0.00,72.96 ,50
03,010,00,013,0268,0,550,3,553,817,0,2,1,2,0,1,0,0.00,67.69 ,50
03,010,00,013,0269,0,876,8,884,1289,0,2,1,2,0,1,0,0.00,68.58 ,50
03,010,00,013,0270,0,1534,18,1552,2197,0,2,1,2,0,1,0,0.00,70.64 ,50
03,010,00,013,0271,0,1404,12,1416,2129,0,2,1,2,0,1,0,0.00,66.51 ,50
03,010,00,013,0272,0,3353,37,3390,4734,0,2,1,2,0,1,0,0.00,71.61 ,50
03,010,00,013,0273,0,2896,29,2925,4301,0,2,1,2,0,1,0,0.00,68.01 ,50
03,010,00,013,0274,0,1112,10,1122,1592,0,2,1,2,0,1,0,0.00,70.48 ,50
03,010,00,013,0275,0,859,10,869,1211,0,2,1,2,0,1,0,0.00,71.76 ,50
03,010,00,013,0276,0,1381,10,1391,2003,0,2,1,2,0,1,0,0.00,69.45 ,50
03,010,00,013,0277,0,801,7,808,1118,0,2,1,2,0,1,0,0.00,72.27 ,50
03,010,00,013,0278,0,834,9,843,1146,0,2,1,2,0,1,0,0.00,73.56 ,50
03,010,00,013,0279,0,666,3,669,908,0,2,1,2,0,1,0,0.00,73.68 ,50
03,010,00,013,0280,0,1273,11,1284,1833,0,2,1,2,0,1,0,0.00,70.05 ,50
03,010,00,013,0281,0,539,2,541,718,0,2,1,2,0,1,0,0.00,75.35 ,50
03,010,00,013,0282,0,467,3,470,627,0,2,1,2,0,1,0,0.00,74.96 ,50
03,010,00,013,0283,0,545,0,545,707,0,2,1,2,0,1,0,0.00,77.09 ,50
03,010,00,013,0284,0,797,6,803,1108,0,2,1,2,0,1,0,0.00,72.47 ,50
03,010,00,013,0285,0,231,3,234,319,0,2,1,2,0,1,0,0.00,73.35 ,50
03,010,00,013,0286,0,245,2,247,330,0,2,1,2,0,1,0,0.00,74.85 ,50
03,010,00,014,0287,0,1456,19,1475,2042,0,2,1,2,0,1,0,0.00,72.23 ,50
03,010,00,014,0288,0,1185,12,1197,1695,0,2,1,2,0,1,0,0.00,70.62 ,50
03,010,00,014,0289,0,500,5,505,734,0,2,1,2,0,1,0,0.00,68.80 ,50
03,010,00,014,0290,0,612,12,624,842,0,2,1,2,0,1,0,0.00,74.11 ,50
03,010,00,014,0291,0,874,5,879,1260,0,2,1,2,0,1,0,0.00,69.76 ,50
03,010,00,014,0292,0,425,5,430,552,0,2,1,2,0,1,0,0.00,77.90 ,50
03,010,00,014,0293,0,762,7,769,1038,0,2,1,2,0,1,0,0.00,74.08 ,50
03,010,00,014,0294,0,2912,24,2936,4157,0,2,1,2,0,1,0,0.00,70.63 ,50
03,010,00,014,0295,0,864,10,874,1242,0,2,1,2,0,1,0,0.00,70.37 ,50
03,010,00,014,0296,0,929,6,935,1297,0,2,1,2,0,1,0,0.00,72.09 ,50
03,010,00,014,0297,0,1091,9,1100,1569,0,2,1,2,0,1,0,0.00,70.11 ,50
03,010,00,014,0298,0,1172,15,1187,1668,0,2,1,2,0,1,0,0.00,71.16 ,50
03,010,00,014,0299,0,768,6,774,1113,0,2,1,2,0,1,0,0.00,69.54 ,50
03,010,00,014,0300,0,505,4,509,739,0,2,1,2,0,1,0,0.00,68.88 ,50
03,010,00,014,0301,0,595,4,599,897,0,2,1,2,0,1,0,0.00,66.78 ,50
03,010,00,014,0302,0,384,2,386,541,0,2,1,2,0,1,0,0.00,71.35 ,50
03,010,00,014,0303,0,1106,15,1121,1584,0,2,1,2,0,1,0,0.00,70.77 ,50
03,010,00,014,0304,0,504,4,508,843,0,2,1,2,0,1,0,0.00,60.26 ,50
03,010,00,014,0305,0,331,0,331,521,0,2,1,2,0,1,0,0.00,63.53 ,50
03,010,00,014,0306,0,1312,14,1326,1780,0,2,1,2,0,1,0,0.00,74.49 ,50
03,010,00,014,0307,0,735,8,743,1123,0,2,1,2,0,1,0,0.00,66.16 ,50
03,010,00,014,0308,0,195,2,197,353,0,2,1,2,0,1,0,0.00,55.81 ,50
03,010,00,014,0309,0,542,11,553,804,0,2,1,2,0,1,0,0.00,68.78 ,50
03,010,00,014,0310,0,506,7,513,772,0,2,1,2,0,1,0,0.00,66.45 ,50
03,010,00,010,0311,0,535,10,545,838,0,2,1,2,0,1,0,0.00,65.04 ,50
03,010,00,016,0312,0,1775,14,1789,2485,0,2,1,2,0,1,0,0.00,71.99 ,50
03,010,00,016,0313,0,763,3,766,998,0,2,1,2,0,1,0,0.00,76.75 ,50
03,010,00,016,0314,0,2509,11,2520,3479,0,2,1,2,0,1,0,0.00,72.43 ,50
03,010,00,016,0315,0,445,4,449,595,0,2,1,2,0,1,0,0.00,75.46 ,50
03,010,00,016,0316,0,382,5,387,543,0,2,1,2,0,1,0,0.00,71.27 ,50
03,010,00,016,0317,0,505,4,509,715,0,2,1,2,0,1,0,0.00,71.19 ,50
03,010,00,016,0318,0,463,1,464,589,0,2,1,2,0,1,0,0.00,78.78 ,50
03,010,00,016,0319,0,1237,9,1246,1708,0,2,1,2,0,1,0,0.00,72.95 ,50
03,010,00,016,0320,0,677,11,688,975,0,2,1,2,0,1,0,0.00,70.56 ,50
03,010,00,016,0321,0,392,2,394,543,0,2,1,2,0,1,0,0.00,72.56 ,50
03,010,00,016,0322,0,351,1,352,487,0,2,1,2,0,1,0,0.00,72.28 ,50
03,010,00,016,0323,0,349,1,350,531,0,2,1,2,0,1,0,0.00,65.91 ,50
03,010,00,016,0324,0,293,6,299,417,0,2,1,2,0,1,0,0.00,71.70 ,50
03,010,00,016,0325,0,335,1,336,492,0,2,1,2,0,1,0,0.00,68.29 ,50
03,010,00,016,0326,0,220,2,222,353,0,2,1,2,0,1,0,0.00,62.89 ,50
03,010,00,016,0327,0,481,8,489,720,0,2,1,2,0,1,0,0.00,67.92 ,50
03,010,00,016,0328,0,532,9,541,734,0,2,1,2,0,1,0,0.00,73.71 ,50
03,010,00,016,0329,0,699,13,712,1032,0,2,1,2,0,1,0,0.00,68.99 ,50
03,010,00,017,0330,0,653,7,660,895,0,2,1,2,0,1,0,0.00,73.74 ,50
03,010,00,017,0331,0,246,2,248,353,0,2,1,2,0,1,0,0.00,70.25 ,50
03,010,00,017,0332,0,547,5,552,751,0,2,1,2,0,1,0,0.00,73.50 ,50
03,010,00,017,0333,0,1020,13,1033,1453,0,2,1,2,0,1,0,0.00,71.09 ,50
03,010,00,017,0334,0,623,9,632,804,0,2,1,2,0,1,0,0.00,78.61 ,50
03,010,00,017,0335,0,570,9,579,795,0,2,1,2,0,1,0,0.00,72.83 ,50
03,010,00,017,0336,0,612,6,618,861,0,2,1,2,0,1,0,0.00,71.78 ,50
03,010,00,017,0337,0,538,1,539,886,0,2,1,2,0,1,0,0.00,60.84 ,50
03,010,00,017,0338,0,611,6,617,884,0,2,1,2,0,1,0,0.00,69.80 ,50
03,010,00,017,0339,0,357,7,364,577,0,2,1,2,0,1,0,0.00,63.08 ,50
03,010,00,017,0340,0,265,3,268,353,0,2,1,2,0,1,0,0.00,75.92 ,50
03,010,00,018,0341,0,612,10,622,977,0,2,1,2,0,1,0,0.00,63.66 ,50
03,010,00,018,0342,0,324,3,327,492,0,2,1,2,0,1,0,0.00,66.46 ,50
03,010,00,018,0343,0,177,2,179,306,0,2,1,2,0,1,0,0.00,58.50 ,50
03,010,00,018,0344,0,423,6,429,703,0,2,1,2,0,1,0,0.00,61.02 ,50
03,010,00,018,0345,0,224,5,229,362,0,2,1,2,0,1,0,0.00,63.26 ,50
03,010,00,019,0346,0,230,3,233,384,0,2,1,2,0,1,0,0.00,60.68 ,50
03,010,00,019,0347,0,125,0,125,200,0,2,1,2,0,1,0,0.00,62.50 ,50
03,010,00,019,0348,0,152,2,154,256,0,2,1,2,0,1,0,0.00,60.16 ,50
03,010,00,019,0349,0,205,2,207,325,0,2,1,2,0,1,0,0.00,63.69 ,50
03,010,00,019,0350,0,554,9,563,868,0,2,1,2,0,1,0,0.00,64.86 ,50
03,010,00,019,0351,0,426,3,429,667,0,2,1,2,0,1,0,0.00,64.32 ,50
03,010,00,019,0352,0,228,1,229,331,0,2,1,2,0,1,0,0.00,69.18 ,50
03,010,00,019,0353,0,181,1,182,261,0,2,1,2,0,1,0,0.00,69.73 ,50
03,010,00,019,0354,0,181,3,184,261,0,2,1,2,0,1,0,0.00,70.50 ,50
03,010,00,019,0355,0,287,4,291,424,0,2,1,2,0,1,0,0.00,68.63 ,50
03,010,00,019,0356,0,185,7,192,285,0,2,1,2,0,1,0,0.00,67.37 ,50
03,010,00,019,0357,0,205,0,205,320,0,2,1,2,0,1,0,0.00,64.06 ,50
03,011,00,001,0001,0,3657,28,3685,4826,0,2,1,2,0,1,0,0.00,76.36 ,50
03,011,00,001,0002,0,1034,8,1042,1397,0,2,1,2,0,1,0,0.00,74.59 ,50
03,011,00,001,0003,0,1795,15,1810,2509,0,2,1,2,0,1,0,0.00,72.14 ,50
03,011,00,001,0004,0,678,9,687,948,0,2,1,2,0,1,0,0.00,72.47 ,50
03,011,00,001,0005,0,951,15,966,1375,0,2,1,2,0,1,0,0.00,70.25 ,50
03,011,00,001,0006,0,808,4,812,1052,0,2,1,2,0,1,0,0.00,77.19 ,50
03,011,00,001,0007,0,2235,21,2256,3082,0,2,1,2,0,1,0,0.00,73.20 ,50
03,011,00,001,0008,0,3215,32,3247,4355,0,2,1,2,0,1,0,0.00,74.56 ,50
03,011,00,001,0009,0,1175,9,1184,1645,0,2,1,2,0,1,0,0.00,71.98 ,50
03,011,00,001,0010,0,1092,12,1104,1482,0,2,1,2,0,1,0,0.00,74.49 ,50
03,011,00,001,0011,0,98,-9,89,120,0,2,1,2,0,1,0,0.00,74.17 ,50
03,011,00,001,0012,0,1785,23,1808,2469,0,2,1,2,0,1,0,0.00,73.23 ,50
03,011,00,001,0013,0,875,3,878,1155,0,2,1,2,0,1,0,0.00,76.02 ,50
03,011,00,001,0014,0,5452,65,5517,7462,0,2,1,2,0,1,0,0.00,73.93 ,50
03,011,00,001,0015,0,2473,24,2497,3472,0,2,1,2,0,1,0,0.00,71.92 ,50
03,011,00,001,0016,0,1511,7,1518,2023,0,2,1,2,0,1,0,0.00,75.04 ,50
03,011,00,001,0017,0,855,9,864,1165,0,2,1,2,0,1,0,0.00,74.16 ,50
03,011,00,001,0018,0,931,15,946,1336,0,2,1,2,0,1,0,0.00,70.81 ,50
03,011,00,001,0019,0,1055,15,1070,1426,0,2,1,2,0,1,0,0.00,75.04 ,50
03,011,00,001,0020,0,1542,14,1556,2097,0,2,1,2,0,1,0,0.00,74.20 ,50
03,011,00,001,0021,0,963,19,982,1335,0,2,1,2,0,1,0,0.00,73.56 ,50
03,011,00,001,0022,0,283,1,284,394,0,2,1,2,0,1,0,0.00,72.08 ,50
03,011,00,001,0023,0,339,6,345,468,0,2,1,2,0,1,0,0.00,73.72 ,50
03,011,00,001,0024,0,529,12,541,787,0,2,1,2,0,1,0,0.00,68.74 ,50
03,011,00,001,0025,0,666,14,680,991,0,2,1,2,0,1,0,0.00,68.62 ,50
03,011,00,001,0026,0,418,5,423,603,0,2,1,2,0,1,0,0.00,70.15 ,50
03,011,00,002,0027,0,951,10,961,1331,0,2,1,2,0,1,0,0.00,72.20 ,50
03,011,00,002,0028,0,413,4,417,551,0,2,1,2,0,1,0,0.00,75.68 ,50
03,011,00,002,0029,0,285,4,289,378,0,2,1,2,0,1,0,0.00,76.46 ,50
03,011,00,002,0030,0,440,6,446,603,0,2,1,2,0,1,0,0.00,73.96 ,50
03,011,00,002,0031,0,418,2,420,585,0,2,1,2,0,1,0,0.00,71.79 ,50
03,011,00,002,0032,0,289,3,292,428,0,2,1,2,0,1,0,0.00,68.22 ,50
03,011,00,002,0033,0,573,4,577,759,0,2,1,2,0,1,0,0.00,76.02 ,50
03,011,00,002,0034,0,1855,28,1883,2688,0,2,1,2,0,1,0,0.00,70.05 ,50
03,011,00,002,0035,0,451,7,458,702,0,2,1,2,0,1,0,0.00,65.24 ,50
03,011,00,002,0036,0,686,12,698,1091,0,2,1,2,0,1,0,0.00,63.98 ,50
03,011,00,002,0037,0,2129,22,2151,2966,0,2,1,2,0,1,0,0.00,72.52 ,50
03,011,00,002,0038,0,433,5,438,592,0,2,1,2,0,1,0,0.00,73.99 ,50
03,011,00,002,0039,0,539,4,543,778,0,2,1,2,0,1,0,0.00,69.79 ,50
03,011,00,002,0040,0,996,19,1015,1503,0,2,1,2,0,1,0,0.00,67.53 ,50
03,011,00,002,0041,0,387,4,391,573,0,2,1,2,0,1,0,0.00,68.24 ,50
03,011,00,002,0042,0,214,2,216,301,0,2,1,2,0,1,0,0.00,71.76 ,50
03,011,00,002,0043,0,467,5,472,699,0,2,1,2,0,1,0,0.00,67.53 ,50
03,011,00,002,0044,0,345,4,349,525,0,2,1,2,0,1,0,0.00,66.48 ,50
03,011,00,002,0045,0,613,9,622,872,0,2,1,2,0,1,0,0.00,71.33 ,50
03,011,00,002,0046,0,298,8,306,443,0,2,1,2,0,1,0,0.00,69.07 ,50
03,011,00,002,0047,0,215,3,218,287,0,2,1,2,0,1,0,0.00,75.96 ,50
03,011,00,002,0048,0,276,1,277,385,0,2,1,2,0,1,0,0.00,71.95 ,50
03,011,00,002,0049,0,278,1,279,426,0,2,1,2,0,1,0,0.00,65.49 ,50
03,011,00,002,0050,0,434,8,442,647,0,2,1,2,0,1,0,0.00,68.32 ,50
03,011,00,002,0051,0,691,9,700,946,0,2,1,2,0,1,0,0.00,74.00 ,50
03,011,00,003,0052,0,1392,12,1404,1936,0,2,1,2,0,1,0,0.00,72.52 ,50
03,011,00,003,0053,0,1823,18,1841,2573,0,2,1,2,0,1,0,0.00,71.55 ,50
03,011,00,003,0054,0,999,14,1013,1483,0,2,1,2,0,1,0,0.00,68.31 ,50
03,011,00,003,0055,0,1001,15,1016,1483,0,2,1,2,0,1,0,0.00,68.51 ,50
03,011,00,003,0056,0,563,6,569,811,0,2,1,2,0,1,0,0.00,70.16 ,50
03,011,00,003,0057,0,944,12,956,1385,0,2,1,2,0,1,0,0.00,69.03 ,50
03,011,00,003,0058,0,340,6,346,497,0,2,1,2,0,1,0,0.00,69.62 ,50
03,011,00,003,0059,0,428,2,430,642,0,2,1,2,0,1,0,0.00,66.98 ,50
03,011,00,003,0060,0,351,4,355,492,0,2,1,2,0,1,0,0.00,72.15 ,50
03,011,00,003,0061,0,419,6,425,661,0,2,1,2,0,1,0,0.00,64.30 ,50
03,011,00,003,0062,0,867,9,876,1325,0,2,1,2,0,1,0,0.00,66.11 ,50
03,011,00,003,0063,0,1857,42,1899,2589,0,2,1,2,0,1,0,0.00,73.35 ,50
03,011,00,003,0064,0,809,6,815,1169,0,2,1,2,0,1,0,0.00,69.72 ,50
03,011,00,003,0065,0,925,12,937,1359,0,2,1,2,0,1,0,0.00,68.95 ,50
03,011,00,003,0066,0,645,7,652,913,0,2,1,2,0,1,0,0.00,71.41 ,50
03,011,00,003,0067,0,477,8,485,689,0,2,1,2,0,1,0,0.00,70.39 ,50
03,011,00,003,0068,0,646,8,654,930,0,2,1,2,0,1,0,0.00,70.32 ,50
03,011,00,003,0069,0,730,10,740,992,0,2,1,2,0,1,0,0.00,74.60 ,50
03,011,00,003,0070,0,580,6,586,863,0,2,1,2,0,1,0,0.00,67.90 ,50
03,011,00,003,0071,0,853,18,871,1251,0,2,1,2,0,1,0,0.00,69.62 ,50
03,011,00,003,0072,0,524,9,533,821,0,2,1,2,0,1,0,0.00,64.92 ,50
03,011,00,003,0073,0,560,8,568,823,0,2,1,2,0,1,0,0.00,69.02 ,50
03,011,00,003,0074,0,658,14,672,961,0,2,1,2,0,1,0,0.00,69.93 ,50
03,011,00,003,0075,0,504,5,509,773,0,2,1,2,0,1,0,0.00,65.85 ,50
03,011,00,004,0076,0,916,9,925,1295,0,2,1,2,0,1,0,0.00,71.43 ,50
03,011,00,004,0077,0,1315,11,1326,1751,0,2,1,2,0,1,0,0.00,75.73 ,50
03,011,00,004,0078,0,546,5,551,692,0,2,1,2,0,1,0,0.00,79.62 ,50
03,011,00,004,0079,0,1670,25,1695,2273,0,2,1,2,0,1,0,0.00,74.57 ,50
03,011,00,004,0080,0,930,11,941,1216,0,2,1,2,0,1,0,0.00,77.38 ,50
03,011,00,004,0081,0,590,6,596,790,0,2,1,2,0,1,0,0.00,75.44 ,50
03,011,00,004,0082,0,1107,17,1124,1495,0,2,1,2,0,1,0,0.00,75.18 ,50
03,011,00,004,0083,0,1301,11,1312,1738,0,2,1,2,0,1,0,0.00,75.49 ,50
03,011,00,004,0084,0,993,19,1012,1389,0,2,1,2,0,1,0,0.00,72.86 ,50
03,011,00,004,0085,0,479,3,482,657,0,2,1,2,0,1,0,0.00,73.36 ,50
03,011,00,004,0086,0,978,10,988,1418,0,2,1,2,0,1,0,0.00,69.68 ,50
03,011,00,004,0087,0,910,12,922,1266,0,2,1,2,0,1,0,0.00,72.83 ,50
03,011,00,004,0088,0,1203,22,1225,1716,0,2,1,2,0,1,0,0.00,71.39 ,50
03,011,00,005,0089,0,1064,12,1076,1440,0,2,1,2,0,1,0,0.00,74.72 ,50
03,011,00,005,0090,0,921,12,933,1222,0,2,1,2,0,1,0,0.00,76.35 ,50
03,011,00,005,0091,0,938,9,947,1311,0,2,1,2,0,1,0,0.00,72.23 ,50
03,011,00,005,0092,0,979,12,991,1323,0,2,1,2,0,1,0,0.00,74.91 ,50
03,011,00,005,0093,0,854,6,860,1185,0,2,1,2,0,1,0,0.00,72.57 ,50
03,011,00,005,0094,0,878,11,889,1222,0,2,1,2,0,1,0,0.00,72.75 ,50
03,011,00,005,0095,0,592,11,603,837,0,2,1,2,0,1,0,0.00,72.04 ,50
03,011,00,005,0096,0,416,4,420,565,0,2,1,2,0,1,0,0.00,74.34 ,50
03,011,00,005,0097,0,378,23,401,642,0,2,1,2,0,1,0,0.00,62.46 ,50
03,011,00,005,0098,0,614,8,622,860,0,2,1,2,0,1,0,0.00,72.33 ,50
03,011,00,005,0099,0,356,6,362,498,0,2,1,2,0,1,0,0.00,72.69 ,50
03,011,00,005,0100,0,843,9,852,1217,0,2,1,2,0,1,0,0.00,70.01 ,50
03,011,00,005,0101,0,406,3,409,544,0,2,1,2,0,1,0,0.00,75.18 ,50
03,011,00,005,0102,0,767,7,774,1079,0,2,1,2,0,1,0,0.00,71.73 ,50
03,011,00,005,0103,0,401,5,406,592,0,2,1,2,0,1,0,0.00,68.58 ,50
03,011,00,005,0104,0,1079,10,1089,1450,0,2,1,2,0,1,0,0.00,75.10 ,50
03,011,00,005,0105,0,1016,13,1029,1441,0,2,1,2,0,1,0,0.00,71.41 ,50
03,011,00,005,0106,0,808,12,820,1106,0,2,1,2,0,1,0,0.00,74.14 ,50
03,011,00,005,0107,0,1059,11,1070,1410,0,2,1,2,0,1,0,0.00,75.89 ,50
03,011,00,005,0108,0,780,10,790,1070,0,2,1,2,0,1,0,0.00,73.83 ,50
03,011,00,005,0109,0,500,5,505,739,0,2,1,2,0,1,0,0.00,68.34 ,50
03,011,00,005,0110,0,142,2,144,207,0,2,1,2,0,1,0,0.00,69.57 ,50
03,011,00,006,0111,0,980,8,988,1446,0,2,1,2,0,1,0,0.00,68.33 ,50
03,011,00,006,0112,0,1609,21,1630,2286,0,2,1,2,0,1,0,0.00,71.30 ,50
03,011,00,006,0113,0,1043,16,1059,1613,0,2,1,2,0,1,0,0.00,65.65 ,50
03,011,00,006,0114,0,637,12,649,1025,0,2,1,2,0,1,0,0.00,63.32 ,50
03,011,00,006,0115,0,733,8,741,1206,0,2,1,2,0,1,0,0.00,61.44 ,50
03,011,00,006,0116,0,972,14,986,1474,0,2,1,2,0,1,0,0.00,66.89 ,50
03,011,00,006,0117,0,640,9,649,960,0,2,1,2,0,1,0,0.00,67.60 ,50
03,011,00,006,0118,0,1277,14,1291,1850,0,2,1,2,0,1,0,0.00,69.78 ,50
03,011,00,006,0119,0,372,3,375,586,0,2,1,2,0,1,0,0.00,63.99 ,50
03,011,00,006,0120,0,326,2,328,564,0,2,1,2,0,1,0,0.00,58.16 ,50
03,011,00,006,0121,0,265,2,267,408,0,2,1,2,0,1,0,0.00,65.44 ,50
03,011,00,006,0122,0,1595,21,1616,2320,0,2,1,2,0,1,0,0.00,69.66 ,50
03,011,00,006,0123,0,514,3,517,798,0,2,1,2,0,1,0,0.00,64.79 ,50
03,011,00,006,0124,0,733,12,745,1153,0,2,1,2,0,1,0,0.00,64.61 ,50
03,011,00,006,0125,0,742,9,751,1162,0,2,1,2,0,1,0,0.00,64.63 ,50
03,011,00,006,0126,0,673,10,683,1021,0,2,1,2,0,1,0,0.00,66.90 ,50
03,011,00,007,0127,0,515,2,517,664,0,2,1,2,0,1,0,0.00,77.86 ,50
03,011,00,007,0128,0,465,1,466,603,0,2,1,2,0,1,0,0.00,77.28 ,50
03,011,00,007,0129,0,1356,11,1367,1751,0,2,1,2,0,1,0,0.00,78.07 ,50
03,011,00,007,0130,0,1719,15,1734,2265,0,2,1,2,0,1,0,0.00,76.56 ,50
03,011,00,007,0131,0,993,8,1001,1310,0,2,1,2,0,1,0,0.00,76.41 ,50
03,011,00,007,0132,0,1280,8,1288,1690,0,2,1,2,0,1,0,0.00,76.21 ,50
03,011,00,007,0133,0,878,13,891,1143,0,2,1,2,0,1,0,0.00,77.95 ,50
03,011,00,007,0134,0,710,2,712,910,0,2,1,2,0,1,0,0.00,78.24 ,50
03,011,00,007,0135,0,1976,25,2001,2691,0,2,1,2,0,1,0,0.00,74.36 ,50
03,011,00,007,0136,0,869,7,876,1182,0,2,1,2,0,1,0,0.00,74.11 ,50
03,011,00,007,0137,0,1741,16,1757,2332,0,2,1,2,0,1,0,0.00,75.34 ,50
03,011,00,007,0138,0,447,7,454,624,0,2,1,2,0,1,0,0.00,72.76 ,50
03,011,00,007,0139,0,556,10,566,704,0,2,1,2,0,1,0,0.00,80.40 ,50
03,011,00,007,0140,0,1707,12,1719,2225,0,2,1,2,0,1,0,0.00,77.26 ,50
03,011,00,007,0141,0,1026,11,1037,1364,0,2,1,2,0,1,0,0.00,76.03 ,50
03,011,00,007,0142,0,539,9,548,704,0,2,1,2,0,1,0,0.00,77.84 ,50
03,011,00,007,0143,0,965,13,978,1278,0,2,1,2,0,1,0,0.00,76.53 ,50
03,011,00,007,0144,0,432,1,433,521,0,2,1,2,0,1,0,0.00,83.11 ,50
03,011,00,007,0145,0,799,7,806,1019,0,2,1,2,0,1,0,0.00,79.10 ,50
03,011,00,007,0146,0,408,1,409,558,0,2,1,2,0,1,0,0.00,73.30 ,50
03,011,00,007,0147,0,864,10,874,1166,0,2,1,2,0,1,0,0.00,74.96 ,50
03,011,00,007,0148,0,759,5,764,971,0,2,1,2,0,1,0,0.00,78.68 ,50
03,011,00,007,0149,0,444,5,449,580,0,2,1,2,0,1,0,0.00,77.41 ,50
03,011,00,007,0150,0,497,6,503,654,0,2,1,2,0,1,0,0.00,76.91 ,50
03,011,00,007,0151,0,465,4,469,639,0,2,1,2,0,1,0,0.00,73.40 ,50
03,011,00,007,0152,0,652,4,656,833,0,2,1,2,0,1,0,0.00,78.75 ,50
03,011,00,007,0153,0,615,6,621,805,0,2,1,2,0,1,0,0.00,77.14 ,50
03,011,00,007,0154,0,548,6,554,770,0,2,1,2,0,1,0,0.00,71.95 ,50
03,011,00,007,0155,0,907,6,913,1163,0,2,1,2,0,1,0,0.00,78.50 ,50
03,011,00,008,0156,0,776,9,785,1083,0,2,1,2,0,1,0,0.00,72.48 ,50
03,011,00,008,0157,0,1759,21,1780,2410,0,2,1,2,0,1,0,0.00,73.86 ,50
03,011,00,008,0158,0,867,12,879,1168,0,2,1,2,0,1,0,0.00,75.26 ,50
03,011,00,008,0159,0,1106,19,1125,1483,0,2,1,2,0,1,0,0.00,75.86 ,50
03,011,00,008,0160,0,1458,16,1474,1963,0,2,1,2,0,1,0,0.00,75.09 ,50
03,011,00,008,0161,0,1460,14,1474,2015,0,2,1,2,0,1,0,0.00,73.15 ,50
03,011,00,008,0162,0,629,6,635,807,0,2,1,2,0,1,0,0.00,78.69 ,50
03,011,00,008,0163,0,622,6,628,824,0,2,1,2,0,1,0,0.00,76.21 ,50
03,011,00,008,0164,0,901,10,911,1172,0,2,1,2,0,1,0,0.00,77.73 ,50
03,011,00,008,0165,0,824,8,832,1068,0,2,1,2,0,1,0,0.00,77.90 ,50
03,011,00,008,0166,0,1264,14,1278,1707,0,2,1,2,0,1,0,0.00,74.87 ,50
03,011,00,008,0167,0,635,11,646,884,0,2,1,2,0,1,0,0.00,73.08 ,50
03,011,00,008,0168,0,852,10,862,1266,0,2,1,2,0,1,0,0.00,68.09 ,50
03,011,00,008,0169,0,866,11,877,1223,0,2,1,2,0,1,0,0.00,71.71 ,50
03,011,00,008,0170,0,928,10,938,1249,0,2,1,2,0,1,0,0.00,75.10 ,50
03,011,00,009,0171,0,1929,15,1944,2581,0,2,1,2,0,1,0,0.00,75.32 ,50
03,011,00,009,0172,0,1735,13,1748,2425,0,2,1,2,0,1,0,0.00,72.08 ,50
03,011,00,009,0173,0,977,7,984,1283,0,2,1,2,0,1,0,0.00,76.70 ,50
03,011,00,009,0174,0,769,7,776,1035,0,2,1,2,0,1,0,0.00,74.98 ,50
03,011,00,009,0175,0,634,5,639,846,0,2,1,2,0,1,0,0.00,75.53 ,50
03,011,00,009,0176,0,1856,26,1882,2557,0,2,1,2,0,1,0,0.00,73.60 ,50
03,011,00,009,0177,0,1326,15,1341,1726,0,2,1,2,0,1,0,0.00,77.69 ,50
03,011,00,009,0178,0,1126,30,1156,1519,0,2,1,2,0,1,0,0.00,76.10 ,50
03,011,00,009,0179,0,748,11,759,1024,0,2,1,2,0,1,0,0.00,74.12 ,50
03,011,00,009,0180,0,430,3,433,543,0,2,1,2,0,1,0,0.00,79.74 ,50
03,011,00,009,0181,0,644,7,651,954,0,2,1,2,0,1,0,0.00,68.24 ,50
03,011,00,009,0182,0,516,6,522,824,0,2,1,2,0,1,0,0.00,63.35 ,50
03,011,00,010,0183,0,1522,8,1530,1973,0,2,1,2,0,1,0,0.00,77.55 ,50
03,011,00,010,0184,0,1625,9,1634,2022,0,2,1,2,0,1,0,0.00,80.81 ,50
03,011,00,010,0185,0,845,8,853,1046,0,2,1,2,0,1,0,0.00,81.55 ,50
03,011,00,010,0186,0,554,6,560,687,0,2,1,2,0,1,0,0.00,81.51 ,50
03,011,00,010,0187,0,361,3,364,507,0,2,1,2,0,1,0,0.00,71.79 ,50
03,011,00,010,0188,0,1371,18,1389,1811,0,2,1,2,0,1,0,0.00,76.70 ,50
03,011,00,010,0189,0,1976,19,1995,2569,0,2,1,2,0,1,0,0.00,77.66 ,50
03,011,00,010,0190,0,723,6,729,976,0,2,1,2,0,1,0,0.00,74.69 ,50
03,011,00,010,0191,0,1023,9,1032,1383,0,2,1,2,0,1,0,0.00,74.62 ,50
03,011,00,010,0192,0,495,4,499,688,0,2,1,2,0,1,0,0.00,72.53 ,50
03,011,00,010,0193,0,495,5,500,630,0,2,1,2,0,1,0,0.00,79.37 ,50
03,011,00,010,0194,0,1748,22,1770,2322,0,2,1,2,0,1,0,0.00,76.23 ,50
03,011,00,010,0195,0,728,8,736,928,0,2,1,2,0,1,0,0.00,79.31 ,50
03,011,00,011,0196,0,871,7,878,1197,0,2,1,2,0,1,0,0.00,73.35 ,50
03,011,00,011,0197,0,602,2,604,820,0,2,1,2,0,1,0,0.00,73.66 ,50
03,011,00,011,0198,0,1018,6,1024,1415,0,2,1,2,0,1,0,0.00,72.37 ,50
03,011,00,011,0199,0,811,8,819,1069,0,2,1,2,0,1,0,0.00,76.61 ,50
03,011,00,011,0200,0,635,3,638,846,0,2,1,2,0,1,0,0.00,75.41 ,50
03,011,00,011,0201,0,477,7,484,663,0,2,1,2,0,1,0,0.00,73.00 ,50
03,011,00,011,0202,0,749,8,757,1048,0,2,1,2,0,1,0,0.00,72.23 ,50
03,011,00,011,0203,0,656,5,661,910,0,2,1,2,0,1,0,0.00,72.64 ,50
03,011,00,011,0204,0,665,8,673,946,0,2,1,2,0,1,0,0.00,71.14 ,50
03,011,00,011,0205,0,491,4,495,679,0,2,1,2,0,1,0,0.00,72.90 ,50
03,011,00,012,0206,0,1276,15,1291,1703,0,2,1,2,0,1,0,0.00,75.81 ,50
03,011,00,012,0207,0,1797,20,1817,2446,0,2,1,2,0,1,0,0.00,74.28 ,50
03,011,00,012,0208,0,2944,22,2966,3932,0,2,1,2,0,1,0,0.00,75.43 ,50
03,011,00,012,0209,0,3611,22,3633,4866,0,2,1,2,0,1,0,0.00,74.66 ,50
03,011,00,012,0210,0,5107,47,5154,6876,0,2,1,2,0,1,0,0.00,74.96 ,50
03,011,00,012,0211,0,2086,12,2098,2850,0,2,1,2,0,1,0,0.00,73.61 ,50
03,011,00,012,0212,0,1291,7,1298,1748,0,2,1,2,0,1,0,0.00,74.26 ,50
03,011,00,012,0213,0,648,3,651,853,0,2,1,2,0,1,0,0.00,76.32 ,50
03,011,00,012,0214,0,1010,8,1018,1355,0,2,1,2,0,1,0,0.00,75.13 ,50
03,011,00,012,0215,0,482,4,486,652,0,2,1,2,0,1,0,0.00,74.54 ,50
03,011,00,012,0216,0,301,4,305,383,0,2,1,2,0,1,0,0.00,79.63 ,50
03,011,00,012,0217,0,787,4,791,1099,0,2,1,2,0,1,0,0.00,71.97 ,50
03,011,00,012,0218,0,444,5,449,578,0,2,1,2,0,1,0,0.00,77.68 ,50
03,011,00,012,0219,0,508,5,513,677,0,2,1,2,0,1,0,0.00,75.78 ,50
03,011,00,012,0220,0,709,7,716,970,0,2,1,2,0,1,0,0.00,73.81 ,50
03,011,00,012,0221,0,791,12,803,1083,0,2,1,2,0,1,0,0.00,74.15 ,50
03,011,00,012,0222,0,634,7,641,845,0,2,1,2,0,1,0,0.00,75.86 ,50
03,011,00,012,0223,0,749,9,758,977,0,2,1,2,0,1,0,0.00,77.58 ,50
03,011,00,012,0224,0,856,14,870,1199,0,2,1,2,0,1,0,0.00,72.56 ,50
03,011,00,012,0225,0,1046,3,1049,1452,0,2,1,2,0,1,0,0.00,72.25 ,50
03,011,00,012,0226,0,602,7,609,804,0,2,1,2,0,1,0,0.00,75.75 ,50
03,011,00,013,0227,0,747,7,754,1047,0,2,1,2,0,1,0,0.00,72.02 ,50
03,011,00,013,0228,0,820,8,828,1167,0,2,1,2,0,1,0,0.00,70.95 ,50
03,011,00,013,0229,0,397,2,399,532,0,2,1,2,0,1,0,0.00,75.00 ,50
03,011,00,013,0230,0,649,2,651,847,0,2,1,2,0,1,0,0.00,76.86 ,50
03,011,00,013,0231,0,431,4,435,602,0,2,1,2,0,1,0,0.00,72.26 ,50
03,011,00,013,0232,0,2367,20,2387,3186,0,2,1,2,0,1,0,0.00,74.92 ,50
03,011,00,013,0233,0,1015,5,1020,1386,0,2,1,2,0,1,0,0.00,73.59 ,50
03,011,00,013,0234,0,966,4,970,1257,0,2,1,2,0,1,0,0.00,77.17 ,50
03,011,00,013,0235,0,873,7,880,1173,0,2,1,2,0,1,0,0.00,75.02 ,50
03,011,00,013,0236,0,369,1,370,491,0,2,1,2,0,1,0,0.00,75.36 ,50
03,011,00,013,0237,0,408,4,412,535,0,2,1,2,0,1,0,0.00,77.01 ,50
03,011,00,013,0238,0,590,7,597,802,0,2,1,2,0,1,0,0.00,74.44 ,50
03,011,00,013,0239,0,265,1,266,363,0,2,1,2,0,1,0,0.00,73.28 ,50
03,011,00,013,0240,0,527,5,532,709,0,2,1,2,0,1,0,0.00,75.04 ,50
03,011,00,013,0241,0,254,3,257,363,0,2,1,2,0,1,0,0.00,70.80 ,50
03,011,00,013,0242,0,324,4,328,454,0,2,1,2,0,1,0,0.00,72.25 ,50
03,011,00,013,0243,0,386,4,390,552,0,2,1,2,0,1,0,0.00,70.65 ,50
03,011,00,013,0244,0,251,2,253,348,0,2,1,2,0,1,0,0.00,72.70 ,50
03,011,00,013,0245,0,552,6,558,748,0,2,1,2,0,1,0,0.00,74.60 ,50
03,011,00,013,0246,0,402,6,408,610,0,2,1,2,0,1,0,0.00,66.89 ,50
03,011,00,013,0247,0,812,6,818,1212,0,2,1,2,0,1,0,0.00,67.49 ,50
03,011,00,013,0248,0,421,1,422,557,0,2,1,2,0,1,0,0.00,75.76 ,50
03,011,00,013,0249,0,534,6,540,783,0,2,1,2,0,1,0,0.00,68.97 ,50
03,011,00,013,0250,0,477,6,483,672,0,2,1,2,0,1,0,0.00,71.88 ,50
03,011,00,013,0251,0,376,4,380,539,0,2,1,2,0,1,0,0.00,70.50 ,50
03,011,00,013,0252,0,380,3,383,501,0,2,1,2,0,1,0,0.00,76.45 ,50
03,011,00,014,0253,0,1774,11,1785,2314,0,2,1,2,0,1,0,0.00,77.14 ,50
03,011,00,014,0254,0,2167,16,2183,2800,0,2,1,2,0,1,0,0.00,77.96 ,50
03,011,00,014,0255,0,1362,13,1375,1772,0,2,1,2,0,1,0,0.00,77.60 ,50
03,011,00,014,0256,0,936,8,944,1241,0,2,1,2,0,1,0,0.00,76.07 ,50
03,011,00,014,0257,0,1122,17,1139,1544,0,2,1,2,0,1,0,0.00,73.77 ,50
03,011,00,014,0258,0,929,8,937,1254,0,2,1,2,0,1,0,0.00,74.72 ,50
03,011,00,014,0259,0,883,10,893,1206,0,2,1,2,0,1,0,0.00,74.05 ,50
03,011,00,014,0260,0,611,2,613,832,0,2,1,2,0,1,0,0.00,73.68 ,50
03,011,00,014,0261,0,847,8,855,1133,0,2,1,2,0,1,0,0.00,75.46 ,50
03,011,00,014,0262,0,869,11,880,1154,0,2,1,2,0,1,0,0.00,76.26 ,50
03,011,00,014,0263,0,675,6,681,843,0,2,1,2,0,1,0,0.00,80.78 ,50
03,011,00,014,0264,0,326,3,329,427,0,2,1,2,0,1,0,0.00,77.05 ,50
03,011,00,014,0265,0,483,3,486,650,0,2,1,2,0,1,0,0.00,74.77 ,50
03,011,00,015,0266,0,420,2,422,583,0,2,1,2,0,1,0,0.00,72.38 ,50
03,011,00,015,0267,0,532,8,540,765,0,2,1,2,0,1,0,0.00,70.59 ,50
03,011,00,015,0268,0,363,4,367,506,0,2,1,2,0,1,0,0.00,72.53 ,50
03,011,00,015,0269,0,635,4,639,854,0,2,1,2,0,1,0,0.00,74.82 ,50
03,011,00,015,0270,0,694,3,697,981,0,2,1,2,0,1,0,0.00,71.05 ,50
03,011,00,015,0271,0,366,2,368,523,0,2,1,2,0,1,0,0.00,70.36 ,50
03,011,00,015,0272,0,313,3,316,467,0,2,1,2,0,1,0,0.00,67.67 ,50
03,011,00,015,0273,0,552,2,554,767,0,2,1,2,0,1,0,0.00,72.23 ,50
03,011,00,015,0274,0,1161,14,1175,1617,0,2,1,2,0,1,0,0.00,72.67 ,50
03,011,00,015,0275,0,246,2,248,345,0,2,1,2,0,1,0,0.00,71.88 ,50
03,011,00,015,0276,0,597,13,610,860,0,2,1,2,0,1,0,0.00,70.93 ,50
03,011,00,015,0277,0,579,8,587,793,0,2,1,2,0,1,0,0.00,74.02 ,50
03,011,00,015,0278,0,887,6,893,1260,0,2,1,2,0,1,0,0.00,70.87 ,50
03,011,00,015,0279,0,749,5,754,984,0,2,1,2,0,1,0,0.00,76.63 ,50
03,011,00,015,0280,0,413,0,413,565,0,2,1,2,0,1,0,0.00,73.10 ,50
03,011,00,015,0281,0,715,6,721,939,0,2,1,2,0,1,0,0.00,76.78 ,50
03,011,00,015,0282,0,419,2,421,549,0,2,1,2,0,1,0,0.00,76.68 ,50
03,011,00,015,0283,0,555,4,559,757,0,2,1,2,0,1,0,0.00,73.84 ,50
03,011,00,015,0284,0,637,5,642,845,0,2,1,2,0,1,0,0.00,75.98 ,50
03,011,00,015,0285,0,492,4,496,645,0,2,1,2,0,1,0,0.00,76.90 ,50
03,011,00,015,0286,0,585,3,588,780,0,2,1,2,0,1,0,0.00,75.38 ,50
03,011,00,015,0287,0,1692,33,1725,2195,0,2,1,2,0,1,0,0.00,78.59 ,50
03,011,00,015,0288,0,947,8,955,1275,0,2,1,2,0,1,0,0.00,74.90 ,50
03,011,00,016,0289,0,600,2,602,798,0,2,1,2,0,1,0,0.00,75.44 ,50
03,011,00,016,0290,0,869,6,875,1186,0,2,1,2,0,1,0,0.00,73.78 ,50
03,011,00,016,0291,0,775,13,788,1108,0,2,1,2,0,1,0,0.00,71.12 ,50
03,011,00,016,0292,0,1050,6,1056,1467,0,2,1,2,0,1,0,0.00,71.98 ,50
03,011,00,016,0293,0,683,5,688,925,0,2,1,2,0,1,0,0.00,74.38 ,50
03,011,00,016,0294,0,777,7,784,1063,0,2,1,2,0,1,0,0.00,73.75 ,50
03,011,00,016,0295,0,689,6,695,982,0,2,1,2,0,1,0,0.00,70.77 ,50
03,011,00,016,0296,0,570,4,574,848,0,2,1,2,0,1,0,0.00,67.69 ,50
03,011,00,016,0297,0,466,1,467,661,0,2,1,2,0,1,0,0.00,70.65 ,50
03,011,00,016,0298,0,503,4,507,742,0,2,1,2,0,1,0,0.00,68.33 ,50
03,011,00,016,0299,0,477,3,480,657,0,2,1,2,0,1,0,0.00,73.06 ,50
03,011,00,016,0300,0,289,3,292,431,0,2,1,2,0,1,0,0.00,67.75 ,50
03,011,00,016,0301,0,641,5,646,926,0,2,1,2,0,1,0,0.00,69.76 ,50
03,011,00,016,0302,0,587,6,593,776,0,2,1,2,0,1,0,0.00,76.42 ,50
03,011,00,016,0303,0,929,12,941,1369,0,2,1,2,0,1,0,0.00,68.74 ,50
03,011,00,016,0304,0,770,6,776,1171,0,2,1,2,0,1,0,0.00,66.27 ,50
03,011,00,016,0305,0,1207,7,1214,1774,0,2,1,2,0,1,0,0.00,68.43 ,50
03,011,00,016,0306,0,573,8,581,945,0,2,1,2,0,1,0,0.00,61.48 ,50
03,011,00,017,0307,0,666,3,669,946,0,2,1,2,0,1,0,0.00,70.72 ,50
03,011,00,017,0308,0,358,2,360,519,0,2,1,2,0,1,0,0.00,69.36 ,50
03,011,00,017,0309,0,253,2,255,374,0,2,1,2,0,1,0,0.00,68.18 ,50
03,011,00,017,0310,0,592,9,601,853,0,2,1,2,0,1,0,0.00,70.46 ,50
03,011,00,017,0311,0,875,6,881,1275,0,2,1,2,0,1,0,0.00,69.10 ,50
03,011,00,017,0312,0,455,3,458,677,0,2,1,2,0,1,0,0.00,67.65 ,50
03,011,00,017,0313,0,537,2,539,756,0,2,1,2,0,1,0,0.00,71.30 ,50
03,011,00,017,0314,0,369,4,373,585,0,2,1,2,0,1,0,0.00,63.76 ,50
03,011,00,017,0315,0,676,9,685,1118,0,2,1,2,0,1,0,0.00,61.27 ,50
03,011,00,017,0316,0,430,1,431,661,0,2,1,2,0,1,0,0.00,65.20 ,50
03,011,00,017,0317,0,785,5,790,1136,0,2,1,2,0,1,0,0.00,69.54 ,50
03,011,00,017,0318,0,466,5,471,762,0,2,1,2,0,1,0,0.00,61.81 ,50
03,011,00,017,0319,0,520,5,525,739,0,2,1,2,0,1,0,0.00,71.04 ,50
03,011,00,018,0320,0,1190,8,1198,1496,0,2,1,2,0,1,0,0.00,80.08 ,50
03,011,00,018,0321,0,2684,24,2708,3483,0,2,1,2,0,1,0,0.00,77.75 ,50
03,011,00,018,0322,0,1025,20,1045,1520,0,2,1,2,0,1,0,0.00,68.75 ,50
03,011,00,018,0323,0,2526,20,2546,3201,0,2,1,2,0,1,0,0.00,79.54 ,50
03,011,00,018,0324,0,378,3,381,494,0,2,1,2,0,1,0,0.00,77.13 ,50
03,011,00,018,0325,0,464,3,467,635,0,2,1,2,0,1,0,0.00,73.54 ,50
03,011,00,018,0326,0,379,1,380,471,0,2,1,2,0,1,0,0.00,80.68 ,50
03,011,00,018,0327,0,702,8,710,920,0,2,1,2,0,1,0,0.00,77.17 ,50
03,011,00,018,0328,0,2003,27,2030,2595,0,2,1,2,0,1,0,0.00,78.23 ,50
03,011,00,018,0329,0,993,11,1004,1268,0,2,1,2,0,1,0,0.00,79.18 ,50
03,011,00,018,0330,0,615,4,619,799,0,2,1,2,0,1,0,0.00,77.47 ,50
03,011,00,018,0331,0,1534,10,1544,1949,0,2,1,2,0,1,0,0.00,79.22 ,50
03,011,00,018,0332,0,1122,13,1135,1457,0,2,1,2,0,1,0,0.00,77.90 ,50
03,011,00,018,0333,0,1278,21,1299,1650,0,2,1,2,0,1,0,0.00,78.73 ,50
03,011,00,018,0334,0,1578,30,1608,2078,0,2,1,2,0,1,0,0.00,77.38 ,50
03,011,00,018,0335,0,942,9,951,1155,0,2,1,2,0,1,0,0.00,82.34 ,50
03,011,00,018,0336,0,400,2,402,534,0,2,1,2,0,1,0,0.00,75.28 ,50
03,011,00,018,0337,0,1514,11,1525,1959,0,2,1,2,0,1,0,0.00,77.85 ,50
03,011,00,018,0338,0,598,4,602,858,0,2,1,2,0,1,0,0.00,70.16 ,50
03,011,00,018,0339,0,765,7,772,1101,0,2,1,2,0,1,0,0.00,70.12 ,50
03,011,00,019,0340,0,766,5,771,1034,0,2,1,2,0,1,0,0.00,74.56 ,50
03,011,00,019,0341,0,1829,21,1850,2358,0,2,1,2,0,1,0,0.00,78.46 ,50
03,011,00,019,0342,0,2778,23,2801,3582,0,2,1,2,0,1,0,0.00,78.20 ,50
03,011,00,019,0343,0,1430,7,1437,1860,0,2,1,2,0,1,0,0.00,77.26 ,50
03,011,00,019,0344,0,917,4,921,1214,0,2,1,2,0,1,0,0.00,75.86 ,50
03,011,00,019,0345,0,532,2,534,691,0,2,1,2,0,1,0,0.00,77.28 ,50
03,011,00,019,0346,0,380,2,382,504,0,2,1,2,0,1,0,0.00,75.79 ,50
03,011,00,019,0347,0,756,10,766,1005,0,2,1,2,0,1,0,0.00,76.22 ,50
03,011,00,019,0348,0,993,11,1004,1248,0,2,1,2,0,1,0,0.00,80.45 ,50
03,011,00,019,0349,0,1519,18,1537,1959,0,2,1,2,0,1,0,0.00,78.46 ,50
03,011,00,019,0350,0,612,6,618,803,0,2,1,2,0,1,0,0.00,76.96 ,50
03,011,00,019,0351,0,1253,14,1267,1588,0,2,1,2,0,1,0,0.00,79.79 ,50
03,011,00,019,0352,0,510,7,517,684,0,2,1,2,0,1,0,0.00,75.58 ,50
03,011,00,019,0353,0,778,15,793,1044,0,2,1,2,0,1,0,0.00,75.96 ,50
03,011,00,019,0354,0,1238,14,1252,1682,0,2,1,2,0,1,0,0.00,74.44 ,50
03,011,00,019,0355,0,594,12,606,774,0,2,1,2,0,1,0,0.00,78.29 ,50
03,011,00,019,0356,0,728,5,733,960,0,2,1,2,0,1,0,0.00,76.35 ,50
03,011,00,019,0357,0,1026,11,1037,1381,0,2,1,2,0,1,0,0.00,75.09 ,50
03,011,00,019,0358,0,968,14,982,1331,0,2,1,2,0,1,0,0.00,73.78 ,50
03,011,00,019,0359,0,723,8,731,970,0,2,1,2,0,1,0,0.00,75.36 ,50
03,011,00,019,0360,0,1716,10,1726,2177,0,2,1,2,0,1,0,0.00,79.28 ,50
03,011,00,020,0361,0,1513,16,1529,1987,0,2,1,2,0,1,0,0.00,76.95 ,50
03,011,00,020,0362,0,3491,39,3530,4487,0,2,1,2,0,1,0,0.00,78.67 ,50
03,011,00,020,0363,0,1298,9,1307,1658,0,2,1,2,0,1,0,0.00,78.83 ,50
03,011,00,020,0364,0,476,7,483,605,0,2,1,2,0,1,0,0.00,79.83 ,50
03,011,00,020,0365,0,631,7,638,818,0,2,1,2,0,1,0,0.00,78.00 ,50
03,011,00,020,0366,0,676,9,685,882,0,2,1,2,0,1,0,0.00,77.66 ,50
03,011,00,020,0367,0,1563,18,1581,1956,0,2,1,2,0,1,0,0.00,80.83 ,50
03,011,00,020,0368,0,2065,33,2098,2721,0,2,1,2,0,1,0,0.00,77.10 ,50
03,011,00,020,0369,0,1039,18,1057,1337,0,2,1,2,0,1,0,0.00,79.06 ,50
03,011,00,020,0370,0,1909,24,1933,2446,0,2,1,2,0,1,0,0.00,79.03 ,50
03,011,00,020,0371,0,1014,11,1025,1223,0,2,1,2,0,1,0,0.00,83.81 ,50
03,011,00,021,0372,0,1508,18,1526,1989,0,2,1,2,0,1,0,0.00,76.72 ,50
03,011,00,021,0373,0,1222,20,1242,1637,0,2,1,2,0,1,0,0.00,75.87 ,50
03,011,00,021,0374,0,946,14,960,1274,0,2,1,2,0,1,0,0.00,75.35 ,50
03,011,00,021,0375,0,844,5,849,1107,0,2,1,2,0,1,0,0.00,76.69 ,50
03,011,00,021,0376,0,526,6,532,686,0,2,1,2,0,1,0,0.00,77.55 ,50
03,011,00,021,0377,0,980,13,993,1328,0,2,1,2,0,1,0,0.00,74.77 ,50
03,011,00,021,0378,0,724,7,731,974,0,2,1,2,0,1,0,0.00,75.05 ,50
03,011,00,021,0379,0,1424,9,1433,1888,0,2,1,2,0,1,0,0.00,75.90 ,50
03,011,00,021,0380,0,1488,18,1506,1951,0,2,1,2,0,1,0,0.00,77.19 ,50
03,011,00,021,0381,0,447,7,454,584,0,2,1,2,0,1,0,0.00,77.74 ,50
03,011,00,021,0382,0,958,11,969,1252,0,2,1,2,0,1,0,0.00,77.40 ,50
03,011,00,021,0383,0,508,6,514,687,0,2,1,2,0,1,0,0.00,74.82 ,50
03,011,00,021,0384,0,1144,9,1153,1476,0,2,1,2,0,1,0,0.00,78.12 ,50
03,011,00,021,0385,0,1517,19,1536,1960,0,2,1,2,0,1,0,0.00,78.37 ,50
03,011,00,021,0386,0,652,7,659,898,0,2,1,2,0,1,0,0.00,73.39 ,50
03,011,00,021,0387,0,349,4,353,434,0,2,1,2,0,1,0,0.00,81.34 ,50
03,011,00,022,0388,0,1232,14,1246,1637,0,2,1,2,0,1,0,0.00,76.11 ,50
03,011,00,022,0389,0,1134,16,1150,1480,0,2,1,2,0,1,0,0.00,77.70 ,50
03,011,00,022,0390,0,639,7,646,854,0,2,1,2,0,1,0,0.00,75.64 ,50
03,011,00,022,0391,0,470,4,474,660,0,2,1,2,0,1,0,0.00,71.82 ,50
03,011,00,022,0392,0,423,1,424,566,0,2,1,2,0,1,0,0.00,74.91 ,50
03,011,00,022,0393,0,289,5,294,365,0,2,1,2,0,1,0,0.00,80.55 ,50
03,011,00,022,0394,0,240,3,243,311,0,2,1,2,0,1,0,0.00,78.14 ,50
03,011,00,023,0395,0,777,7,784,1057,0,2,1,2,0,1,0,0.00,74.17 ,50
03,011,00,023,0396,0,2894,28,2922,3980,0,2,1,2,0,1,0,0.00,73.42 ,50
03,011,00,023,0397,0,954,7,961,1284,0,2,1,2,0,1,0,0.00,74.84 ,50
03,011,00,023,0398,0,915,8,923,1257,0,2,1,2,0,1,0,0.00,73.43 ,50
03,011,00,023,0399,0,381,4,385,506,0,2,1,2,0,1,0,0.00,76.09 ,50
03,011,00,023,0400,0,343,4,347,510,0,2,1,2,0,1,0,0.00,68.04 ,50
03,011,00,023,0401,0,578,1,579,777,0,2,1,2,0,1,0,0.00,74.52 ,50
03,011,00,023,0402,0,1103,10,1113,1519,0,2,1,2,0,1,0,0.00,73.27 ,50
03,011,00,023,0403,0,533,5,538,701,0,2,1,2,0,1,0,0.00,76.75 ,50
03,011,00,023,0404,0,769,9,778,1080,0,2,1,2,0,1,0,0.00,72.04 ,50
03,011,00,024,0405,0,1293,24,1317,1887,0,2,1,2,0,1,0,0.00,69.79 ,50
03,011,00,024,0406,0,870,11,881,1309,0,2,1,2,0,1,0,0.00,67.30 ,50
03,011,00,024,0407,0,611,5,616,906,0,2,1,2,0,1,0,0.00,67.99 ,50
03,011,00,024,0408,0,752,3,755,1101,0,2,1,2,0,1,0,0.00,68.57 ,50
03,011,00,024,0409,0,818,7,825,1110,0,2,1,2,0,1,0,0.00,74.32 ,50
03,011,00,024,0410,0,516,1,517,693,0,2,1,2,0,1,0,0.00,74.60 ,50
03,011,00,024,0411,0,1657,18,1675,2257,0,2,1,2,0,1,0,0.00,74.21 ,50
03,011,00,025,0412,0,1047,11,1058,1425,0,2,1,2,0,1,0,0.00,74.25 ,50
03,011,00,025,0413,0,581,6,587,781,0,2,1,2,0,1,0,0.00,75.16 ,50
03,011,00,025,0414,0,384,5,389,491,0,2,1,2,0,1,0,0.00,79.23 ,50
03,011,00,025,0415,0,436,2,438,554,0,2,1,2,0,1,0,0.00,79.06 ,50
03,011,00,025,0416,0,480,5,485,667,0,2,1,2,0,1,0,0.00,72.71 ,50
03,011,00,025,0417,0,620,5,625,836,0,2,1,2,0,1,0,0.00,74.76 ,50
03,011,00,025,0418,0,851,12,863,1189,0,2,1,2,0,1,0,0.00,72.58 ,50
03,011,00,025,0419,0,664,10,674,932,0,2,1,2,0,1,0,0.00,72.32 ,50
03,011,00,025,0420,0,291,3,294,513,0,2,1,2,0,1,0,0.00,57.31 ,50
03,011,00,026,0421,0,345,6,351,488,0,2,1,2,0,1,0,0.00,71.93 ,50
03,011,00,026,0422,0,528,3,531,738,0,2,1,2,0,1,0,0.00,71.95 ,50
03,011,00,026,0423,0,423,2,425,567,0,2,1,2,0,1,0,0.00,74.96 ,50
03,011,00,026,0424,0,688,6,694,914,0,2,1,2,0,1,0,0.00,75.93 ,50
03,011,00,026,0425,0,255,0,255,342,0,2,1,2,0,1,0,0.00,74.56 ,50
03,011,00,026,0426,0,346,6,352,477,0,2,1,2,0,1,0,0.00,73.79 ,50
03,011,00,026,0427,0,317,3,320,439,0,2,1,2,0,1,0,0.00,72.89 ,50
03,011,00,026,0428,0,205,5,210,294,0,2,1,2,0,1,0,0.00,71.43 ,50
03,011,00,026,0429,0,156,1,157,222,0,2,1,2,0,1,0,0.00,70.72 ,50
03,011,00,026,0430,0,413,7,420,613,0,2,1,2,0,1,0,0.00,68.52 ,50
03,011,00,027,0431,0,2812,30,2842,3659,0,2,1,2,0,1,0,0.00,77.67 ,50
03,011,00,027,0432,0,1612,13,1625,2077,0,2,1,2,0,1,0,0.00,78.24 ,50
03,011,00,027,0433,0,1209,11,1220,1545,0,2,1,2,0,1,0,0.00,78.96 ,50
03,011,00,027,0434,0,2471,23,2494,3225,0,2,1,2,0,1,0,0.00,77.33 ,50
03,011,00,027,0435,0,4206,35,4241,5382,0,2,1,2,0,1,0,0.00,78.80 ,50
03,011,00,027,0436,0,1649,26,1675,2129,0,2,1,2,0,1,0,0.00,78.68 ,50
03,011,00,027,0437,0,3686,33,3719,4757,0,2,1,2,0,1,0,0.00,78.18 ,50
03,011,00,027,0438,0,2635,41,2676,3344,0,2,1,2,0,1,0,0.00,80.02 ,50
03,011,00,027,0439,0,958,4,962,1170,0,2,1,2,0,1,0,0.00,82.22 ,50
03,011,00,027,0440,0,495,1,496,622,0,2,1,2,0,1,0,0.00,79.74 ,50
03,011,00,027,0441,0,1536,19,1555,1969,0,2,1,2,0,1,0,0.00,78.97 ,50
03,011,00,027,0442,0,2612,31,2643,3485,0,2,1,2,0,1,0,0.00,75.84 ,50
03,011,00,027,0443,0,970,12,982,1289,0,2,1,2,0,1,0,0.00,76.18 ,50
03,011,00,027,0444,0,1539,13,1552,2020,0,2,1,2,0,1,0,0.00,76.83 ,50
03,011,00,027,0445,0,1533,24,1557,1932,0,2,1,2,0,1,0,0.00,80.59 ,50
03,011,00,027,0446,0,1424,16,1440,1769,0,2,1,2,0,1,0,0.00,81.40 ,50
03,011,00,027,0447,0,941,7,948,1221,0,2,1,2,0,1,0,0.00,77.64 ,50
03,011,00,027,0448,0,1031,12,1043,1307,0,2,1,2,0,1,0,0.00,79.80 ,50
03,011,00,028,0449,0,2893,35,2928,3719,0,2,1,2,0,1,0,0.00,78.73 ,50
03,011,00,028,0450,0,1687,19,1706,2200,0,2,1,2,0,1,0,0.00,77.55 ,50
03,011,00,028,0451,0,3386,43,3429,4430,0,2,1,2,0,1,0,0.00,77.40 ,50
03,011,00,028,0452,0,3349,29,3378,4281,0,2,1,2,0,1,0,0.00,78.91 ,50
03,011,00,028,0453,0,3077,37,3114,3963,0,2,1,2,0,1,0,0.00,78.58 ,50
03,011,00,028,0454,0,1887,18,1905,2402,0,2,1,2,0,1,0,0.00,79.31 ,50
03,011,00,028,0455,0,937,13,950,1204,0,2,1,2,0,1,0,0.00,78.90 ,50
03,011,00,028,0456,0,974,10,984,1219,0,2,1,2,0,1,0,0.00,80.72 ,50
03,011,00,028,0457,0,1326,10,1336,1647,0,2,1,2,0,1,0,0.00,81.12 ,50
03,011,00,028,0458,0,358,1,359,494,0,2,1,2,0,1,0,0.00,72.67 ,50
03,011,00,028,0459,0,1166,16,1182,1569,0,2,1,2,0,1,0,0.00,75.33 ,50
03,011,00,028,0460,0,859,8,867,1322,0,2,1,2,0,1,0,0.00,65.58 ,50
03,011,00,028,0461,0,1313,7,1320,1671,0,2,1,2,0,1,0,0.00,78.99 ,50
03,011,00,028,0462,0,1335,10,1345,1735,0,2,1,2,0,1,0,0.00,77.52 ,50
03,011,00,028,0463,0,1124,11,1135,1461,0,2,1,2,0,1,0,0.00,77.69 ,50
03,011,00,028,0464,0,1277,15,1292,1652,0,2,1,2,0,1,0,0.00,78.21 ,50
03,011,00,028,0465,0,988,9,997,1241,0,2,1,2,0,1,0,0.00,80.34 ,50
03,011,00,028,0466,0,1495,19,1514,1931,0,2,1,2,0,1,0,0.00,78.40 ,50
03,011,00,029,0467,0,1399,17,1416,1766,0,2,1,2,0,1,0,0.00,80.18 ,50
03,011,00,029,0468,0,1342,9,1351,1703,0,2,1,2,0,1,0,0.00,79.33 ,50
03,011,00,029,0469,0,2674,14,2688,3426,0,2,1,2,0,1,0,0.00,78.46 ,50
03,011,00,029,0470,0,1908,11,1919,2467,0,2,1,2,0,1,0,0.00,77.79 ,50
03,011,00,029,0471,0,601,2,603,779,0,2,1,2,0,1,0,0.00,77.41 ,50
03,011,00,029,0472,0,593,5,598,799,0,2,1,2,0,1,0,0.00,74.84 ,50
03,011,00,029,0473,0,1824,14,1838,2275,0,2,1,2,0,1,0,0.00,80.79 ,50
03,011,00,029,0474,0,2061,14,2075,2581,0,2,1,2,0,1,0,0.00,80.40 ,50
03,011,00,029,0475,0,1506,11,1517,1877,0,2,1,2,0,1,0,0.00,80.82 ,50
03,011,00,029,0476,0,1036,4,1040,1296,0,2,1,2,0,1,0,0.00,80.25 ,50
03,011,00,029,0477,0,1603,12,1615,2077,0,2,1,2,0,1,0,0.00,77.76 ,50
03,011,00,029,0478,0,1109,21,1130,1400,0,2,1,2,0,1,0,0.00,80.71 ,50
03,011,00,029,0479,0,917,7,924,1170,0,2,1,2,0,1,0,0.00,78.97 ,50
03,011,00,029,0480,0,589,3,592,777,0,2,1,2,0,1,0,0.00,76.19 ,50
03,011,00,029,0481,0,571,3,574,722,0,2,1,2,0,1,0,0.00,79.50 ,50
03,011,00,029,0482,0,1059,14,1073,1360,0,2,1,2,0,1,0,0.00,78.90 ,50
03,011,00,029,0483,0,310,4,314,389,0,2,1,2,0,1,0,0.00,80.72 ,50
03,011,00,030,0484,0,913,7,920,1207,0,2,1,2,0,1,0,0.00,76.22 ,50
03,011,00,030,0485,0,532,3,535,693,0,2,1,2,0,1,0,0.00,77.20 ,50
03,011,00,030,0486,0,119,1,120,203,0,2,1,2,0,1,0,0.00,59.11 ,50
03,011,00,030,0487,0,247,2,249,313,0,2,1,2,0,1,0,0.00,79.55 ,50
03,011,00,030,0488,0,217,4,221,285,0,2,1,2,0,1,0,0.00,77.54 ,50
03,011,00,030,0489,0,244,2,246,320,0,2,1,2,0,1,0,0.00,76.88 ,50
03,011,00,030,0490,0,349,2,351,430,0,2,1,2,0,1,0,0.00,81.63 ,50
03,011,00,030,0491,0,285,1,286,387,0,2,1,2,0,1,0,0.00,73.90 ,50
03,011,00,031,0492,0,2558,28,2586,3462,0,2,1,2,0,1,0,0.00,74.70 ,50
03,011,00,031,0493,0,1644,15,1659,2242,0,2,1,2,0,1,0,0.00,74.00 ,50
03,011,00,031,0494,0,1354,11,1365,1829,0,2,1,2,0,1,0,0.00,74.63 ,50
03,011,00,031,0495,0,2177,17,2194,2960,0,2,1,2,0,1,0,0.00,74.12 ,50
03,011,00,031,0496,0,3258,35,3293,4457,0,2,1,2,0,1,0,0.00,73.88 ,50
03,011,00,031,0497,0,3499,33,3532,4684,0,2,1,2,0,1,0,0.00,75.41 ,50
03,011,00,031,0498,0,2619,38,2657,3519,0,2,1,2,0,1,0,0.00,75.50 ,50
03,011,00,031,0499,0,3490,28,3518,4636,0,2,1,2,0,1,0,0.00,75.88 ,50
03,011,00,031,0500,0,2651,27,2678,3616,0,2,1,2,0,1,0,0.00,74.06 ,50
03,011,00,031,0501,0,1639,22,1661,2156,0,2,1,2,0,1,0,0.00,77.04 ,50
03,011,00,031,0502,0,1571,14,1585,2155,0,2,1,2,0,1,0,0.00,73.55 ,50
03,011,00,031,0503,0,1557,23,1580,2112,0,2,1,2,0,1,0,0.00,74.81 ,50
03,011,00,031,0504,0,907,16,923,1181,0,2,1,2,0,1,0,0.00,78.15 ,50
03,011,00,031,0505,0,796,10,806,1024,0,2,1,2,0,1,0,0.00,78.71 ,50
03,011,00,031,0506,0,3711,33,3744,4980,0,2,1,2,0,1,0,0.00,75.18 ,50
03,011,00,031,0507,0,2637,21,2658,3373,0,2,1,2,0,1,0,0.00,78.80 ,50
03,011,00,031,0508,0,1760,23,1783,2241,0,2,1,2,0,1,0,0.00,79.56 ,50
03,011,00,031,0509,0,2063,16,2079,2729,0,2,1,2,0,1,0,0.00,76.18 ,50
03,011,00,031,0510,0,3357,34,3391,4526,0,2,1,2,0,1,0,0.00,74.92 ,50
03,011,00,031,0511,0,1185,7,1192,1513,0,2,1,2,0,1,0,0.00,78.78 ,50
03,011,00,031,0512,0,922,10,932,1177,0,2,1,2,0,1,0,0.00,79.18 ,50
03,011,00,031,0513,0,2397,29,2426,3104,0,2,1,2,0,1,0,0.00,78.16 ,50
03,011,00,031,0514,0,847,10,857,1137,0,2,1,2,0,1,0,0.00,75.37 ,50
03,011,00,031,0515,0,2184,24,2208,2710,0,2,1,2,0,1,0,0.00,81.48 ,50
03,011,00,031,0516,0,2119,15,2134,2773,0,2,1,2,0,1,0,0.00,76.96 ,50
03,011,00,031,0517,0,3035,25,3060,3886,0,2,1,2,0,1,0,0.00,78.74 ,50
03,011,00,031,0518,0,2556,23,2579,3201,0,2,1,2,0,1,0,0.00,80.57 ,50
03,011,00,031,0519,0,3316,33,3349,4381,0,2,1,2,0,1,0,0.00,76.44 ,50
03,011,00,031,0520,0,3070,33,3103,4115,0,2,1,2,0,1,0,0.00,75.41 ,50
03,011,00,031,0521,0,1470,20,1490,1943,0,2,1,2,0,1,0,0.00,76.69 ,50
03,011,00,031,0522,0,1656,20,1676,2125,0,2,1,2,0,1,0,0.00,78.87 ,50
03,011,00,031,0523,0,1475,10,1485,1890,0,2,1,2,0,1,0,0.00,78.57 ,50
03,011,00,031,0524,0,4865,63,4928,6611,0,2,1,2,0,1,0,0.00,74.54 ,50
03,011,00,031,0525,0,967,12,979,1262,0,2,1,2,0,1,0,0.00,77.58 ,50
03,011,00,031,0526,0,1433,11,1444,1841,0,2,1,2,0,1,0,0.00,78.44 ,50
03,011,00,031,0527,0,1755,14,1769,2372,0,2,1,2,0,1,0,0.00,74.58 ,50
03,011,00,031,0528,0,1176,6,1182,1603,0,2,1,2,0,1,0,0.00,73.74 ,50
03,011,00,031,0529,0,2065,18,2083,2724,0,2,1,2,0,1,0,0.00,76.47 ,50
03,011,00,031,0530,0,3001,31,3032,4038,0,2,1,2,0,1,0,0.00,75.09 ,50
03,012,00,001,0001,0,1125,10,1135,1452,0,2,1,2,0,1,0,0.00,78.17 ,50
03,012,00,001,0002,0,688,6,694,903,0,2,1,2,0,1,0,0.00,76.85 ,50
03,012,00,001,0003,0,1793,13,1806,2347,0,2,1,2,0,1,0,0.00,76.95 ,50
03,012,00,001,0004,0,3972,32,4004,5238,0,2,1,2,0,1,0,0.00,76.44 ,50
03,012,00,001,0005,0,3172,40,3212,4165,0,2,1,2,0,1,0,0.00,77.12 ,50
03,012,00,001,0006,0,4406,38,4444,5811,0,2,1,2,0,1,0,0.00,76.48 ,50
03,012,00,001,0007,0,1819,11,1830,2336,0,2,1,2,0,1,0,0.00,78.34 ,50
03,012,00,001,0008,0,1635,11,1646,2098,0,2,1,2,0,1,0,0.00,78.46 ,50
03,012,00,001,0009,0,3324,32,3356,4254,0,2,1,2,0,1,0,0.00,78.89 ,50
03,012,00,001,0010,0,3359,28,3387,4323,0,2,1,2,0,1,0,0.00,78.35 ,50
03,012,00,001,0011,0,6437,47,6484,8540,0,2,1,2,0,1,0,0.00,75.93 ,50
03,012,00,001,0012,0,759,9,768,950,0,2,1,2,0,1,0,0.00,80.84 ,50
03,012,00,001,0013,0,441,2,443,547,0,2,1,2,0,1,0,0.00,80.99 ,50
03,012,00,001,0014,0,1178,5,1183,1476,0,2,1,2,0,1,0,0.00,80.15 ,50
03,012,00,001,0015,0,1283,14,1297,1661,0,2,1,2,0,1,0,0.00,78.09 ,50
03,012,00,001,0016,0,3660,30,3690,4711,0,2,1,2,0,1,0,0.00,78.33 ,50
03,012,00,001,0017,0,804,0,804,1067,0,2,1,2,0,1,0,0.00,75.35 ,50
03,012,00,001,0018,0,921,11,932,1172,0,2,1,2,0,1,0,0.00,79.52 ,50
03,012,00,001,0019,0,926,8,934,1142,0,2,1,2,0,1,0,0.00,81.79 ,50
03,012,00,001,0020,0,2964,23,2987,3831,0,2,1,2,0,1,0,0.00,77.97 ,50
03,012,00,001,0021,0,672,5,677,853,0,2,1,2,0,1,0,0.00,79.37 ,50
03,012,00,001,0022,0,2815,35,2850,3588,0,2,1,2,0,1,0,0.00,79.43 ,50
03,012,00,001,0023,0,2366,19,2385,3105,0,2,1,2,0,1,0,0.00,76.81 ,50
03,012,00,001,0024,0,3609,25,3634,4575,0,2,1,2,0,1,0,0.00,79.43 ,50
03,012,00,001,0025,0,2530,15,2545,3269,0,2,1,2,0,1,0,0.00,77.85 ,50
03,012,00,001,0026,0,894,4,898,1157,0,2,1,2,0,1,0,0.00,77.61 ,50
03,012,00,001,0027,0,494,4,498,642,0,2,1,2,0,1,0,0.00,77.57 ,50
03,012,00,001,0028,0,1154,9,1163,1462,0,2,1,2,0,1,0,0.00,79.55 ,50
03,012,00,001,0029,0,1753,19,1772,2313,0,2,1,2,0,1,0,0.00,76.61 ,50
03,012,00,001,0030,0,3670,23,3693,4753,0,2,1,2,0,1,0,0.00,77.70 ,50
03,012,00,001,0031,0,1837,16,1853,2337,0,2,1,2,0,1,0,0.00,79.29 ,50
03,012,00,001,0032,0,2643,23,2666,3442,0,2,1,2,0,1,0,0.00,77.45 ,50
03,012,00,001,0033,0,3750,22,3772,5012,0,2,1,2,0,1,0,0.00,75.26 ,50
03,012,00,001,0034,0,2835,31,2866,3629,0,2,1,2,0,1,0,0.00,78.97 ,50
03,012,00,001,0035,0,3293,34,3327,4270,0,2,1,2,0,1,0,0.00,77.92 ,50
03,012,00,001,0036,0,810,15,825,1025,0,2,1,2,0,1,0,0.00,80.49 ,50
03,012,00,001,0037,0,1709,15,1724,2196,0,2,1,2,0,1,0,0.00,78.51 ,50
03,012,00,001,0038,0,3269,30,3299,4178,0,2,1,2,0,1,0,0.00,78.96 ,50
03,012,00,001,0039,0,2213,21,2234,2763,0,2,1,2,0,1,0,0.00,80.85 ,50
03,012,00,001,0040,0,2847,20,2867,3669,0,2,1,2,0,1,0,0.00,78.14 ,50
03,012,00,001,0041,0,3195,23,3218,4111,0,2,1,2,0,1,0,0.00,78.28 ,50
03,012,00,001,0042,0,2599,15,2614,3466,0,2,1,2,0,1,0,0.00,75.42 ,50
03,012,00,001,0043,0,3996,58,4054,5343,0,2,1,2,0,1,0,0.00,75.87 ,50
03,012,00,001,0044,0,5471,56,5527,7401,0,2,1,2,0,1,0,0.00,74.68 ,50
03,012,00,001,0045,0,2362,15,2377,3039,0,2,1,2,0,1,0,0.00,78.22 ,50
03,012,00,001,0046,0,4056,36,4092,5406,0,2,1,2,0,1,0,0.00,75.69 ,50
03,012,00,001,0047,0,4804,62,4866,6497,0,2,1,2,0,1,0,0.00,74.90 ,50
03,012,00,001,0048,0,1731,18,1749,2215,0,2,1,2,0,1,0,0.00,78.96 ,50
03,012,00,001,0049,0,3997,39,4036,5279,0,2,1,2,0,1,0,0.00,76.45 ,50
03,012,00,001,0050,0,4312,55,4367,5750,0,2,1,2,0,1,0,0.00,75.95 ,50
03,012,00,001,0051,0,4327,55,4382,5675,0,2,1,2,0,1,0,0.00,77.22 ,50
03,012,00,001,0052,0,5275,57,5332,6986,0,2,1,2,0,1,0,0.00,76.32 ,50
03,012,00,001,0053,0,4319,64,4383,5673,0,2,1,2,0,1,0,0.00,77.26 ,50
03,012,00,001,0054,0,2592,20,2612,3531,0,2,1,2,0,1,0,0.00,73.97 ,50
03,012,00,001,0055,0,2195,21,2216,2921,0,2,1,2,0,1,0,0.00,75.86 ,50
03,012,00,001,0056,0,2488,24,2512,3288,0,2,1,2,0,1,0,0.00,76.40 ,50
03,012,00,001,0057,0,4057,22,4079,5362,0,2,1,2,0,1,0,0.00,76.07 ,50
03,012,00,001,0058,0,3280,31,3311,4496,0,2,1,2,0,1,0,0.00,73.64 ,50
03,012,00,002,0059,0,3680,24,3704,4788,0,2,1,2,0,1,0,0.00,77.36 ,50
03,012,00,002,0060,0,3057,32,3089,4093,0,2,1,2,0,1,0,0.00,75.47 ,50
03,012,00,002,0061,0,3247,27,3274,4389,0,2,1,2,0,1,0,0.00,74.60 ,50
03,012,00,002,0062,0,1639,17,1656,2147,0,2,1,2,0,1,0,0.00,77.13 ,50
03,012,00,002,0063,0,1862,24,1886,2489,0,2,1,2,0,1,0,0.00,75.77 ,50
03,012,00,002,0064,0,1341,17,1358,1724,0,2,1,2,0,1,0,0.00,78.77 ,50
03,012,00,002,0065,0,3649,50,3699,4794,0,2,1,2,0,1,0,0.00,77.16 ,50
03,012,00,002,0066,0,960,11,971,1264,0,2,1,2,0,1,0,0.00,76.82 ,50
03,012,00,002,0067,0,1109,11,1120,1427,0,2,1,2,0,1,0,0.00,78.49 ,50
03,012,00,002,0068,0,1428,14,1442,1807,0,2,1,2,0,1,0,0.00,79.80 ,50
03,012,00,002,0069,0,2135,21,2156,2786,0,2,1,2,0,1,0,0.00,77.39 ,50
03,012,00,002,0070,0,1160,20,1180,1525,0,2,1,2,0,1,0,0.00,77.38 ,50
03,012,00,002,0071,0,874,11,885,1144,0,2,1,2,0,1,0,0.00,77.36 ,50
03,012,00,002,0072,0,1759,17,1776,2368,0,2,1,2,0,1,0,0.00,75.00 ,50
03,012,00,002,0073,0,1209,10,1219,1640,0,2,1,2,0,1,0,0.00,74.33 ,50
03,012,00,002,0074,0,1188,9,1197,1558,0,2,1,2,0,1,0,0.00,76.83 ,50
03,012,00,002,0075,0,665,9,674,895,0,2,1,2,0,1,0,0.00,75.31 ,50
03,012,00,002,0076,0,574,7,581,823,0,2,1,2,0,1,0,0.00,70.60 ,50
03,012,00,002,0077,0,2541,29,2570,3672,0,2,1,2,0,1,0,0.00,69.99 ,50
03,012,00,003,0078,0,1490,18,1508,1865,0,2,1,2,0,1,0,0.00,80.86 ,50
03,012,00,003,0079,0,998,7,1005,1233,0,2,1,2,0,1,0,0.00,81.51 ,50
03,012,00,003,0080,0,1103,12,1115,1404,0,2,1,2,0,1,0,0.00,79.42 ,50
03,012,00,003,0081,0,5838,65,5903,7398,0,2,1,2,0,1,0,0.00,79.79 ,50
03,012,00,003,0082,0,3085,47,3132,4105,0,2,1,2,0,1,0,0.00,76.30 ,50
03,012,00,003,0083,0,1451,11,1462,1828,0,2,1,2,0,1,0,0.00,79.98 ,50
03,012,00,003,0084,0,1512,12,1524,1878,0,2,1,2,0,1,0,0.00,81.15 ,50
03,012,00,003,0085,0,2168,20,2188,2748,0,2,1,2,0,1,0,0.00,79.62 ,50
03,012,00,003,0086,0,4288,50,4338,5524,0,2,1,2,0,1,0,0.00,78.53 ,50
03,012,00,003,0087,0,2086,25,2111,2662,0,2,1,2,0,1,0,0.00,79.30 ,50
03,012,00,003,0088,0,1852,15,1867,2299,0,2,1,2,0,1,0,0.00,81.21 ,50
03,012,00,003,0089,0,3303,39,3342,4153,0,2,1,2,0,1,0,0.00,80.47 ,50
03,012,00,003,0090,0,3716,37,3753,4674,0,2,1,2,0,1,0,0.00,80.30 ,50
03,012,00,003,0091,0,3542,38,3580,4531,0,2,1,2,0,1,0,0.00,79.01 ,50
03,012,00,003,0092,0,3242,28,3270,4166,0,2,1,2,0,1,0,0.00,78.49 ,50
03,012,00,003,0093,0,2726,21,2747,3475,0,2,1,2,0,1,0,0.00,79.05 ,50
03,012,00,003,0094,0,1358,10,1368,1805,0,2,1,2,0,1,0,0.00,75.79 ,50
03,012,00,003,0095,0,3405,38,3443,4563,0,2,1,2,0,1,0,0.00,75.45 ,50
03,012,00,003,0096,0,876,3,879,1088,0,2,1,2,0,1,0,0.00,80.79 ,50
03,012,00,003,0097,0,1838,14,1852,2575,0,2,1,2,0,1,0,0.00,71.92 ,50
03,012,00,003,0098,0,922,10,932,1240,0,2,1,2,0,1,0,0.00,75.16 ,50
03,012,00,003,0099,0,1039,14,1053,1334,0,2,1,2,0,1,0,0.00,78.94 ,50
03,012,00,003,0100,0,1970,12,1982,2477,0,2,1,2,0,1,0,0.00,80.02 ,50
03,012,00,003,0101,0,921,14,935,1166,0,2,1,2,0,1,0,0.00,80.19 ,50
03,012,00,003,0102,0,2061,25,2086,2680,0,2,1,2,0,1,0,0.00,77.84 ,50
03,012,00,003,0103,0,1286,18,1304,1732,0,2,1,2,0,1,0,0.00,75.29 ,50
03,012,00,004,0104,0,1513,15,1528,1904,0,2,1,2,0,1,0,0.00,80.25 ,50
03,012,00,004,0105,0,2379,17,2396,3017,0,2,1,2,0,1,0,0.00,79.42 ,50
03,012,00,004,0106,0,3167,35,3202,3969,0,2,1,2,0,1,0,0.00,80.68 ,50
03,012,00,004,0107,0,1587,16,1603,2093,0,2,1,2,0,1,0,0.00,76.59 ,50
03,012,00,004,0108,0,1802,16,1818,2264,0,2,1,2,0,1,0,0.00,80.30 ,50
03,012,00,004,0109,0,1230,13,1243,1534,0,2,1,2,0,1,0,0.00,81.03 ,50
03,012,00,004,0110,0,875,6,881,1124,0,2,1,2,0,1,0,0.00,78.38 ,50
03,012,00,004,0111,0,1232,11,1243,1549,0,2,1,2,0,1,0,0.00,80.25 ,50
03,012,00,004,0112,0,1641,14,1655,2224,0,2,1,2,0,1,0,0.00,74.42 ,50
03,012,00,004,0113,0,2252,14,2266,2956,0,2,1,2,0,1,0,0.00,76.66 ,50
03,012,00,004,0114,0,780,5,785,1024,0,2,1,2,0,1,0,0.00,76.66 ,50
03,012,00,004,0115,0,746,6,752,955,0,2,1,2,0,1,0,0.00,78.74 ,50
03,012,00,004,0116,0,784,5,789,1009,0,2,1,2,0,1,0,0.00,78.20 ,50
03,012,00,004,0117,0,664,5,669,906,0,2,1,2,0,1,0,0.00,73.84 ,50
03,012,00,004,0118,0,909,5,914,1210,0,2,1,2,0,1,0,0.00,75.54 ,50
03,012,00,004,0119,0,1467,11,1478,1860,0,2,1,2,0,1,0,0.00,79.46 ,50
03,012,00,004,0120,0,1324,17,1341,1737,0,2,1,2,0,1,0,0.00,77.20 ,50
03,012,00,004,0121,0,532,7,539,691,0,2,1,2,0,1,0,0.00,78.00 ,50
03,012,00,005,0122,0,680,13,693,867,0,2,1,2,0,1,0,0.00,79.93 ,50
03,012,00,005,0123,0,1150,4,1154,1483,0,2,1,2,0,1,0,0.00,77.82 ,50
03,012,00,005,0124,0,4481,30,4511,5823,0,2,1,2,0,1,0,0.00,77.47 ,50
03,012,00,005,0125,0,1913,26,1939,2417,0,2,1,2,0,1,0,0.00,80.22 ,50
03,012,00,005,0126,0,3155,26,3181,4054,0,2,1,2,0,1,0,0.00,78.47 ,50
03,012,00,005,0127,0,2119,28,2147,2822,0,2,1,2,0,1,0,0.00,76.08 ,50
03,012,00,005,0128,0,1801,19,1820,2295,0,2,1,2,0,1,0,0.00,79.30 ,50
03,012,00,005,0129,0,1036,9,1045,1271,0,2,1,2,0,1,0,0.00,82.22 ,50
03,012,00,006,0130,0,2747,34,2781,3579,0,2,1,2,0,1,0,0.00,77.70 ,50
03,012,00,006,0131,0,2080,26,2106,2642,0,2,1,2,0,1,0,0.00,79.71 ,50
03,012,00,006,0132,0,1341,10,1351,1756,0,2,1,2,0,1,0,0.00,76.94 ,50
03,012,00,006,0133,0,2543,24,2567,3311,0,2,1,2,0,1,0,0.00,77.53 ,50
03,012,00,006,0134,0,3205,44,3249,4225,0,2,1,2,0,1,0,0.00,76.90 ,50
03,012,00,006,0135,0,1271,14,1285,1605,0,2,1,2,0,1,0,0.00,80.06 ,50
03,012,00,006,0136,0,899,5,904,1203,0,2,1,2,0,1,0,0.00,75.15 ,50
03,012,00,006,0137,0,3644,43,3687,4788,0,2,1,2,0,1,0,0.00,77.01 ,50
03,012,00,006,0138,0,2594,34,2628,3360,0,2,1,2,0,1,0,0.00,78.21 ,50
03,012,00,006,0139,0,1753,23,1776,2318,0,2,1,2,0,1,0,0.00,76.62 ,50
03,012,00,006,0140,0,372,3,375,473,0,2,1,2,0,1,0,0.00,79.28 ,50
03,012,00,007,0141,0,4055,25,4080,5308,0,2,1,2,0,1,0,0.00,76.87 ,50
03,012,00,007,0142,0,1241,9,1250,1542,0,2,1,2,0,1,0,0.00,81.06 ,50
03,012,00,007,0143,0,4332,34,4366,5598,0,2,1,2,0,1,0,0.00,77.99 ,50
03,012,00,007,0144,0,1764,19,1783,2216,0,2,1,2,0,1,0,0.00,80.46 ,50
03,012,00,007,0145,0,3748,35,3783,4858,0,2,1,2,0,1,0,0.00,77.87 ,50
03,012,00,007,0146,0,2132,22,2154,2733,0,2,1,2,0,1,0,0.00,78.81 ,50
03,012,00,007,0147,0,451,1,452,558,0,2,1,2,0,1,0,0.00,81.00 ,50
03,012,00,008,0148,0,2427,24,2451,3082,0,2,1,2,0,1,0,0.00,79.53 ,50
03,012,00,008,0149,0,1068,5,1073,1364,0,2,1,2,0,1,0,0.00,78.67 ,50
03,012,00,008,0150,0,2204,22,2226,2798,0,2,1,2,0,1,0,0.00,79.56 ,50
03,012,00,008,0151,0,1088,11,1099,1414,0,2,1,2,0,1,0,0.00,77.72 ,50
03,012,00,008,0152,0,898,11,909,1145,0,2,1,2,0,1,0,0.00,79.39 ,50
03,012,00,008,0153,0,912,8,920,1130,0,2,1,2,0,1,0,0.00,81.42 ,50
03,012,00,008,0154,0,1429,14,1443,1815,0,2,1,2,0,1,0,0.00,79.50 ,50
03,012,00,008,0155,0,2030,11,2041,2549,0,2,1,2,0,1,0,0.00,80.07 ,50
03,012,00,008,0156,0,1922,25,1947,2492,0,2,1,2,0,1,0,0.00,78.13 ,50
03,012,00,008,0157,0,2140,16,2156,2763,0,2,1,2,0,1,0,0.00,78.03 ,50
03,012,00,008,0158,0,2032,17,2049,2516,0,2,1,2,0,1,0,0.00,81.44 ,50
03,012,00,008,0159,0,468,4,472,544,0,2,1,2,0,1,0,0.00,86.76 ,50
03,012,00,008,0160,0,1968,12,1980,2489,0,2,1,2,0,1,0,0.00,79.55 ,50
03,012,00,008,0161,0,1241,6,1247,1469,0,2,1,2,0,1,0,0.00,84.89 ,50
03,012,00,008,0162,0,2613,13,2626,3167,0,2,1,2,0,1,0,0.00,82.92 ,50
03,012,00,008,0163,0,2402,18,2420,2948,0,2,1,2,0,1,0,0.00,82.09 ,50
03,012,00,008,0164,0,951,10,961,1157,0,2,1,2,0,1,0,0.00,83.06 ,50
03,012,00,008,0165,0,3057,20,3077,3848,0,2,1,2,0,1,0,0.00,79.96 ,50
03,012,00,008,0166,0,1401,12,1413,1780,0,2,1,2,0,1,0,0.00,79.38 ,50
03,012,00,008,0167,0,990,10,1000,1203,0,2,1,2,0,1,0,0.00,83.13 ,50
03,012,00,008,0168,0,569,4,573,685,0,2,1,2,0,1,0,0.00,83.65 ,50
03,012,00,008,0169,0,941,13,954,1187,0,2,1,2,0,1,0,0.00,80.37 ,50
03,012,00,008,0170,0,765,7,772,975,0,2,1,2,0,1,0,0.00,79.18 ,50
03,012,00,008,0171,0,2392,26,2418,2972,0,2,1,2,0,1,0,0.00,81.36 ,50
03,012,00,008,0172,0,1226,19,1245,1464,0,2,1,2,0,1,0,0.00,85.04 ,50
03,012,00,008,0173,0,582,7,589,710,0,2,1,2,0,1,0,0.00,82.96 ,50
03,012,00,008,0174,0,1052,6,1058,1247,0,2,1,2,0,1,0,0.00,84.84 ,50
03,012,00,008,0175,0,558,3,561,690,0,2,1,2,0,1,0,0.00,81.30 ,50
03,012,00,008,0176,0,695,11,706,865,0,2,1,2,0,1,0,0.00,81.62 ,50
03,012,00,008,0177,0,780,4,784,987,0,2,1,2,0,1,0,0.00,79.43 ,50
03,012,00,008,0178,0,733,5,738,942,0,2,1,2,0,1,0,0.00,78.34 ,50
03,012,00,008,0179,0,1719,14,1733,2165,0,2,1,2,0,1,0,0.00,80.05 ,50
03,012,00,008,0180,0,1117,15,1132,1418,0,2,1,2,0,1,0,0.00,79.83 ,50
03,012,00,008,0181,0,1161,15,1176,1457,0,2,1,2,0,1,0,0.00,80.71 ,50
03,012,00,008,0182,0,381,3,384,470,0,2,1,2,0,1,0,0.00,81.70 ,50
03,012,00,009,0183,0,1220,7,1227,1504,0,2,1,2,0,1,0,0.00,81.58 ,50
03,012,00,009,0184,0,771,1,772,915,0,2,1,2,0,1,0,0.00,84.37 ,50
03,012,00,009,0185,0,288,0,288,356,0,2,1,2,0,1,0,0.00,80.90 ,50
03,012,00,009,0186,0,1801,14,1815,2217,0,2,1,2,0,1,0,0.00,81.87 ,50
03,012,00,009,0187,0,1590,19,1609,1969,0,2,1,2,0,1,0,0.00,81.72 ,50
03,012,00,009,0188,0,2162,23,2185,2678,0,2,1,2,0,1,0,0.00,81.59 ,50
03,012,00,009,0189,0,1027,15,1042,1246,0,2,1,2,0,1,0,0.00,83.63 ,50
03,012,00,009,0190,0,1558,19,1577,1907,0,2,1,2,0,1,0,0.00,82.70 ,50
03,012,00,009,0191,0,1652,21,1673,2026,0,2,1,2,0,1,0,0.00,82.58 ,50
03,012,00,009,0192,0,710,8,718,887,0,2,1,2,0,1,0,0.00,80.95 ,50
03,012,00,009,0193,0,1824,18,1842,2244,0,2,1,2,0,1,0,0.00,82.09 ,50
03,012,00,009,0194,0,1431,14,1445,1745,0,2,1,2,0,1,0,0.00,82.81 ,50
03,012,00,009,0195,0,1212,13,1225,1462,0,2,1,2,0,1,0,0.00,83.79 ,50
03,012,00,009,0196,0,1575,14,1589,1950,0,2,1,2,0,1,0,0.00,81.49 ,50
03,012,00,009,0197,0,696,13,709,866,0,2,1,2,0,1,0,0.00,81.87 ,50
03,012,00,009,0198,0,1060,11,1071,1304,0,2,1,2,0,1,0,0.00,82.13 ,50
03,012,00,009,0199,0,508,6,514,611,0,2,1,2,0,1,0,0.00,84.12 ,50
03,012,00,010,0200,0,366,0,366,439,0,2,1,2,0,1,0,0.00,83.37 ,50
03,012,00,010,0201,0,819,8,827,1042,0,2,1,2,0,1,0,0.00,79.37 ,50
03,012,00,010,0202,0,1654,21,1675,2056,0,2,1,2,0,1,0,0.00,81.47 ,50
03,012,00,010,0203,0,2222,22,2244,2794,0,2,1,2,0,1,0,0.00,80.31 ,50
03,012,00,010,0204,0,1949,25,1974,2446,0,2,1,2,0,1,0,0.00,80.70 ,50
03,012,00,010,0205,0,1219,13,1232,1514,0,2,1,2,0,1,0,0.00,81.37 ,50
03,012,00,010,0206,0,3239,46,3285,4309,0,2,1,2,0,1,0,0.00,76.24 ,50
03,012,00,010,0207,0,1623,19,1642,2048,0,2,1,2,0,1,0,0.00,80.18 ,50
03,012,00,010,0208,0,1763,22,1785,2201,0,2,1,2,0,1,0,0.00,81.10 ,50
03,012,00,010,0209,0,1378,12,1390,1764,0,2,1,2,0,1,0,0.00,78.80 ,50
03,012,00,010,0210,0,1891,22,1913,2533,0,2,1,2,0,1,0,0.00,75.52 ,50
03,012,00,011,0211,0,277,6,283,384,0,2,1,2,0,1,0,0.00,73.70 ,50
03,012,00,011,0212,0,496,6,502,694,0,2,1,2,0,1,0,0.00,72.33 ,50
03,012,00,011,0213,0,771,6,777,1017,0,2,1,2,0,1,0,0.00,76.40 ,50
03,012,00,011,0214,0,298,4,302,427,0,2,1,2,0,1,0,0.00,70.73 ,50
03,012,00,011,0215,0,719,7,726,972,0,2,1,2,0,1,0,0.00,74.69 ,50
03,012,00,011,0216,0,1016,2,1018,1400,0,2,1,2,0,1,0,0.00,72.71 ,50
03,012,00,011,0217,0,298,6,304,441,0,2,1,2,0,1,0,0.00,68.93 ,50
03,012,00,011,0218,0,293,5,298,436,0,2,1,2,0,1,0,0.00,68.35 ,50
03,012,00,011,0219,0,522,6,528,693,0,2,1,2,0,1,0,0.00,76.19 ,50
03,012,00,011,0220,0,1027,10,1037,1300,0,2,1,2,0,1,0,0.00,79.77 ,50
03,012,00,012,0221,0,2821,21,2842,3670,0,2,1,2,0,1,0,0.00,77.44 ,50
03,012,00,012,0222,0,1980,18,1998,2512,0,2,1,2,0,1,0,0.00,79.54 ,50
03,012,00,012,0223,0,1732,16,1748,2219,0,2,1,2,0,1,0,0.00,78.77 ,50
03,012,00,012,0224,0,1429,15,1444,1834,0,2,1,2,0,1,0,0.00,78.74 ,50
03,012,00,012,0225,0,1000,13,1013,1293,0,2,1,2,0,1,0,0.00,78.34 ,50
03,012,00,012,0226,0,956,8,964,1222,0,2,1,2,0,1,0,0.00,78.89 ,50
03,012,00,012,0227,0,1452,8,1460,1791,0,2,1,2,0,1,0,0.00,81.52 ,50
03,012,00,012,0228,0,850,9,859,1071,0,2,1,2,0,1,0,0.00,80.21 ,50
03,012,00,012,0229,0,1240,15,1255,1543,0,2,1,2,0,1,0,0.00,81.34 ,50
03,012,00,012,0230,0,543,6,549,655,0,2,1,2,0,1,0,0.00,83.82 ,50
03,012,00,012,0231,0,1161,8,1169,1450,0,2,1,2,0,1,0,0.00,80.62 ,50
03,012,00,012,0232,0,749,7,756,911,0,2,1,2,0,1,0,0.00,82.99 ,50
03,012,00,013,0233,0,1367,12,1379,1636,0,2,1,2,0,1,0,0.00,84.29 ,50
03,012,00,013,0234,0,2022,13,2035,2399,0,2,1,2,0,1,0,0.00,84.83 ,50
03,012,00,013,0235,0,2019,15,2034,2643,0,2,1,2,0,1,0,0.00,76.96 ,50
03,012,00,013,0236,0,1475,10,1485,1781,0,2,1,2,0,1,0,0.00,83.38 ,50
03,012,00,013,0237,0,1208,9,1217,1471,0,2,1,2,0,1,0,0.00,82.73 ,50
03,012,00,013,0238,0,793,1,794,964,0,2,1,2,0,1,0,0.00,82.37 ,50
03,012,00,013,0239,0,1754,20,1774,2126,0,2,1,2,0,1,0,0.00,83.44 ,50
03,012,00,013,0240,0,2337,23,2360,2885,0,2,1,2,0,1,0,0.00,81.80 ,50
03,012,00,013,0241,0,1908,11,1919,2381,0,2,1,2,0,1,0,0.00,80.60 ,50
03,012,00,013,0242,0,1975,22,1997,2511,0,2,1,2,0,1,0,0.00,79.53 ,50
03,012,00,013,0243,0,1622,7,1629,1958,0,2,1,2,0,1,0,0.00,83.20 ,50
03,012,00,013,0244,0,1513,14,1527,1860,0,2,1,2,0,1,0,0.00,82.10 ,50
03,012,00,013,0245,0,1901,22,1923,2259,0,2,1,2,0,1,0,0.00,85.13 ,50
03,012,00,013,0246,0,1584,20,1604,1968,0,2,1,2,0,1,0,0.00,81.50 ,50
03,012,00,013,0247,0,920,6,926,1157,0,2,1,2,0,1,0,0.00,80.03 ,50
03,012,00,013,0248,0,938,4,942,1111,0,2,1,2,0,1,0,0.00,84.79 ,50
03,012,00,013,0249,0,677,12,689,836,0,2,1,2,0,1,0,0.00,82.42 ,50
03,012,00,013,0250,0,830,5,835,977,0,2,1,2,0,1,0,0.00,85.47 ,50
03,012,00,013,0251,0,684,8,692,823,0,2,1,2,0,1,0,0.00,84.08 ,50
03,012,00,013,0252,0,1033,9,1042,1254,0,2,1,2,0,1,0,0.00,83.09 ,50
03,012,00,014,0253,0,1741,12,1753,2122,0,2,1,2,0,1,0,0.00,82.61 ,50
03,012,00,014,0254,0,829,6,835,1008,0,2,1,2,0,1,0,0.00,82.84 ,50
03,012,00,014,0255,0,2498,26,2524,3259,0,2,1,2,0,1,0,0.00,77.45 ,50
03,012,00,014,0256,0,1247,9,1256,1609,0,2,1,2,0,1,0,0.00,78.06 ,50
03,012,00,014,0257,0,929,7,936,1162,0,2,1,2,0,1,0,0.00,80.55 ,50
03,012,00,014,0258,0,845,6,851,1093,0,2,1,2,0,1,0,0.00,77.86 ,50
03,012,00,014,0259,0,621,6,627,816,0,2,1,2,0,1,0,0.00,76.84 ,50
03,012,00,014,0260,0,1055,6,1061,1337,0,2,1,2,0,1,0,0.00,79.36 ,50
03,012,00,014,0261,0,1230,12,1242,1560,0,2,1,2,0,1,0,0.00,79.62 ,50
03,012,00,014,0262,0,840,12,852,1091,0,2,1,2,0,1,0,0.00,78.09 ,50
03,012,00,014,0263,0,1426,12,1438,1877,0,2,1,2,0,1,0,0.00,76.61 ,50
03,012,00,014,0264,0,644,6,650,847,0,2,1,2,0,1,0,0.00,76.74 ,50
03,012,00,014,0265,0,585,1,586,721,0,2,1,2,0,1,0,0.00,81.28 ,50
03,012,00,015,0266,0,797,9,806,1039,0,2,1,2,0,1,0,0.00,77.57 ,50
03,012,00,015,0267,0,681,11,692,868,0,2,1,2,0,1,0,0.00,79.72 ,50
03,012,00,015,0268,0,1196,12,1208,1560,0,2,1,2,0,1,0,0.00,77.44 ,50
03,012,00,015,0269,0,1824,16,1840,2430,0,2,1,2,0,1,0,0.00,75.72 ,50
03,012,00,015,0270,0,972,8,980,1271,0,2,1,2,0,1,0,0.00,77.10 ,50
03,012,00,015,0271,0,1390,12,1402,1795,0,2,1,2,0,1,0,0.00,78.11 ,50
03,012,00,015,0272,0,962,8,970,1274,0,2,1,2,0,1,0,0.00,76.14 ,50
03,012,00,015,0273,0,807,10,817,1101,0,2,1,2,0,1,0,0.00,74.21 ,50
03,012,00,015,0274,0,898,9,907,1188,0,2,1,2,0,1,0,0.00,76.35 ,50
03,012,00,015,0275,0,987,9,996,1291,0,2,1,2,0,1,0,0.00,77.15 ,50
03,012,00,015,0276,0,2029,16,2045,2690,0,2,1,2,0,1,0,0.00,76.02 ,50
03,012,00,015,0277,0,882,7,889,1151,0,2,1,2,0,1,0,0.00,77.24 ,50
03,012,00,015,0278,0,757,9,766,1036,0,2,1,2,0,1,0,0.00,73.94 ,50
03,012,00,015,0279,0,876,10,886,1139,0,2,1,2,0,1,0,0.00,77.79 ,50
03,012,00,015,0280,0,2047,22,2069,2691,0,2,1,2,0,1,0,0.00,76.89 ,50
03,012,00,016,0281,0,1085,5,1090,1363,0,2,1,2,0,1,0,0.00,79.97 ,50
03,012,00,016,0282,0,1230,6,1236,1550,0,2,1,2,0,1,0,0.00,79.74 ,50
03,012,00,016,0283,0,1636,17,1653,2108,0,2,1,2,0,1,0,0.00,78.42 ,50
03,012,00,016,0284,0,326,4,330,440,0,2,1,2,0,1,0,0.00,75.00 ,50
03,012,00,016,0285,0,1239,13,1252,1558,0,2,1,2,0,1,0,0.00,80.36 ,50
03,012,00,016,0286,0,1633,14,1647,2089,0,2,1,2,0,1,0,0.00,78.84 ,50
03,012,00,017,0287,0,1073,15,1088,1337,0,2,1,2,0,1,0,0.00,81.38 ,50
03,012,00,017,0288,0,1326,15,1341,1694,0,2,1,2,0,1,0,0.00,79.16 ,50
03,012,00,017,0289,0,1450,18,1468,1750,0,2,1,2,0,1,0,0.00,83.89 ,50
03,012,00,017,0290,0,705,6,711,845,0,2,1,2,0,1,0,0.00,84.14 ,50
03,012,00,017,0291,0,789,10,799,997,0,2,1,2,0,1,0,0.00,80.14 ,50
03,012,00,017,0292,0,1385,14,1399,1710,0,2,1,2,0,1,0,0.00,81.81 ,50
03,012,00,017,0293,0,461,5,466,567,0,2,1,2,0,1,0,0.00,82.19 ,50
03,012,00,017,0294,0,570,8,578,723,0,2,1,2,0,1,0,0.00,79.94 ,50
03,012,00,017,0295,0,1166,14,1180,1428,0,2,1,2,0,1,0,0.00,82.63 ,50
03,012,00,017,0296,0,630,6,636,791,0,2,1,2,0,1,0,0.00,80.40 ,50
03,012,00,017,0297,0,767,5,772,907,0,2,1,2,0,1,0,0.00,85.12 ,50
03,012,00,017,0298,0,1475,19,1494,1825,0,2,1,2,0,1,0,0.00,81.86 ,50
03,012,00,018,0299,0,1396,25,1421,1736,0,2,1,2,0,1,0,0.00,81.85 ,50
03,012,00,018,0300,0,1553,16,1569,1944,0,2,1,2,0,1,0,0.00,80.71 ,50
03,012,00,018,0301,0,1700,20,1720,2126,0,2,1,2,0,1,0,0.00,80.90 ,50
03,012,00,018,0302,0,848,9,857,1016,0,2,1,2,0,1,0,0.00,84.35 ,50
03,012,00,018,0303,0,719,7,726,874,0,2,1,2,0,1,0,0.00,83.07 ,50
03,012,00,018,0304,0,633,6,639,783,0,2,1,2,0,1,0,0.00,81.61 ,50
03,012,00,018,0305,0,2513,26,2539,3188,0,2,1,2,0,1,0,0.00,79.64 ,50
03,012,00,018,0306,0,1517,8,1525,1907,0,2,1,2,0,1,0,0.00,79.97 ,50
03,012,00,018,0307,0,1949,20,1969,2423,0,2,1,2,0,1,0,0.00,81.26 ,50
03,012,00,018,0308,0,473,3,476,636,0,2,1,2,0,1,0,0.00,74.84 ,50
03,012,00,018,0309,0,1731,21,1752,2265,0,2,1,2,0,1,0,0.00,77.35 ,50
03,012,00,018,0310,0,1489,25,1514,1936,0,2,1,2,0,1,0,0.00,78.20 ,50
03,012,00,018,0311,0,882,8,890,1192,0,2,1,2,0,1,0,0.00,74.66 ,50
03,012,00,018,0312,0,1683,21,1704,2122,0,2,1,2,0,1,0,0.00,80.30 ,50
03,012,00,018,0313,0,1567,15,1582,1892,0,2,1,2,0,1,0,0.00,83.62 ,50
03,012,00,019,0314,0,1767,18,1785,2319,0,2,1,2,0,1,0,0.00,76.97 ,50
03,012,00,019,0315,0,1876,17,1893,2452,0,2,1,2,0,1,0,0.00,77.20 ,50
03,012,00,019,0316,0,684,3,687,903,0,2,1,2,0,1,0,0.00,76.08 ,50
03,012,00,019,0317,0,488,5,493,632,0,2,1,2,0,1,0,0.00,78.01 ,50
03,012,00,019,0318,0,734,6,740,919,0,2,1,2,0,1,0,0.00,80.52 ,50
03,012,00,019,0319,0,487,8,495,674,0,2,1,2,0,1,0,0.00,73.44 ,50
03,012,00,019,0320,0,402,1,403,497,0,2,1,2,0,1,0,0.00,81.09 ,50
03,012,00,019,0321,0,1383,12,1395,1872,0,2,1,2,0,1,0,0.00,74.52 ,50
03,012,00,019,0322,0,2202,24,2226,2814,0,2,1,2,0,1,0,0.00,79.10 ,50
03,012,00,019,0323,0,1328,20,1348,1819,0,2,1,2,0,1,0,0.00,74.11 ,50
03,012,00,019,0324,0,1400,14,1414,1865,0,2,1,2,0,1,0,0.00,75.82 ,50
03,012,00,019,0325,0,1112,15,1127,1519,0,2,1,2,0,1,0,0.00,74.19 ,50
03,012,00,019,0326,0,1285,5,1290,1686,0,2,1,2,0,1,0,0.00,76.51 ,50
03,012,00,019,0327,0,738,5,743,950,0,2,1,2,0,1,0,0.00,78.21 ,50
03,012,00,019,0328,0,779,3,782,987,0,2,1,2,0,1,0,0.00,79.23 ,50
03,012,00,019,0329,0,1081,9,1090,1401,0,2,1,2,0,1,0,0.00,77.80 ,50
03,012,00,019,0330,0,842,5,847,1077,0,2,1,2,0,1,0,0.00,78.64 ,50
03,012,00,019,0331,0,1142,12,1154,1466,0,2,1,2,0,1,0,0.00,78.72 ,50
03,012,00,019,0332,0,764,8,772,980,0,2,1,2,0,1,0,0.00,78.78 ,50
03,012,00,019,0333,0,1875,19,1894,2395,0,2,1,2,0,1,0,0.00,79.08 ,50
03,012,00,019,0334,0,1461,12,1473,1863,0,2,1,2,0,1,0,0.00,79.07 ,50
03,012,00,019,0335,0,542,6,548,714,0,2,1,2,0,1,0,0.00,76.75 ,50
03,012,00,019,0336,0,320,1,321,390,0,2,1,2,0,1,0,0.00,82.31 ,50
03,012,00,019,0337,0,464,5,469,610,0,2,1,2,0,1,0,0.00,76.89 ,50
03,012,00,019,0338,0,155,1,156,202,0,2,1,2,0,1,0,0.00,77.23 ,50
03,012,00,020,0339,0,1205,17,1222,1623,0,2,1,2,0,1,0,0.00,75.29 ,50
03,012,00,020,0340,0,1154,13,1167,1555,0,2,1,2,0,1,0,0.00,75.05 ,50
03,012,00,020,0341,0,1095,4,1099,1420,0,2,1,2,0,1,0,0.00,77.39 ,50
03,012,00,020,0342,0,1701,26,1727,2251,0,2,1,2,0,1,0,0.00,76.72 ,50
03,012,00,020,0343,0,1625,16,1641,2229,0,2,1,2,0,1,0,0.00,73.62 ,50
03,012,00,020,0344,0,1880,18,1898,2552,0,2,1,2,0,1,0,0.00,74.37 ,50
03,012,00,020,0345,0,1918,13,1931,2498,0,2,1,2,0,1,0,0.00,77.30 ,50
03,012,00,020,0346,0,1559,20,1579,2100,0,2,1,2,0,1,0,0.00,75.19 ,50
03,012,00,020,0347,0,1226,8,1234,1550,0,2,1,2,0,1,0,0.00,79.61 ,50
03,012,00,020,0348,0,1292,17,1309,1766,0,2,1,2,0,1,0,0.00,74.12 ,50
03,012,00,020,0349,0,1080,11,1091,1470,0,2,1,2,0,1,0,0.00,74.22 ,50
03,012,00,020,0350,0,1566,18,1584,2127,0,2,1,2,0,1,0,0.00,74.47 ,50
03,012,00,020,0351,0,1306,14,1320,1646,0,2,1,2,0,1,0,0.00,80.19 ,50
03,012,00,020,0352,0,1720,21,1741,2316,0,2,1,2,0,1,0,0.00,75.17 ,50
03,012,00,020,0353,0,1762,36,1798,2407,0,2,1,2,0,1,0,0.00,74.70 ,50
03,012,00,020,0354,0,1252,20,1272,1691,0,2,1,2,0,1,0,0.00,75.22 ,50
03,012,00,020,0355,0,1076,8,1084,1491,0,2,1,2,0,1,0,0.00,72.70 ,50
03,012,00,020,0356,0,948,12,960,1239,0,2,1,2,0,1,0,0.00,77.48 ,50
03,012,00,020,0357,0,1258,26,1284,1770,0,2,1,2,0,1,0,0.00,72.54 ,50
03,012,00,021,0358,0,804,7,811,1228,0,2,1,2,0,1,0,0.00,66.04 ,50
03,012,00,021,0359,0,882,12,894,1214,0,2,1,2,0,1,0,0.00,73.64 ,50
03,012,00,021,0360,0,1151,28,1179,1709,0,2,1,2,0,1,0,0.00,68.99 ,50
03,012,00,021,0361,0,1006,26,1032,1473,0,2,1,2,0,1,0,0.00,70.06 ,50
03,012,00,021,0362,0,711,4,715,1018,0,2,1,2,0,1,0,0.00,70.24 ,50
03,012,00,021,0363,0,623,7,630,866,0,2,1,2,0,1,0,0.00,72.75 ,50
03,012,00,021,0364,0,595,9,604,804,0,2,1,2,0,1,0,0.00,75.12 ,50
03,012,00,021,0365,0,503,9,512,659,0,2,1,2,0,1,0,0.00,77.69 ,50
03,012,00,021,0366,0,287,4,291,382,0,2,1,2,0,1,0,0.00,76.18 ,50
03,012,00,021,0367,0,940,18,958,1534,0,2,1,2,0,1,0,0.00,62.45 ,50
03,012,00,021,0368,0,1072,26,1098,1620,0,2,1,2,0,1,0,0.00,67.78 ,50
03,012,00,021,0369,0,763,15,778,1076,0,2,1,2,0,1,0,0.00,72.30 ,50
03,012,00,022,0370,0,484,0,484,632,0,2,1,2,0,1,0,0.00,76.58 ,50
03,012,00,022,0371,0,837,6,843,1079,0,2,1,2,0,1,0,0.00,78.13 ,50
03,012,00,022,0372,0,587,4,591,774,0,2,1,2,0,1,0,0.00,76.36 ,50
03,012,00,022,0373,0,1135,10,1145,1493,0,2,1,2,0,1,0,0.00,76.69 ,50
03,012,00,022,0374,0,528,6,534,706,0,2,1,2,0,1,0,0.00,75.64 ,50
03,012,00,022,0375,0,514,5,519,705,0,2,1,2,0,1,0,0.00,73.62 ,50
03,012,00,022,0376,0,843,12,855,1190,0,2,1,2,0,1,0,0.00,71.85 ,50
03,012,00,023,0377,0,657,5,662,881,0,2,1,2,0,1,0,0.00,75.14 ,50
03,012,00,023,0378,0,571,8,579,811,0,2,1,2,0,1,0,0.00,71.39 ,50
03,012,00,023,0379,0,1296,30,1326,1914,0,2,1,2,0,1,0,0.00,69.28 ,50
03,012,00,023,0380,0,1312,22,1334,1865,0,2,1,2,0,1,0,0.00,71.53 ,50
03,012,00,023,0381,0,1225,9,1234,1651,0,2,1,2,0,1,0,0.00,74.74 ,50
03,012,00,023,0382,0,1329,27,1356,1856,0,2,1,2,0,1,0,0.00,73.06 ,50
03,012,00,023,0383,0,1025,19,1044,1431,0,2,1,2,0,1,0,0.00,72.96 ,50
03,012,00,024,0384,0,588,3,591,773,0,2,1,2,0,1,0,0.00,76.46 ,50
03,012,00,024,0385,0,747,7,754,1059,0,2,1,2,0,1,0,0.00,71.20 ,50
03,012,00,024,0386,0,367,2,369,513,0,2,1,2,0,1,0,0.00,71.93 ,50
03,012,00,024,0387,0,386,5,391,490,0,2,1,2,0,1,0,0.00,79.80 ,50
03,012,00,024,0388,0,776,12,788,1003,0,2,1,2,0,1,0,0.00,78.56 ,50
03,012,00,024,0389,0,1384,24,1408,1765,0,2,1,2,0,1,0,0.00,79.77 ,50
03,012,00,024,0390,0,503,10,513,625,0,2,1,2,0,1,0,0.00,82.08 ,50
03,012,00,024,0391,0,297,3,300,385,0,2,1,2,0,1,0,0.00,77.92 ,50
03,012,00,024,0392,0,297,9,306,367,0,2,1,2,0,1,0,0.00,83.38 ,50
03,012,00,024,0393,0,705,3,708,839,0,2,1,2,0,1,0,0.00,84.39 ,50
03,012,00,024,0394,0,520,5,525,668,0,2,1,2,0,1,0,0.00,78.59 ,50
03,012,00,024,0395,0,360,3,363,483,0,2,1,2,0,1,0,0.00,75.16 ,50
03,012,00,024,0396,0,917,7,924,1143,0,2,1,2,0,1,0,0.00,80.84 ,50
03,012,00,024,0397,0,774,14,788,945,0,2,1,2,0,1,0,0.00,83.39 ,50
03,012,00,024,0398,0,390,1,391,513,0,2,1,2,0,1,0,0.00,76.22 ,50
03,012,00,024,0399,0,539,1,540,681,0,2,1,2,0,1,0,0.00,79.30 ,50
03,012,00,024,0400,0,523,7,530,699,0,2,1,2,0,1,0,0.00,75.82 ,50
03,012,00,024,0401,0,485,3,488,629,0,2,1,2,0,1,0,0.00,77.58 ,50
03,012,00,025,0402,0,357,5,362,478,0,2,1,2,0,1,0,0.00,75.73 ,50
03,012,00,025,0403,0,211,2,213,293,0,2,1,2,0,1,0,0.00,72.70 ,50
03,012,00,025,0404,0,298,0,298,383,0,2,1,2,0,1,0,0.00,77.81 ,50
03,012,00,026,0405,0,270,5,275,445,0,2,1,2,0,1,0,0.00,61.80 ,50
03,012,00,026,0406,0,322,5,327,464,0,2,1,2,0,1,0,0.00,70.47 ,50
03,012,00,026,0407,0,348,2,350,495,0,2,1,2,0,1,0,0.00,70.71 ,50
03,012,00,026,0408,0,465,6,471,680,0,2,1,2,0,1,0,0.00,69.26 ,50
03,012,00,026,0409,0,136,0,136,189,0,2,1,2,0,1,0,0.00,71.96 ,50
03,012,00,026,0410,0,147,0,147,213,0,2,1,2,0,1,0,0.00,69.01 ,50
03,012,00,026,0411,0,142,0,142,203,0,2,1,2,0,1,0,0.00,69.95 ,50
03,012,00,026,0412,0,163,0,163,219,0,2,1,2,0,1,0,0.00,74.43 ,50
03,012,00,027,0413,0,304,4,308,440,0,2,1,2,0,1,0,0.00,70.00 ,50
03,012,00,027,0414,0,336,5,341,484,0,2,1,2,0,1,0,0.00,70.45 ,50
03,012,00,027,0415,0,654,5,659,922,0,2,1,2,0,1,0,0.00,71.48 ,50
03,013,00,001,0001,0,1012,7,1019,1320,0,2,1,2,0,1,0,0.00,77.20 ,50
03,013,00,001,0002,0,1214,12,1226,1556,0,2,1,2,0,1,0,0.00,78.79 ,50
03,013,00,001,0003,0,704,0,704,880,0,2,1,2,0,1,0,0.00,80.00 ,50
03,013,00,001,0004,0,1082,6,1088,1431,0,2,1,2,0,1,0,0.00,76.03 ,50
03,013,00,001,0005,0,2180,14,2194,2997,0,2,1,2,0,1,0,0.00,73.21 ,50
03,013,00,001,0006,0,1123,6,1129,1524,0,2,1,2,0,1,0,0.00,74.08 ,50
03,013,00,001,0007,0,745,4,749,965,0,2,1,2,0,1,0,0.00,77.62 ,50
03,013,00,001,0008,0,739,3,742,968,0,2,1,2,0,1,0,0.00,76.65 ,50
03,013,00,001,0009,0,1016,4,1020,1350,0,2,1,2,0,1,0,0.00,75.56 ,50
03,013,00,001,0010,0,775,4,779,1005,0,2,1,2,0,1,0,0.00,77.51 ,50
03,013,00,001,0011,0,902,4,906,1134,0,2,1,2,0,1,0,0.00,79.89 ,50
03,013,00,001,0012,0,1051,8,1059,1617,0,2,1,2,0,1,0,0.00,65.49 ,50
03,013,00,001,0013,0,816,7,823,1124,0,2,1,2,0,1,0,0.00,73.22 ,50
03,013,00,001,0014,0,1550,9,1559,2095,0,2,1,2,0,1,0,0.00,74.42 ,50
03,013,00,001,0015,0,1832,10,1842,2362,0,2,1,2,0,1,0,0.00,77.98 ,50
03,013,00,001,0016,0,2844,13,2857,3818,0,2,1,2,0,1,0,0.00,74.83 ,50
03,013,00,001,0017,0,5623,34,5657,7278,0,2,1,2,0,1,0,0.00,77.73 ,50
03,013,00,001,0018,0,2612,17,2629,3426,0,2,1,2,0,1,0,0.00,76.74 ,50
03,013,00,001,0019,0,690,6,696,889,0,2,1,2,0,1,0,0.00,78.29 ,50
03,013,00,001,0020,0,969,7,976,1264,0,2,1,2,0,1,0,0.00,77.22 ,50
03,013,00,001,0021,0,805,7,812,1045,0,2,1,2,0,1,0,0.00,77.70 ,50
03,013,00,001,0022,0,4234,80,4314,5708,0,2,1,2,0,1,0,0.00,75.58 ,50
03,013,00,001,0023,0,1048,12,1060,1374,0,2,1,2,0,1,0,0.00,77.15 ,50
03,013,00,001,0024,0,1033,14,1047,1499,0,2,1,2,0,1,0,0.00,69.85 ,50
03,013,00,001,0025,0,546,15,561,796,0,2,1,2,0,1,0,0.00,70.48 ,50
03,013,00,001,0026,0,612,5,617,834,0,2,1,2,0,1,0,0.00,73.98 ,50
03,013,00,001,0027,0,2159,14,2173,2979,0,2,1,2,0,1,0,0.00,72.94 ,50
03,013,00,001,0028,0,4250,31,4281,5890,0,2,1,2,0,1,0,0.00,72.68 ,50
03,013,00,001,0029,0,2838,22,2860,3772,0,2,1,2,0,1,0,0.00,75.82 ,50
03,013,00,001,0030,0,401,8,409,550,0,2,1,2,0,1,0,0.00,74.36 ,50
03,013,00,001,0031,0,725,3,728,903,0,2,1,2,0,1,0,0.00,80.62 ,50
03,013,00,001,0032,0,1746,16,1762,2244,0,2,1,2,0,1,0,0.00,78.52 ,50
03,013,00,001,0033,0,1012,14,1026,1299,0,2,1,2,0,1,0,0.00,78.98 ,50
03,013,00,001,0034,0,1530,13,1543,1999,0,2,1,2,0,1,0,0.00,77.19 ,50
03,013,00,001,0035,0,1114,9,1123,1451,0,2,1,2,0,1,0,0.00,77.39 ,50
03,013,00,001,0036,0,896,10,906,1181,0,2,1,2,0,1,0,0.00,76.71 ,50
03,013,00,001,0037,0,860,4,864,1120,0,2,1,2,0,1,0,0.00,77.14 ,50
03,013,00,001,0038,0,1402,14,1416,1856,0,2,1,2,0,1,0,0.00,76.29 ,50
03,013,00,001,0039,0,964,7,971,1311,0,2,1,2,0,1,0,0.00,74.07 ,50
03,013,00,001,0040,0,1473,18,1491,1986,0,2,1,2,0,1,0,0.00,75.08 ,50
03,013,00,001,0041,0,936,3,939,1187,0,2,1,2,0,1,0,0.00,79.11 ,50
03,013,00,001,0042,0,4275,35,4310,5619,0,2,1,2,0,1,0,0.00,76.70 ,50
03,013,00,001,0043,0,2601,14,2615,3516,0,2,1,2,0,1,0,0.00,74.37 ,50
03,013,00,001,0044,0,818,8,826,1108,0,2,1,2,0,1,0,0.00,74.55 ,50
03,013,00,001,0045,0,742,6,748,909,0,2,1,2,0,1,0,0.00,82.29 ,50
03,013,00,001,0046,0,1157,9,1166,1556,0,2,1,2,0,1,0,0.00,74.94 ,50
03,013,00,001,0047,0,1171,11,1182,1462,0,2,1,2,0,1,0,0.00,80.85 ,50
03,013,00,001,0048,0,858,6,864,1131,0,2,1,2,0,1,0,0.00,76.39 ,50
03,013,00,001,0049,0,1450,11,1461,1890,0,2,1,2,0,1,0,0.00,77.30 ,50
03,013,00,001,0050,0,752,3,755,1012,0,2,1,2,0,1,0,0.00,74.60 ,50
03,013,00,001,0051,0,3178,16,3194,4063,0,2,1,2,0,1,0,0.00,78.61 ,50
03,013,00,001,0052,0,1968,16,1984,2617,0,2,1,2,0,1,0,0.00,75.81 ,50
03,013,00,001,0053,0,2063,12,2075,2760,0,2,1,2,0,1,0,0.00,75.18 ,50
03,013,00,001,0054,0,1479,10,1489,2027,0,2,1,2,0,1,0,0.00,73.46 ,50
03,013,00,001,0055,0,3486,21,3507,4711,0,2,1,2,0,1,0,0.00,74.44 ,50
03,013,00,001,0056,0,1708,13,1721,2205,0,2,1,2,0,1,0,0.00,78.05 ,50
03,013,00,001,0057,0,2873,22,2895,3854,0,2,1,2,0,1,0,0.00,75.12 ,50
03,013,00,001,0058,0,1795,20,1815,2445,0,2,1,2,0,1,0,0.00,74.23 ,50
03,013,00,001,0059,0,3836,28,3864,5095,0,2,1,2,0,1,0,0.00,75.84 ,50
03,013,00,001,0060,0,1331,22,1353,1726,0,2,1,2,0,1,0,0.00,78.39 ,50
03,013,00,001,0061,0,1182,10,1192,1565,0,2,1,2,0,1,0,0.00,76.17 ,50
03,013,00,001,0062,0,599,8,607,789,0,2,1,2,0,1,0,0.00,76.93 ,50
03,013,00,001,0063,0,4287,39,4326,5867,0,2,1,2,0,1,0,0.00,73.73 ,50
03,013,00,001,0064,0,936,10,946,1210,0,2,1,2,0,1,0,0.00,78.18 ,50
03,013,00,001,0065,0,633,3,636,811,0,2,1,2,0,1,0,0.00,78.42 ,50
03,013,00,001,0066,0,749,8,757,956,0,2,1,2,0,1,0,0.00,79.18 ,50
03,013,00,001,0067,0,1066,10,1076,1382,0,2,1,2,0,1,0,0.00,77.86 ,50
03,013,00,001,0068,0,703,12,715,951,0,2,1,2,0,1,0,0.00,75.18 ,50
03,013,00,002,0069,0,514,8,522,698,0,2,1,2,0,1,0,0.00,74.79 ,50
03,013,00,002,0070,0,2496,23,2519,3419,0,2,1,2,0,1,0,0.00,73.68 ,50
03,013,00,002,0071,0,633,2,635,815,0,2,1,2,0,1,0,0.00,77.91 ,50
03,013,00,002,0072,0,979,7,986,1315,0,2,1,2,0,1,0,0.00,74.98 ,50
03,013,00,002,0073,0,1114,6,1120,1442,0,2,1,2,0,1,0,0.00,77.67 ,50
03,013,00,002,0074,0,581,7,588,787,0,2,1,2,0,1,0,0.00,74.71 ,50
03,013,00,002,0075,0,2822,22,2844,3793,0,2,1,2,0,1,0,0.00,74.98 ,50
03,013,00,002,0076,0,3572,18,3590,4909,0,2,1,2,0,1,0,0.00,73.13 ,50
03,013,00,002,0077,0,1225,9,1234,1638,0,2,1,2,0,1,0,0.00,75.34 ,50
03,013,00,002,0078,0,716,9,725,954,0,2,1,2,0,1,0,0.00,76.00 ,50
03,013,00,002,0079,0,1356,8,1364,1763,0,2,1,2,0,1,0,0.00,77.37 ,50
03,013,00,002,0080,0,1354,7,1361,1857,0,2,1,2,0,1,0,0.00,73.29 ,50
03,013,00,002,0081,0,3105,31,3136,4237,0,2,1,2,0,1,0,0.00,74.01 ,50
03,013,00,002,0082,0,1045,13,1058,1442,0,2,1,2,0,1,0,0.00,73.37 ,50
03,013,00,002,0083,0,973,12,985,1275,0,2,1,2,0,1,0,0.00,77.25 ,50
03,013,00,002,0084,0,551,7,558,756,0,2,1,2,0,1,0,0.00,73.81 ,50
03,013,00,002,0085,0,444,4,448,609,0,2,1,2,0,1,0,0.00,73.56 ,50
03,013,00,002,0086,0,1079,16,1095,1570,0,2,1,2,0,1,0,0.00,69.75 ,50
03,013,00,002,0087,0,1074,13,1087,1431,0,2,1,2,0,1,0,0.00,75.96 ,50
03,013,00,002,0088,0,1371,17,1388,1858,0,2,1,2,0,1,0,0.00,74.70 ,50
03,013,00,002,0089,0,1107,13,1120,1557,0,2,1,2,0,1,0,0.00,71.93 ,50
03,013,00,003,0090,0,1833,7,1840,2355,0,2,1,2,0,1,0,0.00,78.13 ,50
03,013,00,003,0091,0,415,2,417,560,0,2,1,2,0,1,0,0.00,74.46 ,50
03,013,00,003,0092,0,396,2,398,497,0,2,1,2,0,1,0,0.00,80.08 ,50
03,013,00,003,0093,0,572,3,575,775,0,2,1,2,0,1,0,0.00,74.19 ,50
03,013,00,003,0094,0,507,1,508,638,0,2,1,2,0,1,0,0.00,79.62 ,50
03,013,00,003,0095,0,3320,31,3351,4360,0,2,1,2,0,1,0,0.00,76.86 ,50
03,013,00,003,0096,0,543,12,555,704,0,2,1,2,0,1,0,0.00,78.84 ,50
03,013,00,003,0097,0,485,3,488,610,0,2,1,2,0,1,0,0.00,80.00 ,50
03,013,00,003,0098,0,1458,12,1470,1942,0,2,1,2,0,1,0,0.00,75.70 ,50
03,013,00,003,0099,0,662,12,674,920,0,2,1,2,0,1,0,0.00,73.26 ,50
03,013,00,003,0100,0,1090,6,1096,1380,0,2,1,2,0,1,0,0.00,79.42 ,50
03,013,00,003,0101,0,543,3,546,726,0,2,1,2,0,1,0,0.00,75.21 ,50
03,013,00,003,0102,0,865,10,875,1204,0,2,1,2,0,1,0,0.00,72.67 ,50
03,013,00,003,0103,0,1345,12,1357,1840,0,2,1,2,0,1,0,0.00,73.75 ,50
03,013,00,003,0104,0,1703,19,1722,2320,0,2,1,2,0,1,0,0.00,74.22 ,50
03,013,00,003,0105,0,948,2,950,1286,0,2,1,2,0,1,0,0.00,73.87 ,50
03,013,00,003,0106,0,1106,2,1108,1461,0,2,1,2,0,1,0,0.00,75.84 ,50
03,013,00,003,0107,0,2031,16,2047,2740,0,2,1,2,0,1,0,0.00,74.71 ,50
03,013,00,003,0108,0,1300,16,1316,1724,0,2,1,2,0,1,0,0.00,76.33 ,50
03,013,00,003,0109,0,1141,16,1157,1537,0,2,1,2,0,1,0,0.00,75.28 ,50
03,013,00,003,0110,0,656,9,665,823,0,2,1,2,0,1,0,0.00,80.80 ,50
03,013,00,003,0111,0,590,4,594,760,0,2,1,2,0,1,0,0.00,78.16 ,50
03,013,00,003,0112,0,264,2,266,378,0,2,1,2,0,1,0,0.00,70.37 ,50
03,013,00,004,0113,0,725,6,731,1053,0,2,1,2,0,1,0,0.00,69.42 ,50
03,013,00,004,0114,0,1249,18,1267,1922,0,2,1,2,0,1,0,0.00,65.92 ,50
03,013,00,004,0115,0,809,9,818,1155,0,2,1,2,0,1,0,0.00,70.82 ,50
03,013,00,004,0116,0,2002,32,2034,3205,0,2,1,2,0,1,0,0.00,63.46 ,50
03,013,00,004,0117,0,1569,20,1589,2454,0,2,1,2,0,1,0,0.00,64.75 ,50
03,013,00,004,0118,0,480,5,485,792,0,2,1,2,0,1,0,0.00,61.24 ,50
03,013,00,004,0119,0,320,2,322,525,0,2,1,2,0,1,0,0.00,61.33 ,50
03,013,00,004,0120,0,278,7,285,512,0,2,1,2,0,1,0,0.00,55.66 ,50
03,013,00,004,0121,0,576,11,587,945,0,2,1,2,0,1,0,0.00,62.12 ,50
03,013,00,004,0122,0,365,6,371,544,0,2,1,2,0,1,0,0.00,68.20 ,50
03,013,00,004,0123,0,578,9,587,931,0,2,1,2,0,1,0,0.00,63.05 ,50
03,013,00,004,0124,0,912,13,925,1482,0,2,1,2,0,1,0,0.00,62.42 ,50
03,013,00,004,0125,0,1103,22,1125,1755,0,2,1,2,0,1,0,0.00,64.10 ,50
03,013,00,004,0126,0,838,19,857,1496,0,2,1,2,0,1,0,0.00,57.29 ,50
03,013,00,004,0127,0,815,12,827,1358,0,2,1,2,0,1,0,0.00,60.90 ,50
03,013,00,004,0128,0,808,11,819,1152,0,2,1,2,0,1,0,0.00,71.09 ,50
03,013,00,004,0129,0,678,10,688,1053,0,2,1,2,0,1,0,0.00,65.34 ,50
03,013,00,005,0130,0,898,15,913,1188,0,2,1,2,0,1,0,0.00,76.85 ,50
03,013,00,005,0131,0,997,12,1009,1252,0,2,1,2,0,1,0,0.00,80.59 ,50
03,013,00,005,0132,0,1239,9,1248,1631,0,2,1,2,0,1,0,0.00,76.52 ,50
03,013,00,005,0133,0,628,3,631,781,0,2,1,2,0,1,0,0.00,80.79 ,50
03,013,00,005,0134,0,830,12,842,1030,0,2,1,2,0,1,0,0.00,81.75 ,50
03,013,00,005,0135,0,813,7,820,1021,0,2,1,2,0,1,0,0.00,80.31 ,50
03,013,00,005,0136,0,468,4,472,590,0,2,1,2,0,1,0,0.00,80.00 ,50
03,013,00,005,0137,0,1155,13,1168,1511,0,2,1,2,0,1,0,0.00,77.30 ,50
03,013,00,005,0138,0,994,14,1008,1290,0,2,1,2,0,1,0,0.00,78.14 ,50
03,013,00,005,0139,0,999,9,1008,1233,0,2,1,2,0,1,0,0.00,81.75 ,50
03,013,00,005,0140,0,582,3,585,721,0,2,1,2,0,1,0,0.00,81.14 ,50
03,013,00,005,0141,0,798,11,809,958,0,2,1,2,0,1,0,0.00,84.45 ,50
03,013,00,005,0142,0,876,10,886,1101,0,2,1,2,0,1,0,0.00,80.47 ,50
03,013,00,005,0143,0,1094,12,1106,1373,0,2,1,2,0,1,0,0.00,80.55 ,50
03,013,00,005,0144,0,1412,18,1430,1728,0,2,1,2,0,1,0,0.00,82.75 ,50
03,013,00,005,0145,0,1332,15,1347,1715,0,2,1,2,0,1,0,0.00,78.54 ,50
03,013,00,005,0146,0,388,8,396,484,0,2,1,2,0,1,0,0.00,81.82 ,50
03,013,00,005,0147,0,596,27,623,760,0,2,1,2,0,1,0,0.00,81.97 ,50
03,013,00,005,0148,0,870,9,879,1066,0,2,1,2,0,1,0,0.00,82.46 ,50
03,013,00,005,0149,0,265,8,273,353,0,2,1,2,0,1,0,0.00,77.34 ,50
03,013,00,005,0150,0,988,8,996,1277,0,2,1,2,0,1,0,0.00,78.00 ,50
03,013,00,005,0151,0,1032,15,1047,1383,0,2,1,2,0,1,0,0.00,75.70 ,50
03,013,00,005,0152,0,1287,16,1303,1640,0,2,1,2,0,1,0,0.00,79.45 ,50
03,013,00,005,0153,0,1188,13,1201,1521,0,2,1,2,0,1,0,0.00,78.96 ,50
03,013,00,005,0154,0,1446,16,1462,1831,0,2,1,2,0,1,0,0.00,79.85 ,50
03,013,00,005,0155,0,975,7,982,1210,0,2,1,2,0,1,0,0.00,81.16 ,50
03,013,00,005,0156,0,573,7,580,702,0,2,1,2,0,1,0,0.00,82.62 ,50
03,013,00,005,0157,0,365,2,367,462,0,2,1,2,0,1,0,0.00,79.44 ,50
03,013,00,005,0158,0,335,2,337,419,0,2,1,2,0,1,0,0.00,80.43 ,50
03,013,00,005,0159,0,2449,22,2471,3103,0,2,1,2,0,1,0,0.00,79.63 ,50
03,013,00,006,0160,0,1374,13,1387,1837,0,2,1,2,0,1,0,0.00,75.50 ,50
03,013,00,006,0161,0,1677,18,1695,2227,0,2,1,2,0,1,0,0.00,76.11 ,50
03,013,00,006,0162,0,1115,17,1132,1412,0,2,1,2,0,1,0,0.00,80.17 ,50
03,013,00,006,0163,0,1028,16,1044,1330,0,2,1,2,0,1,0,0.00,78.50 ,50
03,013,00,006,0164,0,705,3,708,925,0,2,1,2,0,1,0,0.00,76.54 ,50
03,013,00,006,0165,0,1050,7,1057,1356,0,2,1,2,0,1,0,0.00,77.95 ,50
03,013,00,006,0166,0,768,11,779,996,0,2,1,2,0,1,0,0.00,78.21 ,50
03,013,00,006,0167,0,552,13,565,736,0,2,1,2,0,1,0,0.00,76.77 ,50
03,013,00,006,0168,0,1068,6,1074,1347,0,2,1,2,0,1,0,0.00,79.73 ,50
03,013,00,006,0169,0,657,14,671,820,0,2,1,2,0,1,0,0.00,81.83 ,50
03,013,00,006,0170,0,820,11,831,1026,0,2,1,2,0,1,0,0.00,80.99 ,50
03,013,00,006,0171,0,871,9,880,1221,0,2,1,2,0,1,0,0.00,72.07 ,50
03,013,00,006,0172,0,1136,14,1150,1546,0,2,1,2,0,1,0,0.00,74.39 ,50
03,013,00,006,0173,0,721,9,730,957,0,2,1,2,0,1,0,0.00,76.28 ,50
03,013,00,006,0174,0,1540,20,1560,2030,0,2,1,2,0,1,0,0.00,76.85 ,50
03,013,00,006,0175,0,443,2,445,550,0,2,1,2,0,1,0,0.00,80.91 ,50
03,013,00,007,0176,0,1217,7,1224,1601,0,2,1,2,0,1,0,0.00,76.45 ,50
03,013,00,007,0177,0,592,4,596,761,0,2,1,2,0,1,0,0.00,78.32 ,50
03,013,00,007,0178,0,1109,8,1117,1433,0,2,1,2,0,1,0,0.00,77.95 ,50
03,013,00,007,0179,0,1593,11,1604,2019,0,2,1,2,0,1,0,0.00,79.45 ,50
03,013,00,007,0180,0,803,6,809,982,0,2,1,2,0,1,0,0.00,82.38 ,50
03,013,00,007,0181,0,562,3,565,702,0,2,1,2,0,1,0,0.00,80.48 ,50
03,013,00,007,0182,0,541,3,544,690,0,2,1,2,0,1,0,0.00,78.84 ,50
03,013,00,008,0183,0,1178,11,1189,1487,0,2,1,2,0,1,0,0.00,79.96 ,50
03,013,00,008,0184,0,938,10,948,1187,0,2,1,2,0,1,0,0.00,79.87 ,50
03,013,00,008,0185,0,991,10,1001,1311,0,2,1,2,0,1,0,0.00,76.35 ,50
03,013,00,008,0186,0,918,7,925,1168,0,2,1,2,0,1,0,0.00,79.20 ,50
03,013,00,008,0187,0,1027,19,1046,1351,0,2,1,2,0,1,0,0.00,77.42 ,50
03,013,00,008,0188,0,2272,20,2292,2946,0,2,1,2,0,1,0,0.00,77.80 ,50
03,013,00,008,0189,0,720,7,727,912,0,2,1,2,0,1,0,0.00,79.71 ,50
03,013,00,008,0190,0,829,8,837,1115,0,2,1,2,0,1,0,0.00,75.07 ,50
03,013,00,008,0191,0,1195,13,1208,1539,0,2,1,2,0,1,0,0.00,78.49 ,50
03,013,00,008,0192,0,854,6,860,1082,0,2,1,2,0,1,0,0.00,79.48 ,50
03,013,00,008,0193,0,901,18,919,1202,0,2,1,2,0,1,0,0.00,76.46 ,50
03,013,00,009,0194,0,1342,15,1357,1719,0,2,1,2,0,1,0,0.00,78.94 ,50
03,013,00,009,0195,0,901,3,904,1104,0,2,1,2,0,1,0,0.00,81.88 ,50
03,013,00,009,0196,0,637,3,640,809,0,2,1,2,0,1,0,0.00,79.11 ,50
03,013,00,009,0197,0,866,5,871,1124,0,2,1,2,0,1,0,0.00,77.49 ,50
03,013,00,009,0198,0,1116,9,1125,1517,0,2,1,2,0,1,0,0.00,74.16 ,50
03,013,00,009,0199,0,832,7,839,1080,0,2,1,2,0,1,0,0.00,77.69 ,50
03,013,00,009,0200,0,997,11,1008,1261,0,2,1,2,0,1,0,0.00,79.94 ,50
03,013,00,009,0201,0,914,8,922,1244,0,2,1,2,0,1,0,0.00,74.12 ,50
03,013,00,009,0202,0,1224,13,1237,1575,0,2,1,2,0,1,0,0.00,78.54 ,50
03,013,00,009,0203,0,1714,28,1742,2217,0,2,1,2,0,1,0,0.00,78.57 ,50
03,013,00,009,0204,0,1579,29,1608,2095,0,2,1,2,0,1,0,0.00,76.75 ,50
03,013,00,009,0205,0,1276,12,1288,1735,0,2,1,2,0,1,0,0.00,74.24 ,50
03,013,00,009,0206,0,557,12,569,787,0,2,1,2,0,1,0,0.00,72.30 ,50
03,013,00,009,0207,0,407,8,415,508,0,2,1,2,0,1,0,0.00,81.69 ,50
03,013,00,010,0208,0,1228,20,1248,1550,0,2,1,2,0,1,0,0.00,80.52 ,50
03,013,00,010,0209,0,1666,26,1692,2171,0,2,1,2,0,1,0,0.00,77.94 ,50
03,013,00,010,0210,0,1080,12,1092,1451,0,2,1,2,0,1,0,0.00,75.26 ,50
03,013,00,010,0211,0,732,5,737,867,0,2,1,2,0,1,0,0.00,85.01 ,50
03,013,00,010,0212,0,1853,33,1886,2490,0,2,1,2,0,1,0,0.00,75.74 ,50
03,013,00,010,0213,0,1308,22,1330,1872,0,2,1,2,0,1,0,0.00,71.05 ,50
03,013,00,010,0214,0,629,12,641,817,0,2,1,2,0,1,0,0.00,78.46 ,50
03,013,00,010,0215,0,1934,12,1946,2630,0,2,1,2,0,1,0,0.00,73.99 ,50
03,013,00,010,0216,0,2061,29,2090,2792,0,2,1,2,0,1,0,0.00,74.86 ,50
03,013,00,010,0217,0,684,9,693,902,0,2,1,2,0,1,0,0.00,76.83 ,50
03,013,00,010,0218,0,1052,15,1067,1343,0,2,1,2,0,1,0,0.00,79.45 ,50
03,013,00,010,0219,0,445,12,457,584,0,2,1,2,0,1,0,0.00,78.25 ,50
03,013,00,011,0220,0,1604,12,1616,2178,0,2,1,2,0,1,0,0.00,74.20 ,50
03,013,00,011,0221,0,995,7,1002,1354,0,2,1,2,0,1,0,0.00,74.00 ,50
03,013,00,011,0222,0,604,7,611,869,0,2,1,2,0,1,0,0.00,70.31 ,50
03,013,00,011,0223,0,470,7,477,693,0,2,1,2,0,1,0,0.00,68.83 ,50
03,013,00,011,0224,0,715,7,722,966,0,2,1,2,0,1,0,0.00,74.74 ,50
03,013,00,011,0225,0,824,15,839,1240,0,2,1,2,0,1,0,0.00,67.66 ,50
03,013,00,011,0226,0,516,8,524,752,0,2,1,2,0,1,0,0.00,69.68 ,50
03,013,00,011,0227,0,636,9,645,899,0,2,1,2,0,1,0,0.00,71.75 ,50
03,013,00,011,0228,0,540,7,547,750,0,2,1,2,0,1,0,0.00,72.93 ,50
03,013,00,011,0229,0,1003,14,1017,1378,0,2,1,2,0,1,0,0.00,73.80 ,50
03,013,00,011,0230,0,1021,9,1030,1558,0,2,1,2,0,1,0,0.00,66.11 ,50
03,013,00,011,0231,0,1324,21,1345,2037,0,2,1,2,0,1,0,0.00,66.03 ,50
03,013,00,011,0232,0,871,7,878,1234,0,2,1,2,0,1,0,0.00,71.15 ,50
03,013,00,011,0233,0,695,12,707,995,0,2,1,2,0,1,0,0.00,71.06 ,50
03,013,00,011,0234,0,720,12,732,1034,0,2,1,2,0,1,0,0.00,70.79 ,50
03,013,00,011,0235,0,708,9,717,1030,0,2,1,2,0,1,0,0.00,69.61 ,50
03,013,00,011,0236,0,843,14,857,1141,0,2,1,2,0,1,0,0.00,75.11 ,50
03,013,00,011,0237,0,972,17,989,1397,0,2,1,2,0,1,0,0.00,70.79 ,50
03,013,00,011,0238,0,1031,10,1041,1424,0,2,1,2,0,1,0,0.00,73.10 ,50
03,013,00,012,0239,0,937,1,938,1242,0,2,1,2,0,1,0,0.00,75.52 ,50
03,013,00,012,0240,0,632,1,633,822,0,2,1,2,0,1,0,0.00,77.01 ,50
03,013,00,012,0241,0,1018,13,1031,1382,0,2,1,2,0,1,0,0.00,74.60 ,50
03,013,00,012,0242,0,731,4,735,931,0,2,1,2,0,1,0,0.00,78.95 ,50
03,013,00,012,0243,0,414,3,417,532,0,2,1,2,0,1,0,0.00,78.38 ,50
03,013,00,012,0244,0,980,4,984,1319,0,2,1,2,0,1,0,0.00,74.60 ,50
03,013,00,012,0245,0,922,8,930,1157,0,2,1,2,0,1,0,0.00,80.38 ,50
03,013,00,012,0246,0,1140,12,1152,1544,0,2,1,2,0,1,0,0.00,74.61 ,50
03,013,00,012,0247,0,1114,21,1135,1664,0,2,1,2,0,1,0,0.00,68.21 ,50
03,013,00,012,0248,0,1403,20,1423,1889,0,2,1,2,0,1,0,0.00,75.33 ,50
03,013,00,012,0249,0,1125,14,1139,1549,0,2,1,2,0,1,0,0.00,73.53 ,50
03,013,00,012,0250,0,1146,6,1152,1438,0,2,1,2,0,1,0,0.00,80.11 ,50
03,013,00,012,0251,0,804,6,810,1128,0,2,1,2,0,1,0,0.00,71.81 ,50
03,013,00,012,0252,0,868,14,882,1263,0,2,1,2,0,1,0,0.00,69.83 ,50
03,013,00,013,0253,0,2238,17,2255,3011,0,2,1,2,0,1,0,0.00,74.89 ,50
03,013,00,013,0254,0,1969,14,1983,2683,0,2,1,2,0,1,0,0.00,73.91 ,50
03,013,00,013,0255,0,1091,4,1095,1346,0,2,1,2,0,1,0,0.00,81.35 ,50
03,013,00,013,0256,0,432,3,435,584,0,2,1,2,0,1,0,0.00,74.49 ,50
03,013,00,013,0257,0,1457,11,1468,1919,0,2,1,2,0,1,0,0.00,76.50 ,50
03,013,00,013,0258,0,1275,9,1284,1647,0,2,1,2,0,1,0,0.00,77.96 ,50
03,013,00,013,0259,0,2766,25,2791,3656,0,2,1,2,0,1,0,0.00,76.34 ,50
03,013,00,013,0260,0,1662,20,1682,2230,0,2,1,2,0,1,0,0.00,75.43 ,50
03,013,00,013,0261,0,1301,10,1311,1672,0,2,1,2,0,1,0,0.00,78.41 ,50
03,013,00,013,0262,0,1484,10,1494,1908,0,2,1,2,0,1,0,0.00,78.30 ,50
03,013,00,013,0263,0,1024,6,1030,1373,0,2,1,2,0,1,0,0.00,75.02 ,50
03,013,00,013,0264,0,2235,21,2256,2931,0,2,1,2,0,1,0,0.00,76.97 ,50
03,013,00,013,0265,0,706,5,711,903,0,2,1,2,0,1,0,0.00,78.74 ,50
03,013,00,013,0266,0,761,7,768,977,0,2,1,2,0,1,0,0.00,78.61 ,50
03,013,00,013,0267,0,1513,15,1528,2271,0,2,1,2,0,1,0,0.00,67.28 ,50
03,013,00,013,0268,0,987,9,996,1342,0,2,1,2,0,1,0,0.00,74.22 ,50
03,013,00,013,0269,0,1816,17,1833,2513,0,2,1,2,0,1,0,0.00,72.94 ,50
03,013,00,013,0270,0,1924,25,1949,2692,0,2,1,2,0,1,0,0.00,72.40 ,50
03,013,00,013,0271,0,1646,32,1678,2297,0,2,1,2,0,1,0,0.00,73.05 ,50
03,013,00,013,0272,0,1244,19,1263,1711,0,2,1,2,0,1,0,0.00,73.82 ,50
03,013,00,013,0273,0,1574,23,1597,2157,0,2,1,2,0,1,0,0.00,74.04 ,50
03,013,00,013,0274,0,814,13,827,1246,0,2,1,2,0,1,0,0.00,66.37 ,50
03,013,00,013,0275,0,612,8,620,903,0,2,1,2,0,1,0,0.00,68.66 ,50
03,013,00,014,0276,0,1110,4,1114,1407,0,2,1,2,0,1,0,0.00,79.18 ,50
03,013,00,014,0277,0,659,13,672,871,0,2,1,2,0,1,0,0.00,77.15 ,50
03,013,00,014,0278,0,514,7,521,661,0,2,1,2,0,1,0,0.00,78.82 ,50
03,013,00,014,0279,0,436,7,443,571,0,2,1,2,0,1,0,0.00,77.58 ,50
03,013,00,014,0280,0,999,4,1003,1294,0,2,1,2,0,1,0,0.00,77.51 ,50
03,013,00,014,0281,0,742,6,748,972,0,2,1,2,0,1,0,0.00,76.95 ,50
03,013,00,014,0282,0,450,4,454,613,0,2,1,2,0,1,0,0.00,74.06 ,50
03,013,00,014,0283,0,367,3,370,462,0,2,1,2,0,1,0,0.00,80.09 ,50
03,013,00,014,0284,0,2019,10,2029,2595,0,2,1,2,0,1,0,0.00,78.19 ,50
03,013,00,014,0285,0,338,2,340,428,0,2,1,2,0,1,0,0.00,79.44 ,50
03,013,00,014,0286,0,413,3,416,532,0,2,1,2,0,1,0,0.00,78.20 ,50
03,013,00,014,0287,0,502,2,504,634,0,2,1,2,0,1,0,0.00,79.50 ,50
03,013,00,014,0288,0,845,9,854,1146,0,2,1,2,0,1,0,0.00,74.52 ,50
03,013,00,014,0289,0,876,6,882,1092,0,2,1,2,0,1,0,0.00,80.77 ,50
03,013,00,014,0290,0,724,10,734,936,0,2,1,2,0,1,0,0.00,78.42 ,50
03,013,00,015,0291,0,1408,5,1413,1932,0,2,1,2,0,1,0,0.00,73.14 ,50
03,013,00,015,0292,0,912,6,918,1262,0,2,1,2,0,1,0,0.00,72.74 ,50
03,013,00,015,0293,0,827,8,835,1098,0,2,1,2,0,1,0,0.00,76.05 ,50
03,013,00,015,0294,0,580,11,591,804,0,2,1,2,0,1,0,0.00,73.51 ,50
03,013,00,015,0295,0,1187,18,1205,1700,0,2,1,2,0,1,0,0.00,70.88 ,50
03,013,00,015,0296,0,925,7,932,1333,0,2,1,2,0,1,0,0.00,69.92 ,50
03,013,00,015,0297,0,739,6,745,1072,0,2,1,2,0,1,0,0.00,69.50 ,50
03,013,00,016,0298,0,1027,11,1038,1429,0,2,1,2,0,1,0,0.00,72.64 ,50
03,013,00,016,0299,0,613,11,624,822,0,2,1,2,0,1,0,0.00,75.91 ,50
03,013,00,016,0300,0,716,8,724,1006,0,2,1,2,0,1,0,0.00,71.97 ,50
03,013,00,016,0301,0,531,9,540,756,0,2,1,2,0,1,0,0.00,71.43 ,50
03,013,00,016,0302,0,1379,7,1386,1840,0,2,1,2,0,1,0,0.00,75.33 ,50
03,013,00,016,0303,0,2405,16,2421,3390,0,2,1,2,0,1,0,0.00,71.42 ,50
03,013,00,016,0304,0,1447,8,1455,1922,0,2,1,2,0,1,0,0.00,75.70 ,50
03,013,00,016,0305,0,1300,11,1311,1713,0,2,1,2,0,1,0,0.00,76.53 ,50
03,013,00,016,0306,0,1702,9,1711,2233,0,2,1,2,0,1,0,0.00,76.62 ,50
03,013,00,016,0307,0,507,5,512,816,0,2,1,2,0,1,0,0.00,62.75 ,50
03,013,00,016,0308,0,689,11,700,1053,0,2,1,2,0,1,0,0.00,66.48 ,50
03,013,00,016,0309,0,2041,17,2058,2621,0,2,1,2,0,1,0,0.00,78.52 ,50
03,013,00,016,0310,0,432,0,432,556,0,2,1,2,0,1,0,0.00,77.70 ,50
03,013,00,016,0311,0,648,7,655,936,0,2,1,2,0,1,0,0.00,69.98 ,50
03,013,00,016,0312,0,303,1,304,435,0,2,1,2,0,1,0,0.00,69.89 ,50
03,013,00,017,0313,0,1228,14,1242,1515,0,2,1,2,0,1,0,0.00,81.98 ,50
03,013,00,017,0314,0,1660,19,1679,2123,0,2,1,2,0,1,0,0.00,79.09 ,50
03,013,00,017,0315,0,1496,12,1508,1867,0,2,1,2,0,1,0,0.00,80.77 ,50
03,013,00,017,0316,0,546,1,547,662,0,2,1,2,0,1,0,0.00,82.63 ,50
03,013,00,017,0317,0,612,5,617,757,0,2,1,2,0,1,0,0.00,81.51 ,50
03,013,00,017,0318,0,1831,15,1846,2164,0,2,1,2,0,1,0,0.00,85.30 ,50
03,013,00,017,0319,0,1617,18,1635,1914,0,2,1,2,0,1,0,0.00,85.42 ,50
03,013,00,017,0320,0,1684,18,1702,2117,0,2,1,2,0,1,0,0.00,80.40 ,50
03,013,00,017,0321,0,2089,17,2106,2767,0,2,1,2,0,1,0,0.00,76.11 ,50
03,013,00,017,0322,0,966,7,973,1222,0,2,1,2,0,1,0,0.00,79.62 ,50
03,013,00,017,0323,0,1539,8,1547,1976,0,2,1,2,0,1,0,0.00,78.29 ,50
03,013,00,017,0324,0,1230,10,1240,1621,0,2,1,2,0,1,0,0.00,76.50 ,50
03,013,00,017,0325,0,1017,9,1026,1335,0,2,1,2,0,1,0,0.00,76.85 ,50
03,013,00,017,0326,0,2698,33,2731,3568,0,2,1,2,0,1,0,0.00,76.54 ,50
03,013,00,017,0327,0,1693,17,1710,2128,0,2,1,2,0,1,0,0.00,80.36 ,50
03,013,00,018,0328,0,1393,11,1404,1710,0,2,1,2,0,1,0,0.00,82.11 ,50
03,013,00,018,0329,0,1027,10,1037,1394,0,2,1,2,0,1,0,0.00,74.39 ,50
03,013,00,018,0330,0,719,10,729,965,0,2,1,2,0,1,0,0.00,75.54 ,50
03,013,00,018,0331,0,802,5,807,1010,0,2,1,2,0,1,0,0.00,79.90 ,50
03,013,00,018,0332,0,633,7,640,791,0,2,1,2,0,1,0,0.00,80.91 ,50
03,013,00,018,0333,0,1059,14,1073,1411,0,2,1,2,0,1,0,0.00,76.05 ,50
03,013,00,018,0334,0,524,6,530,661,0,2,1,2,0,1,0,0.00,80.18 ,50
03,013,00,018,0335,0,1246,10,1256,1645,0,2,1,2,0,1,0,0.00,76.35 ,50
03,013,00,019,0336,0,1078,11,1089,1391,0,2,1,2,0,1,0,0.00,78.29 ,50
03,013,00,019,0337,0,1219,11,1230,1630,0,2,1,2,0,1,0,0.00,75.46 ,50
03,013,00,019,0338,0,708,5,713,900,0,2,1,2,0,1,0,0.00,79.22 ,50
03,013,00,019,0339,0,1168,5,1173,1522,0,2,1,2,0,1,0,0.00,77.07 ,50
03,013,00,019,0340,0,2233,21,2254,2966,0,2,1,2,0,1,0,0.00,75.99 ,50
03,013,00,019,0341,0,661,8,669,889,0,2,1,2,0,1,0,0.00,75.25 ,50
03,013,00,019,0342,0,869,12,881,1276,0,2,1,2,0,1,0,0.00,69.04 ,50
03,013,00,019,0343,0,1293,20,1313,1731,0,2,1,2,0,1,0,0.00,75.85 ,50
03,013,00,019,0344,0,2198,22,2220,2864,0,2,1,2,0,1,0,0.00,77.51 ,50
03,013,00,019,0345,0,846,15,861,1163,0,2,1,2,0,1,0,0.00,74.03 ,50
03,013,00,020,0346,0,1338,7,1345,1723,0,2,1,2,0,1,0,0.00,78.06 ,50
03,013,00,020,0347,0,771,4,775,986,0,2,1,2,0,1,0,0.00,78.60 ,50
03,013,00,020,0348,0,455,1,456,602,0,2,1,2,0,1,0,0.00,75.75 ,50
03,013,00,020,0349,0,599,6,605,756,0,2,1,2,0,1,0,0.00,80.03 ,50
03,013,00,020,0350,0,778,4,782,1049,0,2,1,2,0,1,0,0.00,74.55 ,50
03,013,00,020,0351,0,765,10,775,1000,0,2,1,2,0,1,0,0.00,77.50 ,50
03,013,00,020,0352,0,799,13,812,1071,0,2,1,2,0,1,0,0.00,75.82 ,50
03,013,00,020,0353,0,801,12,813,1091,0,2,1,2,0,1,0,0.00,74.52 ,50
03,013,00,020,0354,0,647,5,652,888,0,2,1,2,0,1,0,0.00,73.42 ,50
03,013,00,020,0355,0,470,3,473,608,0,2,1,2,0,1,0,0.00,77.80 ,50
03,013,00,021,0356,0,1132,13,1145,1511,0,2,1,2,0,1,0,0.00,75.78 ,50
03,013,00,021,0357,0,1348,15,1363,1797,0,2,1,2,0,1,0,0.00,75.85 ,50
03,013,00,021,0358,0,726,10,736,988,0,2,1,2,0,1,0,0.00,74.49 ,50
03,013,00,021,0359,0,1221,16,1237,1706,0,2,1,2,0,1,0,0.00,72.51 ,50
03,013,00,021,0360,0,1334,15,1349,1844,0,2,1,2,0,1,0,0.00,73.16 ,50
03,013,00,021,0361,0,1622,16,1638,2215,0,2,1,2,0,1,0,0.00,73.95 ,50
03,013,00,021,0362,0,860,11,871,1195,0,2,1,2,0,1,0,0.00,72.89 ,50
03,013,00,021,0363,0,662,10,672,900,0,2,1,2,0,1,0,0.00,74.67 ,50
03,013,00,021,0364,0,931,9,940,1221,0,2,1,2,0,1,0,0.00,76.99 ,50
03,013,00,021,0365,0,743,9,752,950,0,2,1,2,0,1,0,0.00,79.16 ,50
03,013,00,021,0366,0,767,11,778,1087,0,2,1,2,0,1,0,0.00,71.57 ,50
03,013,00,021,0367,0,1584,17,1601,2107,0,2,1,2,0,1,0,0.00,75.98 ,50
03,013,00,022,0368,0,950,10,960,1650,0,2,1,2,0,1,0,0.00,58.18 ,50
03,013,00,022,0369,0,572,8,580,966,0,2,1,2,0,1,0,0.00,60.04 ,50
03,013,00,022,0370,0,442,6,448,757,0,2,1,2,0,1,0,0.00,59.18 ,50
03,013,00,022,0371,0,744,12,756,1327,0,2,1,2,0,1,0,0.00,56.97 ,50
03,013,00,022,0372,0,538,7,545,1021,0,2,1,2,0,1,0,0.00,53.38 ,50
03,013,00,022,0373,0,488,12,500,944,0,2,1,2,0,1,0,0.00,52.97 ,50
03,013,00,022,0374,0,673,7,680,1200,0,2,1,2,0,1,0,0.00,56.67 ,50
03,013,00,022,0375,0,368,12,380,675,0,2,1,2,0,1,0,0.00,56.30 ,50
03,013,00,023,0376,0,947,20,967,1404,0,2,1,2,0,1,0,0.00,68.87 ,50
03,013,00,023,0377,0,401,6,407,589,0,2,1,2,0,1,0,0.00,69.10 ,50
03,013,00,023,0378,0,510,8,518,798,0,2,1,2,0,1,0,0.00,64.91 ,50
03,013,00,023,0379,0,536,11,547,878,0,2,1,2,0,1,0,0.00,62.30 ,50
03,013,00,023,0380,0,273,4,277,455,0,2,1,2,0,1,0,0.00,60.88 ,50
03,013,00,023,0381,0,659,10,669,1104,0,2,1,2,0,1,0,0.00,60.60 ,50
03,013,00,023,0382,0,886,11,897,1499,0,2,1,2,0,1,0,0.00,59.84 ,50
03,013,00,023,0383,0,297,3,300,445,0,2,1,2,0,1,0,0.00,67.42 ,50
03,013,00,023,0384,0,288,6,294,447,0,2,1,2,0,1,0,0.00,65.77 ,50
03,013,00,023,0385,0,310,18,328,548,0,2,1,2,0,1,0,0.00,59.85 ,50
03,013,00,023,0386,0,333,6,339,532,0,2,1,2,0,1,0,0.00,63.72 ,50
03,013,00,024,0387,0,918,14,932,1535,0,2,1,2,0,1,0,0.00,60.72 ,50
03,013,00,024,0388,0,210,6,216,373,0,2,1,2,0,1,0,0.00,57.91 ,50
03,013,00,024,0389,0,774,15,789,1315,0,2,1,2,0,1,0,0.00,60.00 ,50
03,013,00,024,0390,0,700,12,712,1145,0,2,1,2,0,1,0,0.00,62.18 ,50
03,013,00,024,0391,0,271,0,271,479,0,2,1,2,0,1,0,0.00,56.58 ,50
03,013,00,024,0392,0,789,17,806,1409,0,2,1,2,0,1,0,0.00,57.20 ,50
03,013,00,024,0393,0,146,1,147,246,0,2,1,2,0,1,0,0.00,59.76 ,50
03,013,00,024,0394,0,217,2,219,328,0,2,1,2,0,1,0,0.00,66.77 ,50
03,013,00,025,0395,0,685,7,692,1046,0,2,1,2,0,1,0,0.00,66.16 ,50
03,013,00,025,0396,0,1305,18,1323,1808,0,2,1,2,0,1,0,0.00,73.17 ,50
03,013,00,025,0397,0,642,17,659,1177,0,2,1,2,0,1,0,0.00,55.99 ,50
03,013,00,025,0398,0,579,12,591,1051,0,2,1,2,0,1,0,0.00,56.23 ,50
03,013,00,026,0399,0,795,7,802,1066,0,2,1,2,0,1,0,0.00,75.23 ,50
03,013,00,026,0400,0,344,9,353,492,0,2,1,2,0,1,0,0.00,71.75 ,50
03,013,00,026,0401,0,305,8,313,427,0,2,1,2,0,1,0,0.00,73.30 ,50
03,013,00,026,0402,0,189,1,190,257,0,2,1,2,0,1,0,0.00,73.93 ,50
03,013,00,026,0403,0,242,2,244,346,0,2,1,2,0,1,0,0.00,70.52 ,50
03,013,00,026,0404,0,413,3,416,565,0,2,1,2,0,1,0,0.00,73.63 ,50
03,013,00,026,0405,0,397,3,400,512,0,2,1,2,0,1,0,0.00,78.13 ,50
03,013,00,026,0406,0,174,1,175,237,0,2,1,2,0,1,0,0.00,73.84 ,50
03,013,00,026,0407,0,292,8,300,486,0,2,1,2,0,1,0,0.00,61.73 ,50
03,013,00,026,0408,0,313,11,324,448,0,2,1,2,0,1,0,0.00,72.32 ,50
03,013,00,027,0409,0,654,18,672,939,0,2,1,2,0,1,0,0.00,71.57 ,50
03,013,00,027,0410,0,233,1,234,352,0,2,1,2,0,1,0,0.00,66.48 ,50
03,013,00,027,0411,0,169,0,169,214,0,2,1,2,0,1,0,0.00,78.97 ,50
03,013,00,027,0412,0,86,1,87,125,0,2,1,2,0,1,0,0.00,69.60 ,50
03,013,00,027,0413,0,240,9,249,352,0,2,1,2,0,1,0,0.00,70.74 ,50
03,013,00,027,0414,0,180,4,184,258,0,2,1,2,0,1,0,0.00,71.32 ,50
03,013,00,028,0415,0,195,2,197,275,0,2,1,2,0,1,0,0.00,71.64 ,50
03,013,00,028,0416,0,502,4,506,692,0,2,1,2,0,1,0,0.00,73.12 ,50
03,013,00,028,0417,0,573,4,577,796,0,2,1,2,0,1,0,0.00,72.49 ,50
03,013,00,028,0418,0,502,0,502,735,0,2,1,2,0,1,0,0.00,68.30 ,50
03,013,00,028,0419,0,200,5,205,291,0,2,1,2,0,1,0,0.00,70.45 ,50
03,013,00,028,0420,0,1157,22,1179,1522,0,2,1,2,0,1,0,0.00,77.46 ,50
03,013,00,029,0421,0,427,6,433,617,0,2,1,2,0,1,0,0.00,70.18 ,50
03,013,00,029,0422,0,538,17,555,755,0,2,1,2,0,1,0,0.00,73.51 ,50
03,013,00,029,0423,0,350,2,352,430,0,2,1,2,0,1,0,0.00,81.86 ,50
03,013,00,029,0424,0,227,2,229,332,0,2,1,2,0,1,0,0.00,68.98 ,50
03,013,00,029,0425,0,359,0,359,498,0,2,1,2,0,1,0,0.00,72.09 ,50
03,013,00,029,0426,0,425,4,429,584,0,2,1,2,0,1,0,0.00,73.46 ,50
03,013,00,030,0427,0,527,6,533,747,0,2,1,2,0,1,0,0.00,71.35 ,50
03,013,00,030,0428,0,357,2,359,479,0,2,1,2,0,1,0,0.00,74.95 ,50
03,013,00,030,0429,0,463,4,467,572,0,2,1,2,0,1,0,0.00,81.64 ,50
03,013,00,030,0430,0,705,16,721,980,0,2,1,2,0,1,0,0.00,73.57 ,50
03,013,00,030,0431,0,520,9,529,708,0,2,1,2,0,1,0,0.00,74.72 ,50
03,013,00,030,0432,0,566,2,568,716,0,2,1,2,0,1,0,0.00,79.33 ,50
03,013,00,030,0433,0,772,12,784,1082,0,2,1,2,0,1,0,0.00,72.46 ,50
03,013,00,031,0434,0,480,4,484,711,0,2,1,2,0,1,0,0.00,68.07 ,50
03,013,00,031,0435,0,417,8,425,608,0,2,1,2,0,1,0,0.00,69.90 ,50
03,013,00,031,0436,0,205,4,209,300,0,2,1,2,0,1,0,0.00,69.67 ,50
03,013,00,031,0437,0,487,14,501,664,0,2,1,2,0,1,0,0.00,75.45 ,50
03,013,00,031,0438,0,603,10,613,776,0,2,1,2,0,1,0,0.00,78.99 ,50
03,013,00,031,0439,0,314,3,317,427,0,2,1,2,0,1,0,0.00,74.24 ,50
03,013,00,032,0440,0,217,3,220,315,0,2,1,2,0,1,0,0.00,69.84 ,50
03,013,00,032,0441,0,368,7,375,491,0,2,1,2,0,1,0,0.00,76.37 ,50
03,013,00,032,0442,0,222,4,226,359,0,2,1,2,0,1,0,0.00,62.95 ,50
03,013,00,032,0443,0,155,3,158,225,0,2,1,2,0,1,0,0.00,70.22 ,50
03,013,00,032,0444,0,391,6,397,645,0,2,1,2,0,1,0,0.00,61.55 ,50
03,013,00,032,0445,0,420,5,425,700,0,2,1,2,0,1,0,0.00,60.71 ,50
03,013,00,032,0446,0,446,1,447,659,0,2,1,2,0,1,0,0.00,67.83 ,50
03,013,00,032,0447,0,160,0,160,237,0,2,1,2,0,1,0,0.00,67.51 ,50
03,013,00,033,0448,0,826,9,835,1289,0,2,1,2,0,1,0,0.00,64.78 ,50
03,013,00,033,0449,0,498,3,501,769,0,2,1,2,0,1,0,0.00,65.15 ,50
03,013,00,033,0450,0,267,6,273,417,0,2,1,2,0,1,0,0.00,65.47 ,50
03,013,00,033,0451,0,182,1,183,336,0,2,1,2,0,1,0,0.00,54.46 ,50
03,013,00,033,0452,0,331,1,332,471,0,2,1,2,0,1,0,0.00,70.49 ,50
03,013,00,033,0453,0,287,4,291,511,0,2,1,2,0,1,0,0.00,56.95 ,50
03,014,00,001,0001,0,997,7,1004,1398,0,2,1,2,0,1,0,0.00,71.82 ,50
03,014,00,001,0002,0,1454,7,1461,1949,0,2,1,2,0,1,0,0.00,74.96 ,50
03,014,00,001,0003,0,2321,19,2340,3300,0,2,1,2,0,1,0,0.00,70.91 ,50
03,014,00,001,0004,0,1792,19,1811,2644,0,2,1,2,0,1,0,0.00,68.49 ,50
03,014,00,001,0005,0,544,7,551,823,0,2,1,2,0,1,0,0.00,66.95 ,50
03,014,00,001,0006,0,771,4,775,1122,0,2,1,2,0,1,0,0.00,69.07 ,50
03,014,00,001,0007,0,417,4,421,750,0,2,1,2,0,1,0,0.00,56.13 ,50
03,014,00,001,0008,0,1200,16,1216,1796,0,2,1,2,0,1,0,0.00,67.71 ,50
03,014,00,001,0009,0,543,11,554,817,0,2,1,2,0,1,0,0.00,67.81 ,50
03,014,00,001,0010,0,445,3,448,656,0,2,1,2,0,1,0,0.00,68.29 ,50
03,014,00,001,0011,0,515,5,520,776,0,2,1,2,0,1,0,0.00,67.01 ,50
03,014,00,001,0012,0,620,11,631,977,0,2,1,2,0,1,0,0.00,64.59 ,50
03,014,00,001,0013,0,1004,11,1015,1529,0,2,1,2,0,1,0,0.00,66.38 ,50
03,014,00,001,0014,0,642,6,648,913,0,2,1,2,0,1,0,0.00,70.97 ,50
03,014,00,001,0015,0,848,3,851,1135,0,2,1,2,0,1,0,0.00,74.98 ,50
03,014,00,001,0016,0,593,4,597,828,0,2,1,2,0,1,0,0.00,72.10 ,50
03,014,00,001,0017,0,334,0,334,504,0,2,1,2,0,1,0,0.00,66.27 ,50
03,014,00,001,0018,0,1553,19,1572,2282,0,2,1,2,0,1,0,0.00,68.89 ,50
03,014,00,001,0019,0,517,9,526,800,0,2,1,2,0,1,0,0.00,65.75 ,50
03,014,00,001,0020,0,369,7,376,596,0,2,1,2,0,1,0,0.00,63.09 ,50
03,014,00,001,0021,0,872,6,878,1286,0,2,1,2,0,1,0,0.00,68.27 ,50
03,014,00,001,0022,0,2907,35,2942,4453,0,2,1,2,0,1,0,0.00,66.07 ,50
03,014,00,001,0023,0,1587,17,1604,2379,0,2,1,2,0,1,0,0.00,67.42 ,50
03,014,00,001,0024,0,2443,26,2469,3472,0,2,1,2,0,1,0,0.00,71.11 ,50
03,014,00,001,0025,0,522,6,528,819,0,2,1,2,0,1,0,0.00,64.47 ,50
03,014,00,001,0026,0,1391,25,1416,2250,0,2,1,2,0,1,0,0.00,62.93 ,50
03,014,00,001,0027,0,749,11,760,1127,0,2,1,2,0,1,0,0.00,67.44 ,50
03,014,00,001,0028,0,712,8,720,1052,0,2,1,2,0,1,0,0.00,68.44 ,50
03,014,00,001,0029,0,623,9,632,985,0,2,1,2,0,1,0,0.00,64.16 ,50
03,014,00,001,0030,0,3533,46,3579,5298,0,2,1,2,0,1,0,0.00,67.55 ,50
03,014,00,001,0031,0,2519,52,2571,4028,0,2,1,2,0,1,0,0.00,63.83 ,50
03,014,00,001,0032,0,1128,24,1152,1797,0,2,1,2,0,1,0,0.00,64.11 ,50
03,014,00,001,0033,0,628,6,634,998,0,2,1,2,0,1,0,0.00,63.53 ,50
03,014,00,001,0034,0,887,15,902,1499,0,2,1,2,0,1,0,0.00,60.17 ,50
03,014,00,001,0035,0,521,8,529,848,0,2,1,2,0,1,0,0.00,62.38 ,50
03,014,00,001,0036,0,1601,57,1658,2534,0,2,1,2,0,1,0,0.00,65.43 ,50
03,014,00,001,0037,0,654,7,661,1150,0,2,1,2,0,1,0,0.00,57.48 ,50
03,014,00,001,0038,0,927,11,938,1445,0,2,1,2,0,1,0,0.00,64.91 ,50
03,014,00,001,0039,0,1426,19,1445,2211,0,2,1,2,0,1,0,0.00,65.36 ,50
03,014,00,001,0040,0,1231,13,1244,1871,0,2,1,2,0,1,0,0.00,66.49 ,50
03,014,00,001,0041,0,961,14,975,1547,0,2,1,2,0,1,0,0.00,63.03 ,50
03,014,00,001,0042,0,883,20,903,1467,0,2,1,2,0,1,0,0.00,61.55 ,50
03,014,00,001,0043,0,576,2,578,868,0,2,1,2,0,1,0,0.00,66.59 ,50
03,014,00,001,0044,0,881,12,893,1380,0,2,1,2,0,1,0,0.00,64.71 ,50
03,014,00,001,0045,0,681,8,689,1058,0,2,1,2,0,1,0,0.00,65.12 ,50
03,014,00,001,0046,0,875,26,901,1309,0,2,1,2,0,1,0,0.00,68.83 ,50
03,014,00,002,0047,0,1171,19,1190,2233,0,2,1,2,0,1,0,0.00,53.29 ,50
03,014,00,002,0048,0,511,5,516,988,0,2,1,2,0,1,0,0.00,52.23 ,50
03,014,00,002,0049,0,1938,15,1953,3068,0,2,1,2,0,1,0,0.00,63.66 ,50
03,014,00,002,0050,0,786,11,797,1196,0,2,1,2,0,1,0,0.00,66.64 ,50
03,014,00,002,0051,0,1522,22,1544,2680,0,2,1,2,0,1,0,0.00,57.61 ,50
03,014,00,002,0052,0,910,15,925,1724,0,2,1,2,0,1,0,0.00,53.65 ,50
03,014,00,002,0053,0,726,9,735,1276,0,2,1,2,0,1,0,0.00,57.60 ,50
03,014,00,002,0054,0,479,9,488,876,0,2,1,2,0,1,0,0.00,55.71 ,50
03,014,00,003,0055,0,1216,19,1235,1896,0,2,1,2,0,1,0,0.00,65.14 ,50
03,014,00,003,0056,0,621,7,628,905,0,2,1,2,0,1,0,0.00,69.39 ,50
03,014,00,003,0057,0,568,16,584,933,0,2,1,2,0,1,0,0.00,62.59 ,50
03,014,00,003,0058,0,628,4,632,1035,0,2,1,2,0,1,0,0.00,61.06 ,50
03,014,00,003,0059,0,500,8,508,813,0,2,1,2,0,1,0,0.00,62.48 ,50
03,014,00,003,0060,0,1169,19,1188,1956,0,2,1,2,0,1,0,0.00,60.74 ,50
03,014,00,003,0061,0,347,10,357,624,0,2,1,2,0,1,0,0.00,57.21 ,50
03,014,00,004,0062,0,1365,17,1382,2134,0,2,1,2,0,1,0,0.00,64.76 ,50
03,014,00,004,0063,0,610,8,618,1042,0,2,1,2,0,1,0,0.00,59.31 ,50
03,014,00,004,0064,0,872,16,888,1382,0,2,1,2,0,1,0,0.00,64.25 ,50
03,014,00,004,0065,0,752,25,777,1285,0,2,1,2,0,1,0,0.00,60.47 ,50
03,014,00,004,0066,0,355,6,361,556,0,2,1,2,0,1,0,0.00,64.93 ,50
03,014,00,004,0067,0,2194,40,2234,3240,0,2,1,2,0,1,0,0.00,68.95 ,50
03,014,00,004,0068,0,715,13,728,1082,0,2,1,2,0,1,0,0.00,67.28 ,50
03,014,00,004,0069,0,555,11,566,922,0,2,1,2,0,1,0,0.00,61.39 ,50
03,014,00,004,0070,0,651,20,671,1105,0,2,1,2,0,1,0,0.00,60.72 ,50
03,014,00,004,0071,0,652,10,662,1088,0,2,1,2,0,1,0,0.00,60.85 ,50
03,014,00,004,0072,0,373,9,382,577,0,2,1,2,0,1,0,0.00,66.20 ,50
03,014,00,004,0073,0,229,1,230,375,0,2,1,2,0,1,0,0.00,61.33 ,50
03,014,00,004,0074,0,258,2,260,462,0,2,1,2,0,1,0,0.00,56.28 ,50
03,014,00,005,0075,0,766,11,777,1257,0,2,1,2,0,1,0,0.00,61.81 ,50
03,014,00,005,0076,0,673,17,690,1135,0,2,1,2,0,1,0,0.00,60.79 ,50
03,014,00,005,0077,0,817,23,840,1433,0,2,1,2,0,1,0,0.00,58.62 ,50
03,014,00,005,0078,0,656,6,662,1090,0,2,1,2,0,1,0,0.00,60.73 ,50
03,014,00,005,0079,0,570,7,577,1024,0,2,1,2,0,1,0,0.00,56.35 ,50
03,014,00,005,0080,0,443,6,449,776,0,2,1,2,0,1,0,0.00,57.86 ,50
03,014,00,005,0081,0,610,18,628,1073,0,2,1,2,0,1,0,0.00,58.53 ,50
03,014,00,006,0082,0,1284,19,1303,1945,0,2,1,2,0,1,0,0.00,66.99 ,50
03,014,00,006,0083,0,936,21,957,1609,0,2,1,2,0,1,0,0.00,59.48 ,50
03,014,00,006,0084,0,455,11,466,755,0,2,1,2,0,1,0,0.00,61.72 ,50
03,014,00,006,0085,0,196,3,199,401,0,2,1,2,0,1,0,0.00,49.63 ,50
03,014,00,006,0086,0,456,10,466,812,0,2,1,2,0,1,0,0.00,57.39 ,50
03,014,00,006,0087,0,604,9,613,984,0,2,1,2,0,1,0,0.00,62.30 ,50
03,014,00,006,0088,0,281,6,287,482,0,2,1,2,0,1,0,0.00,59.54 ,50
03,014,00,006,0089,0,221,5,226,416,0,2,1,2,0,1,0,0.00,54.33 ,50
03,014,00,006,0090,0,277,6,283,504,0,2,1,2,0,1,0,0.00,56.15 ,50
03,014,00,006,0091,0,229,8,237,478,0,2,1,2,0,1,0,0.00,49.58 ,50
03,014,00,007,0092,0,1467,23,1490,2549,0,2,1,2,0,1,0,0.00,58.45 ,50
03,014,00,007,0093,0,677,18,695,1297,0,2,1,2,0,1,0,0.00,53.59 ,50
03,014,00,007,0094,0,363,5,368,665,0,2,1,2,0,1,0,0.00,55.34 ,50
03,014,00,007,0095,0,637,13,650,1150,0,2,1,2,0,1,0,0.00,56.52 ,50
03,014,00,007,0096,0,935,13,948,1598,0,2,1,2,0,1,0,0.00,59.32 ,50
03,014,00,007,0097,0,956,19,975,2228,0,2,1,2,0,1,0,0.00,43.76 ,50
03,014,00,007,0098,0,159,1,160,299,0,2,1,2,0,1,0,0.00,53.51 ,50
03,014,00,008,0099,0,886,15,901,1745,0,2,1,2,0,1,0,0.00,51.63 ,50
03,014,00,008,0100,0,674,10,684,1250,0,2,1,2,0,1,0,0.00,54.72 ,50
03,014,00,008,0101,0,813,14,827,1417,0,2,1,2,0,1,0,0.00,58.36 ,50
03,014,00,008,0102,0,337,9,346,694,0,2,1,2,0,1,0,0.00,49.86 ,50
03,014,00,008,0103,0,496,5,501,940,0,2,1,2,0,1,0,0.00,53.30 ,50
03,014,00,008,0104,0,924,10,934,1734,0,2,1,2,0,1,0,0.00,53.86 ,50
03,014,00,008,0105,0,464,6,470,875,0,2,1,2,0,1,0,0.00,53.71 ,50
03,014,00,009,0106,0,793,5,798,1214,0,2,1,2,0,1,0,0.00,65.73 ,50
03,014,00,009,0107,0,407,2,409,623,0,2,1,2,0,1,0,0.00,65.65 ,50
03,014,00,009,0108,0,468,5,473,762,0,2,1,2,0,1,0,0.00,62.07 ,50
03,014,00,009,0109,0,332,6,338,567,0,2,1,2,0,1,0,0.00,59.61 ,50
03,014,00,009,0110,0,985,8,993,1668,0,2,1,2,0,1,0,0.00,59.53 ,50
03,014,00,009,0111,0,973,11,984,1561,0,2,1,2,0,1,0,0.00,63.04 ,50
03,014,00,009,0112,0,530,5,535,946,0,2,1,2,0,1,0,0.00,56.55 ,50
03,014,00,009,0113,0,1063,17,1080,1827,0,2,1,2,0,1,0,0.00,59.11 ,50
03,014,00,009,0114,0,531,11,542,987,0,2,1,2,0,1,0,0.00,54.91 ,50
03,014,00,010,0115,0,289,1,290,485,0,2,1,2,0,1,0,0.00,59.79 ,50
03,014,00,010,0116,0,781,9,790,1346,0,2,1,2,0,1,0,0.00,58.69 ,50
03,014,00,010,0117,0,718,17,735,1201,0,2,1,2,0,1,0,0.00,61.20 ,50
03,014,00,010,0118,0,535,9,544,1019,0,2,1,2,0,1,0,0.00,53.39 ,50
03,014,00,010,0119,0,385,10,395,753,0,2,1,2,0,1,0,0.00,52.46 ,50
03,014,00,011,0120,0,351,1,352,595,0,2,1,2,0,1,0,0.00,59.16 ,50
03,014,00,011,0121,0,370,0,370,624,0,2,1,2,0,1,0,0.00,59.29 ,50
03,014,00,011,0122,0,302,8,310,511,0,2,1,2,0,1,0,0.00,60.67 ,50
03,014,00,012,0123,0,283,8,291,482,0,2,1,2,0,1,0,0.00,60.37 ,50
03,014,00,012,0124,0,340,10,350,547,0,2,1,2,0,1,0,0.00,63.99 ,50
03,014,00,012,0125,0,479,17,496,877,0,2,1,2,0,1,0,0.00,56.56 ,50
03,014,00,012,0126,0,387,6,393,672,0,2,1,2,0,1,0,0.00,58.48 ,50
03,014,00,012,0127,0,179,2,181,281,0,2,1,2,0,1,0,0.00,64.41 ,50
03,014,00,012,0128,0,144,7,151,226,0,2,1,2,0,1,0,0.00,66.81 ,50
03,014,00,013,0129,0,508,4,512,816,0,2,1,2,0,1,0,0.00,62.75 ,50
03,014,00,013,0130,0,236,3,239,390,0,2,1,2,0,1,0,0.00,61.28 ,50
03,014,00,013,0131,0,157,0,157,257,0,2,1,2,0,1,0,0.00,61.09 ,50
03,014,00,013,0132,0,318,6,324,572,0,2,1,2,0,1,0,0.00,56.64 ,50
03,014,00,013,0133,0,335,6,341,573,0,2,1,2,0,1,0,0.00,59.51 ,50
03,014,00,014,0134,0,532,5,537,934,0,2,1,2,0,1,0,0.00,57.49 ,50
03,014,00,014,0135,0,288,2,290,452,0,2,1,2,0,1,0,0.00,64.16 ,50
03,014,00,014,0136,0,229,3,232,340,0,2,1,2,0,1,0,0.00,68.24 ,50
03,014,00,014,0137,0,196,4,200,288,0,2,1,2,0,1,0,0.00,69.44 ,50
03,014,00,014,0138,0,207,4,211,295,0,2,1,2,0,1,0,0.00,71.53 ,50
03,014,00,015,0139,0,387,4,391,675,0,2,1,2,0,1,0,0.00,57.93 ,50
03,014,00,015,0140,0,114,1,115,181,0,2,1,2,0,1,0,0.00,63.54 ,50
03,014,00,015,0141,0,215,2,217,344,0,2,1,2,0,1,0,0.00,63.08 ,50
03,014,00,015,0142,0,229,2,231,359,0,2,1,2,0,1,0,0.00,64.35 ,50
03,014,00,015,0143,0,322,3,325,593,0,2,1,2,0,1,0,0.00,54.81 ,50
03,014,00,015,0144,0,379,4,383,769,0,2,1,2,0,1,0,0.00,49.80 ,50
03,014,00,016,0145,0,284,22,306,438,0,2,1,2,0,1,0,0.00,69.86 ,50
03,014,00,016,0146,0,275,41,316,549,0,2,1,2,0,1,0,0.00,57.56 ,50
03,014,00,016,0147,0,288,35,323,583,0,2,1,2,0,1,0,0.00,55.40 ,50
03,014,00,016,0148,0,205,15,220,337,0,2,1,2,0,1,0,0.00,65.28 ,50
03,015,00,001,0001,0,1122,9,1131,1554,0,2,1,2,0,1,0,0.00,72.78 ,50
03,015,00,001,0002,0,2474,22,2496,3456,0,2,1,2,0,1,0,0.00,72.22 ,50
03,015,00,001,0003,0,2247,53,2300,3343,0,2,1,2,0,1,0,0.00,68.80 ,50
03,015,00,001,0004,0,501,3,504,706,0,2,1,2,0,1,0,0.00,71.39 ,50
03,015,00,001,0005,0,2163,13,2176,3059,0,2,1,2,0,1,0,0.00,71.13 ,50
03,015,00,001,0006,0,1299,15,1314,1824,0,2,1,2,0,1,0,0.00,72.04 ,50
03,015,00,001,0007,0,1834,21,1855,2546,0,2,1,2,0,1,0,0.00,72.86 ,50
03,015,00,001,0008,0,1163,11,1174,1529,0,2,1,2,0,1,0,0.00,76.78 ,50
03,015,00,001,0009,0,295,4,299,425,0,2,1,2,0,1,0,0.00,70.35 ,50
03,015,00,001,0010,0,465,3,468,654,0,2,1,2,0,1,0,0.00,71.56 ,50
03,015,00,001,0011,0,501,1,502,724,0,2,1,2,0,1,0,0.00,69.34 ,50
03,015,00,001,0012,0,399,3,402,555,0,2,1,2,0,1,0,0.00,72.43 ,50
03,015,00,001,0013,0,456,3,459,653,0,2,1,2,0,1,0,0.00,70.29 ,50
03,015,00,001,0014,0,1040,8,1048,1450,0,2,1,2,0,1,0,0.00,72.28 ,50
03,015,00,001,0015,0,401,6,407,554,0,2,1,2,0,1,0,0.00,73.47 ,50
03,015,00,001,0016,0,620,6,626,841,0,2,1,2,0,1,0,0.00,74.44 ,50
03,015,00,001,0017,0,784,8,792,1090,0,2,1,2,0,1,0,0.00,72.66 ,50
03,015,00,001,0018,0,527,3,530,727,0,2,1,2,0,1,0,0.00,72.90 ,50
03,015,00,001,0019,0,567,5,572,786,0,2,1,2,0,1,0,0.00,72.77 ,50
03,015,00,001,0020,0,713,5,718,1023,0,2,1,2,0,1,0,0.00,70.19 ,50
03,015,00,001,0021,0,559,4,563,814,0,2,1,2,0,1,0,0.00,69.16 ,50
03,015,00,001,0022,0,1927,21,1948,2772,0,2,1,2,0,1,0,0.00,70.27 ,50
03,015,00,001,0023,0,1155,8,1163,1606,0,2,1,2,0,1,0,0.00,72.42 ,50
03,015,00,001,0024,0,3487,41,3528,4794,0,2,1,2,0,1,0,0.00,73.59 ,50
03,015,00,001,0025,0,2512,26,2538,3584,0,2,1,2,0,1,0,0.00,70.81 ,50
03,015,00,001,0026,0,1665,11,1676,2270,0,2,1,2,0,1,0,0.00,73.83 ,50
03,015,00,001,0027,0,2217,16,2233,3116,0,2,1,2,0,1,0,0.00,71.66 ,50
03,015,00,001,0028,0,1176,12,1188,1596,0,2,1,2,0,1,0,0.00,74.44 ,50
03,015,00,001,0029,0,800,8,808,1126,0,2,1,2,0,1,0,0.00,71.76 ,50
03,015,00,001,0030,0,339,2,341,466,0,2,1,2,0,1,0,0.00,73.18 ,50
03,015,00,001,0031,0,1097,13,1110,1511,0,2,1,2,0,1,0,0.00,73.46 ,50
03,015,00,001,0032,0,551,3,554,779,0,2,1,2,0,1,0,0.00,71.12 ,50
03,015,00,001,0033,0,1519,14,1533,2158,0,2,1,2,0,1,0,0.00,71.04 ,50
03,015,00,001,0034,0,1292,12,1304,1795,0,2,1,2,0,1,0,0.00,72.65 ,50
03,015,00,001,0035,0,2750,21,2771,3976,0,2,1,2,0,1,0,0.00,69.69 ,50
03,015,00,001,0036,0,607,10,617,875,0,2,1,2,0,1,0,0.00,70.51 ,50
03,015,00,001,0037,0,2969,20,2989,4056,0,2,1,2,0,1,0,0.00,73.69 ,50
03,015,00,001,0038,0,1973,16,1989,2706,0,2,1,2,0,1,0,0.00,73.50 ,50
03,015,00,001,0039,0,2174,26,2200,3160,0,2,1,2,0,1,0,0.00,69.62 ,50
03,015,00,001,0040,0,757,8,765,1151,0,2,1,2,0,1,0,0.00,66.46 ,50
03,015,00,002,0041,0,811,6,817,1157,0,2,1,2,0,1,0,0.00,70.61 ,50
03,015,00,002,0042,0,501,8,509,725,0,2,1,2,0,1,0,0.00,70.21 ,50
03,015,00,002,0043,0,555,5,560,754,0,2,1,2,0,1,0,0.00,74.27 ,50
03,015,00,002,0044,0,929,9,938,1300,0,2,1,2,0,1,0,0.00,72.15 ,50
03,015,00,002,0045,0,1009,16,1025,1522,0,2,1,2,0,1,0,0.00,67.35 ,50
03,015,00,002,0046,0,408,6,414,661,0,2,1,2,0,1,0,0.00,62.63 ,50
03,015,00,002,0047,0,885,11,896,1397,0,2,1,2,0,1,0,0.00,64.14 ,50
03,015,00,002,0048,0,470,5,475,690,0,2,1,2,0,1,0,0.00,68.84 ,50
03,015,00,002,0049,0,504,1,505,756,0,2,1,2,0,1,0,0.00,66.80 ,50
03,015,00,002,0050,0,674,4,678,919,0,2,1,2,0,1,0,0.00,73.78 ,50
03,015,00,002,0051,0,755,5,760,1175,0,2,1,2,0,1,0,0.00,64.68 ,50
03,015,00,002,0052,0,181,2,183,295,0,2,1,2,0,1,0,0.00,62.03 ,50
03,015,00,003,0053,0,2723,44,2767,4189,0,2,1,2,0,1,0,0.00,66.05 ,50
03,015,00,003,0054,0,979,7,986,1457,0,2,1,2,0,1,0,0.00,67.67 ,50
03,015,00,003,0055,0,1277,32,1309,2043,0,2,1,2,0,1,0,0.00,64.07 ,50
03,015,00,003,0056,0,1569,190,1759,3158,0,2,1,2,0,1,0,0.00,55.70 ,50
03,015,00,003,0057,0,840,9,849,1318,0,2,1,2,0,1,0,0.00,64.42 ,50
03,015,00,003,0058,0,819,17,836,1364,0,2,1,2,0,1,0,0.00,61.29 ,50
03,015,00,003,0059,0,526,50,576,1029,0,2,1,2,0,1,0,0.00,55.98 ,50
03,015,00,003,0060,0,756,15,771,1326,0,2,1,2,0,1,0,0.00,58.14 ,50
03,015,00,003,0061,0,358,8,366,624,0,2,1,2,0,1,0,0.00,58.65 ,50
03,015,00,003,0062,0,1106,20,1126,1906,0,2,1,2,0,1,0,0.00,59.08 ,50
03,015,00,003,0063,0,986,18,1004,1914,0,2,1,2,0,1,0,0.00,52.46 ,50
03,015,00,003,0064,0,629,12,641,1142,0,2,1,2,0,1,0,0.00,56.13 ,50
03,015,00,003,0065,0,447,7,454,881,0,2,1,2,0,1,0,0.00,51.53 ,50
03,015,00,003,0066,0,642,13,655,1130,0,2,1,2,0,1,0,0.00,57.96 ,50
03,015,00,003,0067,0,799,10,809,1316,0,2,1,2,0,1,0,0.00,61.47 ,50
03,015,00,004,0068,0,985,13,998,1406,0,2,1,2,0,1,0,0.00,70.98 ,50
03,015,00,004,0069,0,601,4,605,914,0,2,1,2,0,1,0,0.00,66.19 ,50
03,015,00,004,0070,0,1575,17,1592,2275,0,2,1,2,0,1,0,0.00,69.98 ,50
03,015,00,004,0071,0,3286,42,3328,4940,0,2,1,2,0,1,0,0.00,67.37 ,50
03,015,00,004,0072,0,411,4,415,615,0,2,1,2,0,1,0,0.00,67.48 ,50
03,015,00,004,0073,0,2081,23,2104,2810,0,2,1,2,0,1,0,0.00,74.88 ,50
03,015,00,004,0074,0,886,25,911,1214,0,2,1,2,0,1,0,0.00,75.04 ,50
03,015,00,005,0075,0,1981,21,2002,2775,0,2,1,2,0,1,0,0.00,72.14 ,50
03,015,00,005,0076,0,1788,15,1803,2579,0,2,1,2,0,1,0,0.00,69.91 ,50
03,015,00,005,0077,0,2544,34,2578,3748,0,2,1,2,0,1,0,0.00,68.78 ,50
03,015,00,005,0078,0,1734,14,1748,2461,0,2,1,2,0,1,0,0.00,71.03 ,50
03,015,00,005,0079,0,1318,27,1345,1896,0,2,1,2,0,1,0,0.00,70.94 ,50
03,015,00,005,0080,0,1008,20,1028,1522,0,2,1,2,0,1,0,0.00,67.54 ,50
03,015,00,005,0081,0,761,18,779,1278,0,2,1,2,0,1,0,0.00,60.95 ,50
03,015,00,005,0082,0,1096,17,1113,1582,0,2,1,2,0,1,0,0.00,70.35 ,50
03,015,00,005,0083,0,1442,18,1460,2044,0,2,1,2,0,1,0,0.00,71.43 ,50
03,015,00,005,0084,0,1692,23,1715,2502,0,2,1,2,0,1,0,0.00,68.55 ,50
03,015,00,005,0085,0,2129,16,2145,2984,0,2,1,2,0,1,0,0.00,71.88 ,50
03,015,00,005,0086,0,3704,32,3736,5116,0,2,1,2,0,1,0,0.00,73.03 ,50
03,015,00,005,0087,0,1993,23,2016,2774,0,2,1,2,0,1,0,0.00,72.67 ,50
03,015,00,005,0088,0,3401,38,3439,4751,0,2,1,2,0,1,0,0.00,72.38 ,50
03,015,00,005,0089,0,2572,36,2608,3671,0,2,1,2,0,1,0,0.00,71.04 ,50
03,015,00,005,0090,0,1065,14,1079,1575,0,2,1,2,0,1,0,0.00,68.51 ,50
03,015,00,005,0091,0,2273,29,2302,3317,0,2,1,2,0,1,0,0.00,69.40 ,50
03,015,00,005,0092,0,666,10,676,954,0,2,1,2,0,1,0,0.00,70.86 ,50
03,015,00,006,0093,0,743,5,748,1046,0,2,1,2,0,1,0,0.00,71.51 ,50
03,015,00,006,0094,0,232,3,235,354,0,2,1,2,0,1,0,0.00,66.38 ,50
03,015,00,006,0095,0,1302,13,1315,1929,0,2,1,2,0,1,0,0.00,68.17 ,50
03,015,00,006,0096,0,886,10,896,1319,0,2,1,2,0,1,0,0.00,67.93 ,50
03,015,00,006,0097,0,550,4,554,837,0,2,1,2,0,1,0,0.00,66.19 ,50
03,015,00,006,0098,0,1050,15,1065,1526,0,2,1,2,0,1,0,0.00,69.79 ,50
03,015,00,006,0099,0,437,13,450,647,0,2,1,2,0,1,0,0.00,69.55 ,50
03,015,00,006,0100,0,542,8,550,769,0,2,1,2,0,1,0,0.00,71.52 ,50
03,015,00,006,0101,0,604,13,617,872,0,2,1,2,0,1,0,0.00,70.76 ,50
03,015,00,006,0102,0,894,9,903,1313,0,2,1,2,0,1,0,0.00,68.77 ,50
03,015,00,006,0103,0,1480,24,1504,2218,0,2,1,2,0,1,0,0.00,67.81 ,50
03,015,00,006,0104,0,221,6,227,304,0,2,1,2,0,1,0,0.00,74.67 ,50
03,015,00,006,0105,0,542,10,552,824,0,2,1,2,0,1,0,0.00,66.99 ,50
03,015,00,006,0106,0,337,6,343,574,0,2,1,2,0,1,0,0.00,59.76 ,50
03,015,00,006,0107,0,650,10,660,966,0,2,1,2,0,1,0,0.00,68.32 ,50
03,015,00,007,0108,0,828,12,840,1248,0,2,1,2,0,1,0,0.00,67.31 ,50
03,015,00,007,0109,0,677,8,685,983,0,2,1,2,0,1,0,0.00,69.68 ,50
03,015,00,007,0110,0,702,9,711,1153,0,2,1,2,0,1,0,0.00,61.67 ,50
03,015,00,007,0111,0,636,11,647,1042,0,2,1,2,0,1,0,0.00,62.09 ,50
03,015,00,007,0112,0,663,3,666,1028,0,2,1,2,0,1,0,0.00,64.79 ,50
03,015,00,007,0113,0,739,7,746,1219,0,2,1,2,0,1,0,0.00,61.20 ,50
03,015,00,007,0114,0,347,4,351,555,0,2,1,2,0,1,0,0.00,63.24 ,50
03,015,00,007,0115,0,590,6,596,918,0,2,1,2,0,1,0,0.00,64.92 ,50
03,015,00,007,0116,0,623,3,626,1043,0,2,1,2,0,1,0,0.00,60.02 ,50
03,015,00,007,0117,0,333,10,343,532,0,2,1,2,0,1,0,0.00,64.47 ,50
03,015,00,007,0118,0,439,6,445,643,0,2,1,2,0,1,0,0.00,69.21 ,50
03,015,00,007,0119,0,578,9,587,927,0,2,1,2,0,1,0,0.00,63.32 ,50
03,015,00,007,0120,0,352,11,363,558,0,2,1,2,0,1,0,0.00,65.05 ,50
03,015,00,007,0121,0,263,3,266,433,0,2,1,2,0,1,0,0.00,61.43 ,50
03,015,00,007,0122,0,401,5,406,642,0,2,1,2,0,1,0,0.00,63.24 ,50
03,015,00,008,0123,0,466,10,476,894,0,2,1,2,0,1,0,0.00,53.24 ,50
03,015,00,008,0124,0,445,4,449,901,0,2,1,2,0,1,0,0.00,49.83 ,50
03,015,00,008,0125,0,1306,25,1331,2245,0,2,1,2,0,1,0,0.00,59.29 ,50
03,015,00,008,0126,0,443,2,445,728,0,2,1,2,0,1,0,0.00,61.13 ,50
03,015,00,008,0127,0,244,4,248,373,0,2,1,2,0,1,0,0.00,66.49 ,50
03,015,00,009,0128,0,1333,15,1348,2102,0,2,1,2,0,1,0,0.00,64.13 ,50
03,015,00,009,0129,0,1219,11,1230,1879,0,2,1,2,0,1,0,0.00,65.46 ,50
03,015,00,009,0130,0,402,6,408,609,0,2,1,2,0,1,0,0.00,67.00 ,50
03,015,00,009,0131,0,669,13,682,1049,0,2,1,2,0,1,0,0.00,65.01 ,50
03,015,00,009,0132,0,415,3,418,649,0,2,1,2,0,1,0,0.00,64.41 ,50
03,015,00,009,0133,0,604,11,615,996,0,2,1,2,0,1,0,0.00,61.75 ,50
03,015,00,009,0134,0,562,12,574,1028,0,2,1,2,0,1,0,0.00,55.84 ,50
03,015,00,009,0135,0,219,5,224,387,0,2,1,2,0,1,0,0.00,57.88 ,50
03,015,00,009,0136,0,629,6,635,974,0,2,1,2,0,1,0,0.00,65.20 ,50
03,015,00,009,0137,0,410,11,421,760,0,2,1,2,0,1,0,0.00,55.39 ,50
03,015,00,009,0138,0,608,18,626,1054,0,2,1,2,0,1,0,0.00,59.39 ,50
03,015,00,010,0139,0,326,5,331,631,0,2,1,2,0,1,0,0.00,52.46 ,50
03,015,00,010,0140,0,794,25,819,1472,0,2,1,2,0,1,0,0.00,55.64 ,50
03,015,00,010,0141,0,716,56,772,1301,0,2,1,2,0,1,0,0.00,59.34 ,50
03,015,00,010,0142,0,460,11,471,849,0,2,1,2,0,1,0,0.00,55.48 ,50
03,015,00,010,0143,0,723,9,732,1145,0,2,1,2,0,1,0,0.00,63.93 ,50
03,015,00,010,0144,0,260,4,264,486,0,2,1,2,0,1,0,0.00,54.32 ,50
03,015,00,010,0145,0,571,7,578,944,0,2,1,2,0,1,0,0.00,61.23 ,50
03,015,00,010,0146,0,287,4,291,454,0,2,1,2,0,1,0,0.00,64.10 ,50
03,015,00,010,0147,0,1077,12,1089,1764,0,2,1,2,0,1,0,0.00,61.73 ,50
03,015,00,010,0148,0,325,4,329,593,0,2,1,2,0,1,0,0.00,55.48 ,50
03,015,00,010,0149,0,448,13,461,811,0,2,1,2,0,1,0,0.00,56.84 ,50
03,015,00,010,0150,0,353,7,360,606,0,2,1,2,0,1,0,0.00,59.41 ,50
03,015,00,010,0151,0,399,4,403,695,0,2,1,2,0,1,0,0.00,57.99 ,50
03,015,00,011,0152,0,689,13,702,1101,0,2,1,2,0,1,0,0.00,63.76 ,50
03,015,00,011,0153,0,694,12,706,1094,0,2,1,2,0,1,0,0.00,64.53 ,50
03,015,00,011,0154,0,972,24,996,1486,0,2,1,2,0,1,0,0.00,67.03 ,50
03,015,00,011,0155,0,823,11,834,1319,0,2,1,2,0,1,0,0.00,63.23 ,50
03,015,00,011,0156,0,865,31,896,1362,0,2,1,2,0,1,0,0.00,65.79 ,50
03,015,00,011,0157,0,437,8,445,674,0,2,1,2,0,1,0,0.00,66.02 ,50
03,015,00,011,0158,0,523,5,528,740,0,2,1,2,0,1,0,0.00,71.35 ,50
03,015,00,011,0159,0,630,5,635,917,0,2,1,2,0,1,0,0.00,69.25 ,50
03,015,00,011,0160,0,590,13,603,867,0,2,1,2,0,1,0,0.00,69.55 ,50
03,015,00,012,0161,0,582,15,597,1010,0,2,1,2,0,1,0,0.00,59.11 ,50
03,015,00,012,0162,0,314,7,321,492,0,2,1,2,0,1,0,0.00,65.24 ,50
03,015,00,012,0163,0,413,5,418,647,0,2,1,2,0,1,0,0.00,64.61 ,50
03,015,00,012,0164,0,377,3,380,597,0,2,1,2,0,1,0,0.00,63.65 ,50
03,015,00,012,0165,0,565,9,574,937,0,2,1,2,0,1,0,0.00,61.26 ,50
03,015,00,012,0166,0,608,18,626,1067,0,2,1,2,0,1,0,0.00,58.67 ,50
03,015,00,013,0167,0,309,9,318,544,0,2,1,2,0,1,0,0.00,58.46 ,50
03,015,00,013,0168,0,616,11,627,1041,0,2,1,2,0,1,0,0.00,60.23 ,50
03,015,00,013,0169,0,445,9,454,687,0,2,1,2,0,1,0,0.00,66.08 ,50
03,015,00,013,0170,0,374,5,379,664,0,2,1,2,0,1,0,0.00,57.08 ,50
03,015,00,013,0171,0,539,13,552,959,0,2,1,2,0,1,0,0.00,57.56 ,50
03,015,00,013,0172,0,581,8,589,1048,0,2,1,2,0,1,0,0.00,56.20 ,50
03,016,00,001,0001,0,268,3,271,411,0,2,1,2,0,1,0,0.00,65.94 ,50
03,016,00,001,0002,0,261,0,261,349,0,2,1,2,0,1,0,0.00,74.79 ,50
03,016,00,001,0003,0,426,6,432,625,0,2,1,2,0,1,0,0.00,69.12 ,50
03,016,00,001,0004,0,379,8,387,553,0,2,1,2,0,1,0,0.00,69.98 ,50
03,016,00,001,0005,0,660,4,664,933,0,2,1,2,0,1,0,0.00,71.17 ,50
03,016,00,001,0006,0,786,10,796,1132,0,2,1,2,0,1,0,0.00,70.32 ,50
03,016,00,001,0007,0,546,8,554,768,0,2,1,2,0,1,0,0.00,72.14 ,50
03,016,00,001,0008,0,1242,17,1259,1793,0,2,1,2,0,1,0,0.00,70.22 ,50
03,016,00,001,0009,0,941,13,954,1403,0,2,1,2,0,1,0,0.00,68.00 ,50
03,016,00,001,0010,0,1571,19,1590,2208,0,2,1,2,0,1,0,0.00,72.01 ,50
03,016,00,001,0011,0,2698,20,2718,3921,0,2,1,2,0,1,0,0.00,69.32 ,50
03,016,00,001,0012,0,1530,20,1550,2250,0,2,1,2,0,1,0,0.00,68.89 ,50
03,016,00,001,0013,0,577,10,587,814,0,2,1,2,0,1,0,0.00,72.11 ,50
03,016,00,001,0014,0,1471,17,1488,2110,0,2,1,2,0,1,0,0.00,70.52 ,50
03,016,00,001,0015,0,1207,11,1218,1745,0,2,1,2,0,1,0,0.00,69.80 ,50
03,016,00,001,0016,0,1010,11,1021,1395,0,2,1,2,0,1,0,0.00,73.19 ,50
03,016,00,001,0017,0,858,6,864,1151,0,2,1,2,0,1,0,0.00,75.07 ,50
03,016,00,001,0018,0,333,5,338,512,0,2,1,2,0,1,0,0.00,66.02 ,50
03,016,00,001,0019,0,352,4,356,481,0,2,1,2,0,1,0,0.00,74.01 ,50
03,016,00,001,0020,0,704,9,713,1013,0,2,1,2,0,1,0,0.00,70.38 ,50
03,016,00,001,0021,0,246,5,251,328,0,2,1,2,0,1,0,0.00,76.52 ,50
03,016,00,001,0022,0,824,18,842,1126,0,2,1,2,0,1,0,0.00,74.78 ,50
03,016,00,001,0023,0,310,2,312,432,0,2,1,2,0,1,0,0.00,72.22 ,50
03,016,00,001,0024,0,363,4,367,532,0,2,1,2,0,1,0,0.00,68.98 ,50
03,016,00,001,0025,0,500,8,508,779,0,2,1,2,0,1,0,0.00,65.21 ,50
03,016,00,001,0026,0,237,1,238,325,0,2,1,2,0,1,0,0.00,73.23 ,50
03,016,00,001,0027,0,1156,24,1180,1860,0,2,1,2,0,1,0,0.00,63.44 ,50
03,016,00,001,0028,0,780,7,787,1246,0,2,1,2,0,1,0,0.00,63.16 ,50
03,016,00,001,0029,0,105,1,106,171,0,2,1,2,0,1,0,0.00,61.99 ,50
03,016,00,001,0030,0,214,7,221,319,0,2,1,2,0,1,0,0.00,69.28 ,50
03,016,00,001,0031,0,622,4,626,956,0,2,1,2,0,1,0,0.00,65.48 ,50
03,016,00,001,0032,0,570,12,582,1071,0,2,1,2,0,1,0,0.00,54.34 ,50
03,016,00,001,0033,0,223,9,232,547,0,2,1,2,0,1,0,0.00,42.41 ,50
03,016,00,001,0034,0,67,2,69,152,0,2,1,2,0,1,0,0.00,45.39 ,50
03,016,00,002,0035,0,544,12,556,808,0,2,1,2,0,1,0,0.00,68.81 ,50
03,016,00,002,0036,0,193,2,195,268,0,2,1,2,0,1,0,0.00,72.76 ,50
03,016,00,002,0037,0,131,1,132,212,0,2,1,2,0,1,0,0.00,62.26 ,50
03,016,00,002,0038,0,148,3,151,240,0,2,1,2,0,1,0,0.00,62.92 ,50
03,016,00,002,0039,0,357,2,359,598,0,2,1,2,0,1,0,0.00,60.03 ,50
03,016,00,002,0040,0,188,3,191,264,0,2,1,2,0,1,0,0.00,72.35 ,50
03,016,00,002,0041,0,316,5,321,508,0,2,1,2,0,1,0,0.00,63.19 ,50
03,016,00,002,0042,0,279,3,282,398,0,2,1,2,0,1,0,0.00,70.85 ,50
03,016,00,002,0043,0,263,4,267,386,0,2,1,2,0,1,0,0.00,69.17 ,50
03,016,00,002,0044,0,74,2,76,108,0,2,1,2,0,1,0,0.00,70.37 ,50
03,016,00,002,0045,0,476,6,482,741,0,2,1,2,0,1,0,0.00,65.05 ,50
03,016,00,002,0046,0,99,3,102,156,0,2,1,2,0,1,0,0.00,65.38 ,50
03,016,00,002,0047,0,197,2,199,385,0,2,1,2,0,1,0,0.00,51.69 ,50
03,016,00,002,0048,0,171,0,171,229,0,2,1,2,0,1,0,0.00,74.67 ,50
03,016,00,002,0049,0,118,2,120,182,0,2,1,2,0,1,0,0.00,65.93 ,50
03,016,00,002,0050,0,138,2,140,193,0,2,1,2,0,1,0,0.00,72.54 ,50
03,016,00,002,0051,0,50,0,50,76,0,2,1,2,0,1,0,0.00,65.79 ,50
03,016,00,002,0052,0,425,3,428,624,0,2,1,2,0,1,0,0.00,68.59 ,50
03,016,00,002,0053,0,520,6,526,793,0,2,1,2,0,1,0,0.00,66.33 ,50
03,016,00,002,0054,0,288,1,289,465,0,2,1,2,0,1,0,0.00,62.15 ,50
03,016,00,002,0055,0,967,11,978,1484,0,2,1,2,0,1,0,0.00,65.90 ,50
03,016,00,002,0056,0,383,5,388,605,0,2,1,2,0,1,0,0.00,64.13 ,50
03,016,00,003,0057,0,273,6,279,400,0,2,1,2,0,1,0,0.00,69.75 ,50
03,016,00,003,0058,0,353,3,356,499,0,2,1,2,0,1,0,0.00,71.34 ,50
03,016,00,003,0059,0,62,0,62,87,0,2,1,2,0,1,0,0.00,71.26 ,50
03,016,00,003,0060,0,76,0,76,103,0,2,1,2,0,1,0,0.00,73.79 ,50
03,016,00,003,0061,0,160,2,162,262,0,2,1,2,0,1,0,0.00,61.83 ,50
03,016,00,003,0062,0,107,2,109,179,0,2,1,2,0,1,0,0.00,60.89 ,50
03,016,00,003,0063,0,100,0,100,164,0,2,1,2,0,1,0,0.00,60.98 ,50
03,016,00,003,0064,0,769,16,785,1225,0,2,1,2,0,1,0,0.00,64.08 ,50
03,016,00,003,0065,0,174,1,175,273,0,2,1,2,0,1,0,0.00,64.10 ,50
03,016,00,003,0066,0,366,8,374,635,0,2,1,2,0,1,0,0.00,58.90 ,50
03,016,00,003,0067,0,437,5,442,704,0,2,1,2,0,1,0,0.00,62.78 ,50
03,016,00,003,0068,0,526,4,530,1129,0,2,1,2,0,1,0,0.00,46.94 ,50
03,016,00,003,0069,0,390,5,395,825,0,2,1,2,0,1,0,0.00,47.88 ,50
03,016,00,003,0070,0,99,0,99,180,0,2,1,2,0,1,0,0.00,55.00 ,50
03,016,00,003,0071,0,87,0,87,157,0,2,1,2,0,1,0,0.00,55.41 ,50
03,016,00,004,0072,0,138,4,142,241,0,2,1,2,0,1,0,0.00,58.92 ,50
03,016,00,004,0073,0,232,5,237,418,0,2,1,2,0,1,0,0.00,56.70 ,50
03,016,00,004,0074,0,433,9,442,782,0,2,1,2,0,1,0,0.00,56.52 ,50
03,016,00,004,0075,0,160,2,162,243,0,2,1,2,0,1,0,0.00,66.67 ,50
03,016,00,004,0076,0,335,8,343,609,0,2,1,2,0,1,0,0.00,56.32 ,50
03,016,00,004,0077,0,52,2,54,98,0,2,1,2,0,1,0,0.00,55.10 ,50
03,016,00,004,0078,0,312,7,319,496,0,2,1,2,0,1,0,0.00,64.31 ,50
03,016,00,004,0079,0,114,4,118,199,0,2,1,2,0,1,0,0.00,59.30 ,50
03,016,00,004,0080,0,333,6,339,604,0,2,1,2,0,1,0,0.00,56.13 ,50
03,016,00,004,0081,0,730,8,738,1189,0,2,1,2,0,1,0,0.00,62.07 ,50
03,016,00,004,0082,0,931,12,943,1672,0,2,1,2,0,1,0,0.00,56.40 ,50
03,016,00,005,0083,0,197,3,200,384,0,2,1,2,0,1,0,0.00,52.08 ,50
03,016,00,005,0084,0,174,4,178,325,0,2,1,2,0,1,0,0.00,54.77 ,50
03,016,00,005,0085,0,90,2,92,199,0,2,1,2,0,1,0,0.00,46.23 ,50
03,016,00,005,0086,0,107,4,111,230,0,2,1,2,0,1,0,0.00,48.26 ,50
03,016,00,005,0087,0,406,12,418,1047,0,2,1,2,0,1,0,0.00,39.92 ,50
03,016,00,005,0088,0,24,0,24,67,0,2,1,2,0,1,0,0.00,35.82 ,50
03,016,00,005,0089,0,67,0,67,174,0,2,1,2,0,1,0,0.00,38.51 ,50
03,016,00,005,0090,0,35,2,37,108,0,2,1,2,0,1,0,0.00,34.26 ,50
03,016,00,005,0091,0,121,2,123,226,0,2,1,2,0,1,0,0.00,54.42 ,50
03,016,00,006,0092,0,119,6,125,225,0,2,1,2,0,1,0,0.00,55.56 ,50
03,016,00,006,0093,0,181,7,188,378,0,2,1,2,0,1,0,0.00,49.74 ,50
03,016,00,006,0094,0,214,4,218,425,0,2,1,2,0,1,0,0.00,51.29 ,50
03,016,00,006,0095,0,124,1,125,225,0,2,1,2,0,1,0,0.00,55.56 ,50
03,016,00,006,0096,0,116,5,121,240,0,2,1,2,0,1,0,0.00,50.42 ,50
03,016,00,006,0097,0,428,9,437,773,0,2,1,2,0,1,0,0.00,56.53 ,50
03,017,00,001,0001,0,604,7,611,762,0,2,1,2,0,1,0,0.00,80.18 ,50
03,017,00,001,0002,0,1727,23,1750,2446,0,2,1,2,0,1,0,0.00,71.55 ,50
03,017,00,001,0003,0,1280,15,1295,1688,0,2,1,2,0,1,0,0.00,76.72 ,50
03,017,00,001,0004,0,2725,35,2760,4020,0,2,1,2,0,1,0,0.00,68.66 ,50
03,017,00,001,0005,0,1272,9,1281,1694,0,2,1,2,0,1,0,0.00,75.62 ,50
03,017,00,001,0006,0,1644,13,1657,2228,0,2,1,2,0,1,0,0.00,74.37 ,50
03,017,00,001,0007,0,852,4,856,1184,0,2,1,2,0,1,0,0.00,72.30 ,50
03,017,00,001,0008,0,960,11,971,1362,0,2,1,2,0,1,0,0.00,71.29 ,50
03,017,00,001,0009,0,1109,15,1124,1506,0,2,1,2,0,1,0,0.00,74.63 ,50
03,017,00,001,0010,0,1597,14,1611,2178,0,2,1,2,0,1,0,0.00,73.97 ,50
03,017,00,001,0011,0,1278,9,1287,1742,0,2,1,2,0,1,0,0.00,73.88 ,50
03,017,00,001,0012,0,1851,20,1871,2408,0,2,1,2,0,1,0,0.00,77.70 ,50
03,017,00,001,0013,0,1611,17,1628,2210,0,2,1,2,0,1,0,0.00,73.67 ,50
03,017,00,001,0014,0,1242,8,1250,1639,0,2,1,2,0,1,0,0.00,76.27 ,50
03,017,00,001,0015,0,1910,13,1923,2511,0,2,1,2,0,1,0,0.00,76.58 ,50
03,017,00,001,0016,0,1222,7,1229,1592,0,2,1,2,0,1,0,0.00,77.20 ,50
03,017,00,001,0017,0,1101,13,1114,1514,0,2,1,2,0,1,0,0.00,73.58 ,50
03,017,00,001,0018,0,1273,14,1287,1674,0,2,1,2,0,1,0,0.00,76.88 ,50
03,017,00,001,0019,0,1194,6,1200,1606,0,2,1,2,0,1,0,0.00,74.72 ,50
03,017,00,001,0020,0,1113,8,1121,1467,0,2,1,2,0,1,0,0.00,76.41 ,50
03,017,00,001,0021,0,984,12,996,1304,0,2,1,2,0,1,0,0.00,76.38 ,50
03,017,00,001,0022,0,962,6,968,1238,0,2,1,2,0,1,0,0.00,78.19 ,50
03,017,00,001,0023,0,1159,13,1172,1502,0,2,1,2,0,1,0,0.00,78.03 ,50
03,017,00,001,0024,0,691,4,695,918,0,2,1,2,0,1,0,0.00,75.71 ,50
03,017,00,002,0025,0,3056,31,3087,3988,0,2,1,2,0,1,0,0.00,77.41 ,50
03,017,00,002,0026,0,1609,17,1626,2053,0,2,1,2,0,1,0,0.00,79.20 ,50
03,017,00,002,0027,0,1759,18,1777,2276,0,2,1,2,0,1,0,0.00,78.08 ,50
03,017,00,002,0028,0,2887,23,2910,3683,0,2,1,2,0,1,0,0.00,79.01 ,50
03,017,00,002,0029,0,1806,15,1821,2297,0,2,1,2,0,1,0,0.00,79.28 ,50
03,017,00,002,0030,0,1764,16,1780,2280,0,2,1,2,0,1,0,0.00,78.07 ,50
03,017,00,002,0031,0,1232,12,1244,1553,0,2,1,2,0,1,0,0.00,80.10 ,50
03,017,00,002,0032,0,680,7,687,898,0,2,1,2,0,1,0,0.00,76.50 ,50
03,017,00,002,0033,0,1922,19,1941,2460,0,2,1,2,0,1,0,0.00,78.90 ,50
03,017,00,002,0034,0,850,8,858,1104,0,2,1,2,0,1,0,0.00,77.72 ,50
03,017,00,002,0035,0,2063,24,2087,2850,0,2,1,2,0,1,0,0.00,73.23 ,50
03,017,00,002,0036,0,1931,34,1965,2517,0,2,1,2,0,1,0,0.00,78.07 ,50
03,017,00,002,0037,0,2743,29,2772,3594,0,2,1,2,0,1,0,0.00,77.13 ,50
03,017,00,002,0038,0,2493,23,2516,3249,0,2,1,2,0,1,0,0.00,77.44 ,50
03,017,00,002,0039,0,322,2,324,429,0,2,1,2,0,1,0,0.00,75.52 ,50
03,017,00,002,0040,0,273,2,275,346,0,2,1,2,0,1,0,0.00,79.48 ,50
03,017,00,002,0041,0,303,1,304,388,0,2,1,2,0,1,0,0.00,78.35 ,50
03,017,00,002,0042,0,696,7,703,904,0,2,1,2,0,1,0,0.00,77.77 ,50
03,017,00,002,0043,0,346,3,349,456,0,2,1,2,0,1,0,0.00,76.54 ,50
03,017,00,003,0044,0,945,8,953,1269,0,2,1,2,0,1,0,0.00,75.10 ,50
03,017,00,003,0045,0,533,11,544,706,0,2,1,2,0,1,0,0.00,77.05 ,50
03,017,00,003,0046,0,726,8,734,945,0,2,1,2,0,1,0,0.00,77.67 ,50
03,017,00,003,0047,0,410,5,415,589,0,2,1,2,0,1,0,0.00,70.46 ,50
03,017,00,003,0048,0,2060,16,2076,2739,0,2,1,2,0,1,0,0.00,75.79 ,50
03,017,00,003,0049,0,1523,11,1534,1946,0,2,1,2,0,1,0,0.00,78.83 ,50
03,017,00,003,0050,0,1383,14,1397,1751,0,2,1,2,0,1,0,0.00,79.78 ,50
03,017,00,003,0051,0,290,2,292,399,0,2,1,2,0,1,0,0.00,73.18 ,50
03,017,00,003,0052,0,2404,20,2424,3135,0,2,1,2,0,1,0,0.00,77.32 ,50
03,017,00,003,0053,0,1506,6,1512,1955,0,2,1,2,0,1,0,0.00,77.34 ,50
03,017,00,003,0054,0,2346,15,2361,3072,0,2,1,2,0,1,0,0.00,76.86 ,50
03,017,00,003,0055,0,2274,20,2294,2936,0,2,1,2,0,1,0,0.00,78.13 ,50
03,017,00,004,0056,0,1467,13,1480,1986,0,2,1,2,0,1,0,0.00,74.52 ,50
03,017,00,004,0057,0,865,6,871,1063,0,2,1,2,0,1,0,0.00,81.94 ,50
03,017,00,004,0058,0,1337,11,1348,1718,0,2,1,2,0,1,0,0.00,78.46 ,50
03,017,00,004,0059,0,1486,12,1498,1965,0,2,1,2,0,1,0,0.00,76.23 ,50
03,017,00,004,0060,0,2002,14,2016,2554,0,2,1,2,0,1,0,0.00,78.94 ,50
03,017,00,004,0061,0,1043,10,1053,1326,0,2,1,2,0,1,0,0.00,79.41 ,50
03,017,00,004,0062,0,907,3,910,1199,0,2,1,2,0,1,0,0.00,75.90 ,50
03,017,00,004,0063,0,1002,4,1006,1272,0,2,1,2,0,1,0,0.00,79.09 ,50
03,017,00,004,0064,0,915,6,921,1161,0,2,1,2,0,1,0,0.00,79.33 ,50
03,017,00,004,0065,0,1447,12,1459,1821,0,2,1,2,0,1,0,0.00,80.12 ,50
03,017,00,004,0066,0,670,4,674,953,0,2,1,2,0,1,0,0.00,70.72 ,50
03,017,00,004,0067,0,883,4,887,1129,0,2,1,2,0,1,0,0.00,78.57 ,50
03,017,00,004,0068,0,2639,21,2660,3321,0,2,1,2,0,1,0,0.00,80.10 ,50
03,017,00,004,0069,0,692,2,694,948,0,2,1,2,0,1,0,0.00,73.21 ,50
03,017,00,004,0070,0,1257,12,1269,1691,0,2,1,2,0,1,0,0.00,75.04 ,50
03,017,00,004,0071,0,675,10,685,954,0,2,1,2,0,1,0,0.00,71.80 ,50
03,017,00,004,0072,0,967,9,976,1343,0,2,1,2,0,1,0,0.00,72.67 ,50
03,017,00,004,0073,0,801,5,806,1047,0,2,1,2,0,1,0,0.00,76.98 ,50
03,017,00,004,0074,0,753,6,759,996,0,2,1,2,0,1,0,0.00,76.20 ,50
03,017,00,004,0075,0,974,10,984,1288,0,2,1,2,0,1,0,0.00,76.40 ,50
03,017,00,004,0076,0,628,1,629,798,0,2,1,2,0,1,0,0.00,78.82 ,50
03,017,00,004,0077,0,1031,9,1040,1341,0,2,1,2,0,1,0,0.00,77.55 ,50
03,017,00,004,0078,0,1004,14,1018,1312,0,2,1,2,0,1,0,0.00,77.59 ,50
03,017,00,004,0079,0,1395,20,1415,1868,0,2,1,2,0,1,0,0.00,75.75 ,50
03,017,00,004,0080,0,1586,13,1599,2061,0,2,1,2,0,1,0,0.00,77.58 ,50
03,017,00,004,0081,0,667,4,671,840,0,2,1,2,0,1,0,0.00,79.88 ,50
03,017,00,004,0082,0,632,5,637,775,0,2,1,2,0,1,0,0.00,82.19 ,50
03,017,00,004,0083,0,731,4,735,969,0,2,1,2,0,1,0,0.00,75.85 ,50
03,017,00,004,0084,0,712,2,714,901,0,2,1,2,0,1,0,0.00,79.25 ,50
03,017,00,005,0085,0,729,7,736,929,0,2,1,2,0,1,0,0.00,79.22 ,50
03,017,00,005,0086,0,985,10,995,1256,0,2,1,2,0,1,0,0.00,79.22 ,50
03,017,00,005,0087,0,817,5,822,1055,0,2,1,2,0,1,0,0.00,77.91 ,50
03,017,00,005,0088,0,982,11,993,1273,0,2,1,2,0,1,0,0.00,78.00 ,50
03,017,00,005,0089,0,916,5,921,1190,0,2,1,2,0,1,0,0.00,77.39 ,50
03,017,00,005,0090,0,1169,8,1177,1535,0,2,1,2,0,1,0,0.00,76.68 ,50
03,017,00,005,0091,0,683,17,700,918,0,2,1,2,0,1,0,0.00,76.25 ,50
03,017,00,005,0092,0,1377,12,1389,1798,0,2,1,2,0,1,0,0.00,77.25 ,50
03,017,00,005,0093,0,1065,15,1080,1423,0,2,1,2,0,1,0,0.00,75.90 ,50
03,017,00,005,0094,0,1439,10,1449,1995,0,2,1,2,0,1,0,0.00,72.63 ,50
03,017,00,005,0095,0,1714,26,1740,2224,0,2,1,2,0,1,0,0.00,78.24 ,50
03,017,00,005,0096,0,643,13,656,888,0,2,1,2,0,1,0,0.00,73.87 ,50
03,017,00,005,0097,0,638,8,646,895,0,2,1,2,0,1,0,0.00,72.18 ,50
03,017,00,005,0098,0,845,14,859,1129,0,2,1,2,0,1,0,0.00,76.09 ,50
03,017,00,005,0099,0,1310,14,1324,1717,0,2,1,2,0,1,0,0.00,77.11 ,50
03,017,00,005,0100,0,858,7,865,1177,0,2,1,2,0,1,0,0.00,73.49 ,50
03,017,00,005,0101,0,1839,17,1856,2405,0,2,1,2,0,1,0,0.00,77.17 ,50
03,017,00,005,0102,0,2507,21,2528,3200,0,2,1,2,0,1,0,0.00,79.00 ,50
03,017,00,005,0103,0,2319,23,2342,3150,0,2,1,2,0,1,0,0.00,74.35 ,50
03,017,00,005,0104,0,1438,18,1456,1988,0,2,1,2,0,1,0,0.00,73.24 ,50
03,017,00,005,0105,0,878,5,883,1150,0,2,1,2,0,1,0,0.00,76.78 ,50
03,017,00,005,0106,0,930,10,940,1192,0,2,1,2,0,1,0,0.00,78.86 ,50
03,017,00,005,0107,0,777,5,782,956,0,2,1,2,0,1,0,0.00,81.80 ,50
03,017,00,006,0108,0,1375,13,1388,1820,0,2,1,2,0,1,0,0.00,76.26 ,50
03,017,00,006,0109,0,1180,7,1187,1567,0,2,1,2,0,1,0,0.00,75.75 ,50
03,017,00,006,0110,0,1084,10,1094,1409,0,2,1,2,0,1,0,0.00,77.64 ,50
03,017,00,006,0111,0,1143,17,1160,1492,0,2,1,2,0,1,0,0.00,77.75 ,50
03,017,00,006,0112,0,1994,16,2010,2645,0,2,1,2,0,1,0,0.00,75.99 ,50
03,017,00,006,0113,0,1588,14,1602,2142,0,2,1,2,0,1,0,0.00,74.79 ,50
03,017,00,006,0114,0,867,11,878,1149,0,2,1,2,0,1,0,0.00,76.41 ,50
03,017,00,006,0115,0,752,6,758,965,0,2,1,2,0,1,0,0.00,78.55 ,50
03,017,00,006,0116,0,667,4,671,849,0,2,1,2,0,1,0,0.00,79.03 ,50
03,017,00,006,0117,0,2595,31,2626,3425,0,2,1,2,0,1,0,0.00,76.67 ,50
03,017,00,006,0118,0,2035,16,2051,2611,0,2,1,2,0,1,0,0.00,78.55 ,50
03,017,00,006,0119,0,2391,16,2407,3063,0,2,1,2,0,1,0,0.00,78.58 ,50
03,017,00,006,0120,0,2665,21,2686,3481,0,2,1,2,0,1,0,0.00,77.16 ,50
03,017,00,006,0121,0,1223,9,1232,1528,0,2,1,2,0,1,0,0.00,80.63 ,50
03,017,00,006,0122,0,2948,37,2985,3849,0,2,1,2,0,1,0,0.00,77.55 ,50
03,017,00,006,0123,0,2801,17,2818,3575,0,2,1,2,0,1,0,0.00,78.83 ,50
03,017,00,006,0124,0,2108,23,2131,2844,0,2,1,2,0,1,0,0.00,74.93 ,50
03,017,00,006,0125,0,2484,30,2514,3244,0,2,1,2,0,1,0,0.00,77.50 ,50
03,017,00,006,0126,0,846,14,860,1121,0,2,1,2,0,1,0,0.00,76.72 ,50
03,017,00,006,0127,0,1773,16,1789,2444,0,2,1,2,0,1,0,0.00,73.20 ,50
03,017,00,007,0128,0,977,6,983,1272,0,2,1,2,0,1,0,0.00,77.28 ,50
03,017,00,007,0129,0,1072,6,1078,1322,0,2,1,2,0,1,0,0.00,81.54 ,50
03,017,00,007,0130,0,955,3,958,1216,0,2,1,2,0,1,0,0.00,78.78 ,50
03,017,00,007,0131,0,2066,15,2081,2578,0,2,1,2,0,1,0,0.00,80.72 ,50
03,017,00,007,0132,0,703,5,708,893,0,2,1,2,0,1,0,0.00,79.28 ,50
03,017,00,007,0133,0,1133,6,1139,1492,0,2,1,2,0,1,0,0.00,76.34 ,50
03,017,00,007,0134,0,661,10,671,844,0,2,1,2,0,1,0,0.00,79.50 ,50
03,017,00,007,0135,0,1433,10,1443,1925,0,2,1,2,0,1,0,0.00,74.96 ,50
03,017,00,007,0136,0,1255,7,1262,1610,0,2,1,2,0,1,0,0.00,78.39 ,50
03,017,00,007,0137,0,1316,9,1325,1698,0,2,1,2,0,1,0,0.00,78.03 ,50
03,017,00,007,0138,0,1876,17,1893,2434,0,2,1,2,0,1,0,0.00,77.77 ,50
03,017,00,007,0139,0,1693,11,1704,2243,0,2,1,2,0,1,0,0.00,75.97 ,50
03,017,00,007,0140,0,1314,10,1324,1788,0,2,1,2,0,1,0,0.00,74.05 ,50
03,017,00,007,0141,0,2071,13,2084,2793,0,2,1,2,0,1,0,0.00,74.62 ,50
03,017,00,007,0142,0,2170,11,2181,2794,0,2,1,2,0,1,0,0.00,78.06 ,50
03,017,00,007,0143,0,3146,25,3171,4199,0,2,1,2,0,1,0,0.00,75.52 ,50
03,017,00,007,0144,0,525,5,530,749,0,2,1,2,0,1,0,0.00,70.76 ,50
03,018,00,001,0001,0,803,7,810,1114,0,2,1,2,0,1,0,0.00,72.71 ,50
03,018,00,001,0002,0,1443,14,1457,1933,0,2,1,2,0,1,0,0.00,75.38 ,50
03,018,00,001,0003,0,672,5,677,896,0,2,1,2,0,1,0,0.00,75.56 ,50
03,018,00,001,0004,0,611,6,617,841,0,2,1,2,0,1,0,0.00,73.37 ,50
03,018,00,001,0005,0,410,4,414,561,0,2,1,2,0,1,0,0.00,73.80 ,50
03,018,00,001,0006,0,465,3,468,626,0,2,1,2,0,1,0,0.00,74.76 ,50
03,018,00,001,0007,0,1450,17,1467,1904,0,2,1,2,0,1,0,0.00,77.05 ,50
03,018,00,001,0008,0,2280,26,2306,2889,0,2,1,2,0,1,0,0.00,79.82 ,50
03,018,00,001,0009,0,2420,20,2440,3131,0,2,1,2,0,1,0,0.00,77.93 ,50
03,018,00,001,0010,0,1897,19,1916,2478,0,2,1,2,0,1,0,0.00,77.32 ,50
03,018,00,001,0011,0,2855,34,2889,3627,0,2,1,2,0,1,0,0.00,79.65 ,50
03,018,00,001,0012,0,1461,14,1475,1900,0,2,1,2,0,1,0,0.00,77.63 ,50
03,018,00,001,0013,0,1375,13,1388,1844,0,2,1,2,0,1,0,0.00,75.27 ,50
03,018,00,001,0014,0,1656,19,1675,2107,0,2,1,2,0,1,0,0.00,79.50 ,50
03,018,00,001,0015,0,2132,24,2156,2783,0,2,1,2,0,1,0,0.00,77.47 ,50
03,018,00,001,0016,0,3014,32,3046,3867,0,2,1,2,0,1,0,0.00,78.77 ,50
03,018,00,001,0017,0,1245,16,1261,1650,0,2,1,2,0,1,0,0.00,76.42 ,50
03,018,00,001,0018,0,758,7,765,999,0,2,1,2,0,1,0,0.00,76.58 ,50
03,018,00,001,0019,0,1656,23,1679,2213,0,2,1,2,0,1,0,0.00,75.87 ,50
03,018,00,001,0020,0,2218,32,2250,2838,0,2,1,2,0,1,0,0.00,79.28 ,50
03,018,00,001,0021,0,1127,30,1157,1414,0,2,1,2,0,1,0,0.00,81.82 ,50
03,018,00,001,0022,0,2082,21,2103,2754,0,2,1,2,0,1,0,0.00,76.36 ,50
03,018,00,001,0023,0,596,5,601,799,0,2,1,2,0,1,0,0.00,75.22 ,50
03,018,00,001,0024,0,349,3,352,520,0,2,1,2,0,1,0,0.00,67.69 ,50
03,018,00,001,0025,0,2319,22,2341,2948,0,2,1,2,0,1,0,0.00,79.41 ,50
03,018,00,001,0026,0,953,18,971,1248,0,2,1,2,0,1,0,0.00,77.80 ,50
03,018,00,001,0027,0,1979,19,1998,2527,0,2,1,2,0,1,0,0.00,79.07 ,50
03,018,00,001,0028,0,1792,9,1801,2425,0,2,1,2,0,1,0,0.00,74.27 ,50
03,018,00,001,0029,0,1688,21,1709,2088,0,2,1,2,0,1,0,0.00,81.85 ,50
03,018,00,001,0030,0,3510,27,3537,4289,0,2,1,2,0,1,0,0.00,82.47 ,50
03,018,00,001,0031,0,1373,17,1390,1751,0,2,1,2,0,1,0,0.00,79.38 ,50
03,018,00,001,0032,0,2864,30,2894,3673,0,2,1,2,0,1,0,0.00,78.79 ,50
03,018,00,001,0033,0,2544,30,2574,3188,0,2,1,2,0,1,0,0.00,80.74 ,50
03,018,00,001,0034,0,1752,17,1769,2280,0,2,1,2,0,1,0,0.00,77.59 ,50
03,018,00,001,0035,0,1813,17,1830,2328,0,2,1,2,0,1,0,0.00,78.61 ,50
03,018,00,001,0036,0,397,3,400,511,0,2,1,2,0,1,0,0.00,78.28 ,50
03,018,00,001,0037,0,499,9,508,687,0,2,1,2,0,1,0,0.00,73.94 ,50
03,018,00,001,0038,0,525,4,529,687,0,2,1,2,0,1,0,0.00,77.00 ,50
03,018,00,001,0039,0,737,7,744,977,0,2,1,2,0,1,0,0.00,76.15 ,50
03,018,00,001,0040,0,962,13,975,1245,0,2,1,2,0,1,0,0.00,78.31 ,50
03,018,00,001,0041,0,2757,32,2789,3628,0,2,1,2,0,1,0,0.00,76.87 ,50
03,018,00,001,0042,0,2351,30,2381,3109,0,2,1,2,0,1,0,0.00,76.58 ,50
03,018,00,001,0043,0,651,8,659,871,0,2,1,2,0,1,0,0.00,75.66 ,50
03,018,00,001,0044,0,710,8,718,916,0,2,1,2,0,1,0,0.00,78.38 ,50
03,018,00,001,0045,0,1009,11,1020,1308,0,2,1,2,0,1,0,0.00,77.98 ,50
03,018,00,001,0046,0,2426,21,2447,3123,0,2,1,2,0,1,0,0.00,78.35 ,50
03,018,00,001,0047,0,1258,17,1275,1682,0,2,1,2,0,1,0,0.00,75.80 ,50
03,018,00,001,0048,0,2291,30,2321,2955,0,2,1,2,0,1,0,0.00,78.54 ,50
03,018,00,001,0049,0,2063,22,2085,2634,0,2,1,2,0,1,0,0.00,79.16 ,50
03,018,00,001,0050,0,2770,31,2801,3637,0,2,1,2,0,1,0,0.00,77.01 ,50
03,018,00,001,0051,0,4136,48,4184,5339,0,2,1,2,0,1,0,0.00,78.37 ,50
03,018,00,002,0052,0,432,5,437,558,0,2,1,2,0,1,0,0.00,78.32 ,50
03,018,00,002,0053,0,593,3,596,767,0,2,1,2,0,1,0,0.00,77.71 ,50
03,018,00,002,0054,0,461,6,467,599,0,2,1,2,0,1,0,0.00,77.96 ,50
03,018,00,002,0055,0,387,1,388,502,0,2,1,2,0,1,0,0.00,77.29 ,50
03,018,00,002,0056,0,715,12,727,929,0,2,1,2,0,1,0,0.00,78.26 ,50
03,018,00,002,0057,0,898,10,908,1124,0,2,1,2,0,1,0,0.00,80.78 ,50
03,018,00,002,0058,0,1076,8,1084,1391,0,2,1,2,0,1,0,0.00,77.93 ,50
03,018,00,002,0059,0,2855,30,2885,3750,0,2,1,2,0,1,0,0.00,76.93 ,50
03,018,00,002,0060,0,4073,70,4143,5426,0,2,1,2,0,1,0,0.00,76.35 ,50
03,018,00,002,0061,0,1887,19,1906,2449,0,2,1,2,0,1,0,0.00,77.83 ,50
03,018,00,002,0062,0,2484,38,2522,3210,0,2,1,2,0,1,0,0.00,78.57 ,50
03,018,00,002,0063,0,2480,39,2519,3105,0,2,1,2,0,1,0,0.00,81.13 ,50
03,018,00,002,0064,0,1393,18,1411,1694,0,2,1,2,0,1,0,0.00,83.29 ,50
03,018,00,002,0065,0,687,8,695,882,0,2,1,2,0,1,0,0.00,78.80 ,50
03,018,00,002,0066,0,529,5,534,702,0,2,1,2,0,1,0,0.00,76.07 ,50
03,018,00,002,0067,0,474,0,474,630,0,2,1,2,0,1,0,0.00,75.24 ,50
03,018,00,002,0068,0,991,8,999,1278,0,2,1,2,0,1,0,0.00,78.17 ,50
03,018,00,002,0069,0,764,7,771,997,0,2,1,2,0,1,0,0.00,77.33 ,50
03,018,00,002,0070,0,758,7,765,999,0,2,1,2,0,1,0,0.00,76.58 ,50
03,018,00,002,0071,0,2917,29,2946,3969,0,2,1,2,0,1,0,0.00,74.23 ,50
03,018,00,002,0072,0,2389,19,2408,3075,0,2,1,2,0,1,0,0.00,78.31 ,50
03,018,00,002,0073,0,2557,32,2589,3306,0,2,1,2,0,1,0,0.00,78.31 ,50
03,018,00,002,0074,0,2172,26,2198,2737,0,2,1,2,0,1,0,0.00,80.31 ,50
03,018,00,002,0075,0,1742,16,1758,2244,0,2,1,2,0,1,0,0.00,78.34 ,50
03,018,00,002,0076,0,1595,19,1614,2040,0,2,1,2,0,1,0,0.00,79.12 ,50
03,018,00,002,0077,0,1760,27,1787,2340,0,2,1,2,0,1,0,0.00,76.37 ,50
03,018,00,002,0078,0,2089,21,2110,2690,0,2,1,2,0,1,0,0.00,78.44 ,50
03,018,00,002,0079,0,3275,38,3313,4169,0,2,1,2,0,1,0,0.00,79.47 ,50
03,018,00,002,0080,0,2408,19,2427,3029,0,2,1,2,0,1,0,0.00,80.13 ,50
03,018,00,002,0081,0,2323,14,2337,2966,0,2,1,2,0,1,0,0.00,78.79 ,50
03,018,00,002,0082,0,880,4,884,1140,0,2,1,2,0,1,0,0.00,77.54 ,50
03,018,00,002,0083,0,2040,16,2056,2626,0,2,1,2,0,1,0,0.00,78.29 ,50
03,018,00,002,0084,0,2318,21,2339,2982,0,2,1,2,0,1,0,0.00,78.44 ,50
03,018,00,002,0085,0,2358,24,2382,2962,0,2,1,2,0,1,0,0.00,80.42 ,50
03,018,00,002,0086,0,586,12,598,758,0,2,1,2,0,1,0,0.00,78.89 ,50
03,018,00,002,0087,0,2339,24,2363,3220,0,2,1,2,0,1,0,0.00,73.39 ,50
03,018,00,002,0088,0,952,13,965,1277,0,2,1,2,0,1,0,0.00,75.57 ,50
03,018,00,002,0089,0,673,9,682,870,0,2,1,2,0,1,0,0.00,78.39 ,50
03,018,00,002,0090,0,928,11,939,1223,0,2,1,2,0,1,0,0.00,76.78 ,50
03,018,00,002,0091,0,800,13,813,1038,0,2,1,2,0,1,0,0.00,78.32 ,50
03,018,00,002,0092,0,402,7,409,513,0,2,1,2,0,1,0,0.00,79.73 ,50
03,018,00,003,0093,0,3236,43,3279,4247,0,2,1,2,0,1,0,0.00,77.21 ,50
03,018,00,003,0094,0,1464,19,1483,1830,0,2,1,2,0,1,0,0.00,81.04 ,50
03,018,00,003,0095,0,1089,10,1099,1393,0,2,1,2,0,1,0,0.00,78.89 ,50
03,018,00,003,0096,0,1597,17,1614,2040,0,2,1,2,0,1,0,0.00,79.12 ,50
03,018,00,003,0097,0,1277,17,1294,1592,0,2,1,2,0,1,0,0.00,81.28 ,50
03,018,00,003,0098,0,1034,13,1047,1327,0,2,1,2,0,1,0,0.00,78.90 ,50
03,018,00,003,0099,0,1163,15,1178,1487,0,2,1,2,0,1,0,0.00,79.22 ,50
03,018,00,003,0100,0,2817,37,2854,3722,0,2,1,2,0,1,0,0.00,76.68 ,50
03,018,00,003,0101,0,1199,17,1216,1565,0,2,1,2,0,1,0,0.00,77.70 ,50
03,018,00,003,0102,0,775,13,788,1072,0,2,1,2,0,1,0,0.00,73.51 ,50
03,018,00,003,0103,0,1137,22,1159,1533,0,2,1,2,0,1,0,0.00,75.60 ,50
03,018,00,003,0104,0,1785,27,1812,2293,0,2,1,2,0,1,0,0.00,79.02 ,50
03,018,00,003,0105,0,1243,15,1258,1586,0,2,1,2,0,1,0,0.00,79.32 ,50
03,018,00,003,0106,0,707,10,717,903,0,2,1,2,0,1,0,0.00,79.40 ,50
03,018,00,003,0107,0,1117,16,1133,1444,0,2,1,2,0,1,0,0.00,78.46 ,50
03,018,00,003,0108,0,1083,15,1098,1390,0,2,1,2,0,1,0,0.00,78.99 ,50
03,018,00,003,0109,0,746,14,760,953,0,2,1,2,0,1,0,0.00,79.75 ,50
03,018,00,003,0110,0,1999,25,2024,2633,0,2,1,2,0,1,0,0.00,76.87 ,50
03,018,00,003,0111,0,538,9,547,696,0,2,1,2,0,1,0,0.00,78.59 ,50
03,018,00,003,0112,0,854,16,870,1067,0,2,1,2,0,1,0,0.00,81.54 ,50
03,018,00,003,0113,0,441,8,449,583,0,2,1,2,0,1,0,0.00,77.02 ,50
03,018,00,003,0114,0,509,17,526,652,0,2,1,2,0,1,0,0.00,80.67 ,50
03,018,00,003,0115,0,497,13,510,658,0,2,1,2,0,1,0,0.00,77.51 ,50
03,019,00,001,0001,0,724,4,728,974,0,2,1,2,0,1,0,0.00,74.74 ,50
03,019,00,001,0002,0,827,2,829,1101,0,2,1,2,0,1,0,0.00,75.30 ,50
03,019,00,001,0003,0,936,6,942,1292,0,2,1,2,0,1,0,0.00,72.91 ,50
03,019,00,001,0004,0,1104,6,1110,1580,0,2,1,2,0,1,0,0.00,70.25 ,50
03,019,00,001,0005,0,724,3,727,978,0,2,1,2,0,1,0,0.00,74.34 ,50
03,019,00,001,0006,0,1057,13,1070,1384,0,2,1,2,0,1,0,0.00,77.31 ,50
03,019,00,001,0007,0,950,7,957,1301,0,2,1,2,0,1,0,0.00,73.56 ,50
03,019,00,001,0008,0,1070,5,1075,1440,0,2,1,2,0,1,0,0.00,74.65 ,50
03,019,00,001,0009,0,934,11,945,1252,0,2,1,2,0,1,0,0.00,75.48 ,50
03,019,00,001,0010,0,854,11,865,1116,0,2,1,2,0,1,0,0.00,77.51 ,50
03,019,00,001,0011,0,870,5,875,1124,0,2,1,2,0,1,0,0.00,77.85 ,50
03,019,00,001,0012,0,943,7,950,1337,0,2,1,2,0,1,0,0.00,71.05 ,50
03,019,00,001,0013,0,1076,11,1087,1343,0,2,1,2,0,1,0,0.00,80.94 ,50
03,019,00,001,0014,0,938,10,948,1256,0,2,1,2,0,1,0,0.00,75.48 ,50
03,019,00,002,0015,0,857,6,863,1136,0,2,1,2,0,1,0,0.00,75.97 ,50
03,019,00,002,0016,0,497,0,497,624,0,2,1,2,0,1,0,0.00,79.65 ,50
03,019,00,002,0017,0,741,8,749,973,0,2,1,2,0,1,0,0.00,76.98 ,50
03,019,00,002,0018,0,775,3,778,1031,0,2,1,2,0,1,0,0.00,75.46 ,50
03,019,00,002,0019,0,938,7,945,1281,0,2,1,2,0,1,0,0.00,73.77 ,50
03,019,00,002,0020,0,882,11,893,1175,0,2,1,2,0,1,0,0.00,76.00 ,50
03,019,00,002,0021,0,1017,1,1018,1308,0,2,1,2,0,1,0,0.00,77.83 ,50
03,019,00,002,0022,0,768,5,773,992,0,2,1,2,0,1,0,0.00,77.92 ,50
03,019,00,002,0023,0,2731,32,2763,3623,0,2,1,2,0,1,0,0.00,76.26 ,50
03,019,00,002,0024,0,1507,15,1522,1941,0,2,1,2,0,1,0,0.00,78.41 ,50
03,019,00,002,0025,0,753,15,768,999,0,2,1,2,0,1,0,0.00,76.88 ,50
03,019,00,002,0026,0,703,9,712,912,0,2,1,2,0,1,0,0.00,78.07 ,50
03,019,00,002,0027,0,893,11,904,1212,0,2,1,2,0,1,0,0.00,74.59 ,50
03,019,00,002,0028,0,653,7,660,851,0,2,1,2,0,1,0,0.00,77.56 ,50
03,019,00,002,0029,0,833,14,847,1091,0,2,1,2,0,1,0,0.00,77.64 ,50
03,019,00,002,0030,0,1056,13,1069,1383,0,2,1,2,0,1,0,0.00,77.30 ,50
03,019,00,002,0031,0,1056,14,1070,1384,0,2,1,2,0,1,0,0.00,77.31 ,50
03,019,00,002,0032,0,3175,35,3210,4032,0,2,1,2,0,1,0,0.00,79.61 ,50
03,019,00,002,0033,0,2852,44,2896,3816,0,2,1,2,0,1,0,0.00,75.89 ,50
03,019,00,002,0034,0,2428,24,2452,3149,0,2,1,2,0,1,0,0.00,77.87 ,50
03,019,00,002,0035,0,1221,13,1234,1699,0,2,1,2,0,1,0,0.00,72.63 ,50
03,019,00,002,0036,0,1342,11,1353,1802,0,2,1,2,0,1,0,0.00,75.08 ,50
03,019,00,002,0037,0,1220,14,1234,1647,0,2,1,2,0,1,0,0.00,74.92 ,50
03,019,00,002,0038,0,656,7,663,906,0,2,1,2,0,1,0,0.00,73.18 ,50
03,019,00,002,0039,0,1126,11,1137,1491,0,2,1,2,0,1,0,0.00,76.26 ,50
03,019,00,002,0040,0,1194,8,1202,1563,0,2,1,2,0,1,0,0.00,76.90 ,50
03,019,00,002,0041,0,1135,16,1151,1602,0,2,1,2,0,1,0,0.00,71.85 ,50
03,019,00,002,0042,0,3073,31,3104,4007,0,2,1,2,0,1,0,0.00,77.46 ,50
03,019,00,003,0043,0,544,6,550,747,0,2,1,2,0,1,0,0.00,73.63 ,50
03,019,00,003,0044,0,635,3,638,864,0,2,1,2,0,1,0,0.00,73.84 ,50
03,019,00,003,0045,0,756,4,760,976,0,2,1,2,0,1,0,0.00,77.87 ,50
03,019,00,003,0046,0,1251,14,1265,1587,0,2,1,2,0,1,0,0.00,79.71 ,50
03,019,00,003,0047,0,903,3,906,1167,0,2,1,2,0,1,0,0.00,77.63 ,50
03,019,00,003,0048,0,817,4,821,1055,0,2,1,2,0,1,0,0.00,77.82 ,50
03,019,00,003,0049,0,1107,14,1121,1466,0,2,1,2,0,1,0,0.00,76.47 ,50
03,019,00,003,0050,0,866,8,874,1141,0,2,1,2,0,1,0,0.00,76.60 ,50
03,019,00,003,0051,0,2432,29,2461,3202,0,2,1,2,0,1,0,0.00,76.86 ,50
03,019,00,003,0052,0,2307,17,2324,3054,0,2,1,2,0,1,0,0.00,76.10 ,50
03,019,00,003,0053,0,1593,16,1609,2095,0,2,1,2,0,1,0,0.00,76.80 ,50
03,019,00,003,0054,0,1999,14,2013,2700,0,2,1,2,0,1,0,0.00,74.56 ,50
03,019,00,003,0055,0,1355,13,1368,1753,0,2,1,2,0,1,0,0.00,78.04 ,50
03,019,00,003,0056,0,994,8,1002,1324,0,2,1,2,0,1,0,0.00,75.68 ,50
03,019,00,003,0057,0,1746,15,1761,2247,0,2,1,2,0,1,0,0.00,78.37 ,50
03,019,00,003,0058,0,4312,49,4361,5805,0,2,1,2,0,1,0,0.00,75.12 ,50
03,019,00,003,0059,0,3858,35,3893,5001,0,2,1,2,0,1,0,0.00,77.84 ,50
03,019,00,003,0060,0,3411,28,3439,4639,0,2,1,2,0,1,0,0.00,74.13 ,50
03,019,00,003,0061,0,3861,43,3904,5098,0,2,1,2,0,1,0,0.00,76.58 ,50
03,019,00,003,0062,0,1488,18,1506,1962,0,2,1,2,0,1,0,0.00,76.76 ,50
03,019,00,003,0063,0,3574,43,3617,4707,0,2,1,2,0,1,0,0.00,76.84 ,50
03,019,00,004,0064,0,1172,10,1182,1513,0,2,1,2,0,1,0,0.00,78.12 ,50
03,019,00,004,0065,0,852,7,859,1094,0,2,1,2,0,1,0,0.00,78.52 ,50
03,019,00,004,0066,0,1526,19,1545,2367,0,2,1,2,0,1,0,0.00,65.27 ,50
03,019,00,004,0067,0,1183,9,1192,1575,0,2,1,2,0,1,0,0.00,75.68 ,50
03,019,00,004,0068,0,2735,26,2761,3618,0,2,1,2,0,1,0,0.00,76.31 ,50
03,019,00,004,0069,0,1230,14,1244,1571,0,2,1,2,0,1,0,0.00,79.19 ,50
03,019,00,004,0070,0,1776,12,1788,2288,0,2,1,2,0,1,0,0.00,78.15 ,50
03,019,00,004,0071,0,3025,34,3059,3859,0,2,1,2,0,1,0,0.00,79.27 ,50
03,019,00,004,0072,0,637,10,647,855,0,2,1,2,0,1,0,0.00,75.67 ,50
03,019,00,004,0073,0,1168,15,1183,1576,0,2,1,2,0,1,0,0.00,75.06 ,50
03,019,00,004,0074,0,872,4,876,1188,0,2,1,2,0,1,0,0.00,73.74 ,50
03,019,00,004,0075,0,1046,8,1054,1318,0,2,1,2,0,1,0,0.00,79.97 ,50
03,019,00,004,0076,0,1279,8,1287,1671,0,2,1,2,0,1,0,0.00,77.02 ,50
03,019,00,004,0077,0,1079,5,1084,1447,0,2,1,2,0,1,0,0.00,74.91 ,50
03,019,00,004,0078,0,1358,9,1367,1835,0,2,1,2,0,1,0,0.00,74.50 ,50
03,019,00,004,0079,0,1043,15,1058,1381,0,2,1,2,0,1,0,0.00,76.61 ,50
03,019,00,004,0080,0,1328,11,1339,1809,0,2,1,2,0,1,0,0.00,74.02 ,50
03,019,00,004,0081,0,1497,9,1506,1979,0,2,1,2,0,1,0,0.00,76.10 ,50
03,019,00,004,0082,0,722,2,724,913,0,2,1,2,0,1,0,0.00,79.30 ,50
03,019,00,004,0083,0,1544,15,1559,2095,0,2,1,2,0,1,0,0.00,74.42 ,50
03,019,00,004,0084,0,3325,28,3353,4345,0,2,1,2,0,1,0,0.00,77.17 ,50
03,019,00,004,0085,0,2579,24,2603,3409,0,2,1,2,0,1,0,0.00,76.36 ,50
03,019,00,004,0086,0,2996,32,3028,3975,0,2,1,2,0,1,0,0.00,76.18 ,50
03,019,00,004,0087,0,3477,31,3508,4689,0,2,1,2,0,1,0,0.00,74.81 ,50
03,019,00,004,0088,0,6020,46,6066,7940,0,2,1,2,0,1,0,0.00,76.40 ,50
03,019,00,004,0089,0,1942,23,1965,2522,0,2,1,2,0,1,0,0.00,77.91 ,50
03,019,00,004,0090,0,2150,18,2168,2821,0,2,1,2,0,1,0,0.00,76.85 ,50
03,019,00,004,0091,0,4496,34,4530,5803,0,2,1,2,0,1,0,0.00,78.06 ,50
03,019,00,005,0092,0,1130,7,1137,1487,0,2,1,2,0,1,0,0.00,76.46 ,50
03,019,00,005,0093,0,670,10,680,893,0,2,1,2,0,1,0,0.00,76.15 ,50
03,019,00,005,0094,0,786,7,793,1079,0,2,1,2,0,1,0,0.00,73.49 ,50
03,019,00,005,0095,0,625,8,633,877,0,2,1,2,0,1,0,0.00,72.18 ,50
03,019,00,005,0096,0,1423,21,1444,1927,0,2,1,2,0,1,0,0.00,74.94 ,50
03,019,00,005,0097,0,1467,11,1478,1981,0,2,1,2,0,1,0,0.00,74.61 ,50
03,019,00,005,0098,0,781,10,791,1076,0,2,1,2,0,1,0,0.00,73.51 ,50
03,019,00,005,0099,0,508,4,512,708,0,2,1,2,0,1,0,0.00,72.32 ,50
03,019,00,005,0100,0,684,2,686,969,0,2,1,2,0,1,0,0.00,70.79 ,50
03,019,00,005,0101,0,1098,7,1105,1561,0,2,1,2,0,1,0,0.00,70.79 ,50
03,019,00,005,0102,0,629,5,634,815,0,2,1,2,0,1,0,0.00,77.79 ,50
03,019,00,005,0103,0,753,7,760,1014,0,2,1,2,0,1,0,0.00,74.95 ,50
03,019,00,005,0104,0,922,2,924,1261,0,2,1,2,0,1,0,0.00,73.28 ,50
03,019,00,005,0105,0,688,12,700,1000,0,2,1,2,0,1,0,0.00,70.00 ,50
03,019,00,005,0106,0,1748,16,1764,2442,0,2,1,2,0,1,0,0.00,72.24 ,50
03,019,00,005,0107,0,2469,31,2500,3288,0,2,1,2,0,1,0,0.00,76.03 ,50
03,019,00,005,0108,0,2370,13,2383,3069,0,2,1,2,0,1,0,0.00,77.65 ,50
03,019,00,005,0109,0,4703,51,4754,6352,0,2,1,2,0,1,0,0.00,74.84 ,50
03,019,00,005,0110,0,2166,13,2179,2839,0,2,1,2,0,1,0,0.00,76.75 ,50
03,019,00,005,0111,0,2085,21,2106,2993,0,2,1,2,0,1,0,0.00,70.36 ,50
03,019,00,005,0112,0,1136,10,1146,1553,0,2,1,2,0,1,0,0.00,73.79 ,50
03,019,00,005,0113,0,3114,17,3131,4243,0,2,1,2,0,1,0,0.00,73.79 ,50
03,019,00,005,0114,0,1522,15,1537,2237,0,2,1,2,0,1,0,0.00,68.71 ,50
03,019,00,005,0115,0,3405,43,3448,4587,0,2,1,2,0,1,0,0.00,75.17 ,50
03,019,00,005,0116,0,3544,34,3578,4805,0,2,1,2,0,1,0,0.00,74.46 ,50
03,019,00,005,0117,0,2571,20,2591,3339,0,2,1,2,0,1,0,0.00,77.60 ,50
03,019,00,005,0118,0,2847,34,2881,3743,0,2,1,2,0,1,0,0.00,76.97 ,50
03,019,00,005,0119,0,3515,42,3557,4780,0,2,1,2,0,1,0,0.00,74.41 ,50
03,019,00,005,0120,0,2483,37,2520,3371,0,2,1,2,0,1,0,0.00,74.76 ,50
03,019,00,005,0121,0,2058,22,2080,2812,0,2,1,2,0,1,0,0.00,73.97 ,50
03,019,00,005,0122,0,2377,21,2398,3176,0,2,1,2,0,1,0,0.00,75.50 ,50
03,019,00,005,0123,0,3778,32,3810,5066,0,2,1,2,0,1,0,0.00,75.21 ,50
03,019,00,005,0124,0,4330,44,4374,5738,0,2,1,2,0,1,0,0.00,76.23 ,50
03,019,00,005,0125,0,4735,35,4770,6418,0,2,1,2,0,1,0,0.00,74.32 ,50
03,019,00,005,0126,0,1976,16,1992,2672,0,2,1,2,0,1,0,0.00,74.55 ,50
03,019,00,006,0127,0,3574,35,3609,4551,0,2,1,2,0,1,0,0.00,79.30 ,50
03,019,00,006,0128,0,2757,20,2777,3564,0,2,1,2,0,1,0,0.00,77.92 ,50
03,019,00,006,0129,0,2569,15,2584,3221,0,2,1,2,0,1,0,0.00,80.22 ,50
03,019,00,006,0130,0,873,9,882,1076,0,2,1,2,0,1,0,0.00,81.97 ,50
03,019,00,006,0131,0,742,4,746,879,0,2,1,2,0,1,0,0.00,84.87 ,50
03,019,00,006,0132,0,2358,23,2381,3014,0,2,1,2,0,1,0,0.00,79.00 ,50
03,019,00,006,0133,0,3694,35,3729,4797,0,2,1,2,0,1,0,0.00,77.74 ,50
03,019,00,006,0134,0,4135,53,4188,5425,0,2,1,2,0,1,0,0.00,77.20 ,50
03,019,00,006,0135,0,1556,14,1570,1929,0,2,1,2,0,1,0,0.00,81.39 ,50
03,019,00,006,0136,0,3497,34,3531,4623,0,2,1,2,0,1,0,0.00,76.38 ,50
03,019,00,006,0137,0,3404,22,3426,4484,0,2,1,2,0,1,0,0.00,76.40 ,50
03,019,00,006,0138,0,2513,13,2526,3298,0,2,1,2,0,1,0,0.00,76.59 ,50
03,019,00,006,0139,0,2825,30,2855,3749,0,2,1,2,0,1,0,0.00,76.15 ,50
03,019,00,006,0140,0,3312,24,3336,4327,0,2,1,2,0,1,0,0.00,77.10 ,50
03,019,00,006,0141,0,2806,20,2826,3738,0,2,1,2,0,1,0,0.00,75.60 ,50
03,019,00,006,0142,0,2450,27,2477,3144,0,2,1,2,0,1,0,0.00,78.78 ,50
03,019,00,006,0143,0,826,10,836,1038,0,2,1,2,0,1,0,0.00,80.54 ,50
03,019,00,006,0144,0,2071,16,2087,2716,0,2,1,2,0,1,0,0.00,76.84 ,50
03,019,00,006,0145,0,2895,24,2919,3754,0,2,1,2,0,1,0,0.00,77.76 ,50
03,019,00,006,0146,0,3165,39,3204,4093,0,2,1,2,0,1,0,0.00,78.28 ,50
03,019,00,006,0147,0,1403,13,1416,1775,0,2,1,2,0,1,0,0.00,79.77 ,50
03,019,00,006,0148,0,1586,22,1608,2054,0,2,1,2,0,1,0,0.00,78.29 ,50
03,019,00,006,0149,0,2325,27,2352,3066,0,2,1,2,0,1,0,0.00,76.71 ,50
03,019,00,006,0150,0,9952,90,10042,13495,0,2,1,2,0,1,0,0.00,74.41 ,50
03,019,00,006,0151,0,1814,30,1844,2385,0,2,1,2,0,1,0,0.00,77.32 ,50
03,019,00,007,0152,0,2823,33,2856,3559,0,2,1,2,0,1,0,0.00,80.25 ,50
03,019,00,007,0153,0,2400,31,2431,3030,0,2,1,2,0,1,0,0.00,80.23 ,50
03,019,00,007,0154,0,2553,31,2584,3205,0,2,1,2,0,1,0,0.00,80.62 ,50
03,019,00,007,0155,0,2539,39,2578,3160,0,2,1,2,0,1,0,0.00,81.58 ,50
03,019,00,007,0156,0,1229,13,1242,1492,0,2,1,2,0,1,0,0.00,83.24 ,50
03,019,00,007,0157,0,1780,19,1799,2339,0,2,1,2,0,1,0,0.00,76.91 ,50
03,019,00,007,0158,0,3169,44,3213,4898,0,2,1,2,0,1,0,0.00,65.60 ,50
03,019,00,007,0159,0,1755,26,1781,2208,0,2,1,2,0,1,0,0.00,80.66 ,50
03,019,00,007,0160,0,3588,42,3630,4644,0,2,1,2,0,1,0,0.00,78.17 ,50
03,019,00,007,0161,0,960,10,970,1208,0,2,1,2,0,1,0,0.00,80.30 ,50
03,019,00,007,0162,0,2763,26,2789,3578,0,2,1,2,0,1,0,0.00,77.95 ,50
03,019,00,007,0163,0,1091,7,1098,1355,0,2,1,2,0,1,0,0.00,81.03 ,50
03,019,00,007,0164,0,1882,15,1897,2407,0,2,1,2,0,1,0,0.00,78.81 ,50
03,019,00,007,0165,0,5961,67,6028,7667,0,2,1,2,0,1,0,0.00,78.62 ,50
03,019,00,007,0166,0,4688,54,4742,6114,0,2,1,2,0,1,0,0.00,77.56 ,50
03,019,00,007,0167,0,5216,34,5250,6713,0,2,1,2,0,1,0,0.00,78.21 ,50
03,019,00,008,0168,0,3708,32,3740,4888,0,2,1,2,0,1,0,0.00,76.51 ,50
03,019,00,008,0169,0,2364,27,2391,3067,0,2,1,2,0,1,0,0.00,77.96 ,50
03,019,00,008,0170,0,5815,56,5871,7775,0,2,1,2,0,1,0,0.00,75.51 ,50
03,019,00,008,0171,0,5572,44,5616,7398,0,2,1,2,0,1,0,0.00,75.91 ,50
03,019,00,008,0172,0,3743,51,3794,4983,0,2,1,2,0,1,0,0.00,76.14 ,50
03,019,00,008,0173,0,2773,20,2793,3592,0,2,1,2,0,1,0,0.00,77.76 ,50
03,019,00,008,0174,0,4020,34,4054,5259,0,2,1,2,0,1,0,0.00,77.09 ,50
03,019,00,008,0175,0,2566,26,2592,3310,0,2,1,2,0,1,0,0.00,78.31 ,50
03,019,00,008,0176,0,2172,29,2201,2785,0,2,1,2,0,1,0,0.00,79.03 ,50
03,019,00,008,0177,0,3127,32,3159,4031,0,2,1,2,0,1,0,0.00,78.37 ,50
03,019,00,008,0178,0,3585,38,3623,4676,0,2,1,2,0,1,0,0.00,77.48 ,50
03,019,00,008,0179,0,4193,53,4246,5440,0,2,1,2,0,1,0,0.00,78.05 ,50
03,019,00,008,0180,0,3020,33,3053,3891,0,2,1,2,0,1,0,0.00,78.46 ,50
03,019,00,008,0181,0,1137,9,1146,1408,0,2,1,2,0,1,0,0.00,81.39 ,50
03,019,00,008,0182,0,665,10,675,862,0,2,1,2,0,1,0,0.00,78.31 ,50
03,019,00,008,0183,0,1344,25,1369,1822,0,2,1,2,0,1,0,0.00,75.14 ,50
03,019,00,008,0184,0,989,8,997,1251,0,2,1,2,0,1,0,0.00,79.70 ,50
03,019,00,008,0185,0,543,1,544,691,0,2,1,2,0,1,0,0.00,78.73 ,50
03,019,00,008,0186,0,2677,22,2699,3502,0,2,1,2,0,1,0,0.00,77.07 ,50
03,019,00,008,0187,0,4668,43,4711,6229,0,2,1,2,0,1,0,0.00,75.63 ,50
03,019,00,008,0188,0,5427,52,5479,7086,0,2,1,2,0,1,0,0.00,77.32 ,50
03,019,00,008,0189,0,4436,40,4476,5640,0,2,1,2,0,1,0,0.00,79.36 ,50
03,019,00,008,0190,0,3742,42,3784,4765,0,2,1,2,0,1,0,0.00,79.41 ,50
03,019,00,008,0191,0,810,11,821,1030,0,2,1,2,0,1,0,0.00,79.71 ,50
03,019,00,008,0192,0,3465,37,3502,4432,0,2,1,2,0,1,0,0.00,79.02 ,50
03,019,00,008,0193,0,3094,25,3119,3932,0,2,1,2,0,1,0,0.00,79.32 ,50
03,019,00,008,0194,0,3974,25,3999,5315,0,2,1,2,0,1,0,0.00,75.24 ,50
03,019,00,008,0195,0,2722,24,2746,3511,0,2,1,2,0,1,0,0.00,78.21 ,50
03,019,00,008,0196,0,3144,25,3169,4189,0,2,1,2,0,1,0,0.00,75.65 ,50
03,019,00,008,0197,0,653,5,658,849,0,2,1,2,0,1,0,0.00,77.50 ,50
03,019,00,008,0198,0,3936,37,3973,5088,0,2,1,2,0,1,0,0.00,78.09 ,50
03,020,00,001,0001,0,2472,19,2491,3332,0,2,1,2,0,1,0,0.00,74.76 ,50
03,020,00,001,0002,0,1695,19,1714,2356,0,2,1,2,0,1,0,0.00,72.75 ,50
03,020,00,001,0003,0,416,9,425,587,0,2,1,2,0,1,0,0.00,72.40 ,50
03,020,00,001,0004,0,1415,8,1423,1923,0,2,1,2,0,1,0,0.00,74.00 ,50
03,020,00,001,0005,0,734,5,739,953,0,2,1,2,0,1,0,0.00,77.54 ,50
03,020,00,001,0006,0,2299,12,2311,3084,0,2,1,2,0,1,0,0.00,74.94 ,50
03,020,00,001,0007,0,1550,9,1559,2063,0,2,1,2,0,1,0,0.00,75.57 ,50
03,020,00,001,0008,0,1485,12,1497,1949,0,2,1,2,0,1,0,0.00,76.81 ,50
03,020,00,001,0009,0,2108,13,2121,2797,0,2,1,2,0,1,0,0.00,75.83 ,50
03,020,00,001,0010,0,2226,22,2248,2981,0,2,1,2,0,1,0,0.00,75.41 ,50
03,020,00,001,0011,0,2686,28,2714,3704,0,2,1,2,0,1,0,0.00,73.27 ,50
03,020,00,001,0012,0,956,6,962,1337,0,2,1,2,0,1,0,0.00,71.95 ,50
03,020,00,001,0013,0,268,1,269,340,0,2,1,2,0,1,0,0.00,79.12 ,50
03,020,00,001,0014,0,377,4,381,522,0,2,1,2,0,1,0,0.00,72.99 ,50
03,020,00,001,0015,0,446,0,446,587,0,2,1,2,0,1,0,0.00,75.98 ,50
03,020,00,001,0016,0,431,2,433,565,0,2,1,2,0,1,0,0.00,76.64 ,50
03,020,00,001,0017,0,486,7,493,638,0,2,1,2,0,1,0,0.00,77.27 ,50
03,020,00,001,0018,0,443,3,446,602,0,2,1,2,0,1,0,0.00,74.09 ,50
03,020,00,001,0019,0,398,1,399,523,0,2,1,2,0,1,0,0.00,76.29 ,50
03,020,00,001,0020,0,1020,8,1028,1361,0,2,1,2,0,1,0,0.00,75.53 ,50
03,020,00,001,0021,0,498,4,502,671,0,2,1,2,0,1,0,0.00,74.81 ,50
03,020,00,001,0022,0,782,4,786,1035,0,2,1,2,0,1,0,0.00,75.94 ,50
03,020,00,001,0023,0,314,1,315,414,0,2,1,2,0,1,0,0.00,76.09 ,50
03,020,00,001,0024,0,814,7,821,1125,0,2,1,2,0,1,0,0.00,72.98 ,50
03,020,00,001,0025,0,523,3,526,695,0,2,1,2,0,1,0,0.00,75.68 ,50
03,020,00,001,0026,0,588,4,592,777,0,2,1,2,0,1,0,0.00,76.19 ,50
03,020,00,001,0027,0,610,3,613,830,0,2,1,2,0,1,0,0.00,73.86 ,50
03,020,00,001,0028,0,586,4,590,760,0,2,1,2,0,1,0,0.00,77.63 ,50
03,020,00,001,0029,0,983,10,993,1306,0,2,1,2,0,1,0,0.00,76.03 ,50
03,020,00,001,0030,0,502,4,506,680,0,2,1,2,0,1,0,0.00,74.41 ,50
03,020,00,001,0031,0,874,8,882,1228,0,2,1,2,0,1,0,0.00,71.82 ,50
03,020,00,001,0032,0,963,4,967,1284,0,2,1,2,0,1,0,0.00,75.31 ,50
03,020,00,001,0033,0,653,7,660,906,0,2,1,2,0,1,0,0.00,72.85 ,50
03,020,00,001,0034,0,1010,6,1016,1357,0,2,1,2,0,1,0,0.00,74.87 ,50
03,020,00,001,0035,0,1502,11,1513,2094,0,2,1,2,0,1,0,0.00,72.25 ,50
03,020,00,001,0036,0,1112,8,1120,1461,0,2,1,2,0,1,0,0.00,76.66 ,50
03,020,00,001,0037,0,1246,8,1254,1683,0,2,1,2,0,1,0,0.00,74.51 ,50
03,020,00,001,0038,0,2179,20,2199,2977,0,2,1,2,0,1,0,0.00,73.87 ,50
03,020,00,001,0039,0,1560,16,1576,2094,0,2,1,2,0,1,0,0.00,75.26 ,50
03,020,00,001,0040,0,1389,15,1404,1839,0,2,1,2,0,1,0,0.00,76.35 ,50
03,020,00,001,0041,0,3159,26,3185,4345,0,2,1,2,0,1,0,0.00,73.30 ,50
03,020,00,001,0042,0,1736,16,1752,2463,0,2,1,2,0,1,0,0.00,71.13 ,50
03,020,00,001,0043,0,1363,20,1383,1997,0,2,1,2,0,1,0,0.00,69.25 ,50
03,020,00,001,0044,0,1895,15,1910,2569,0,2,1,2,0,1,0,0.00,74.35 ,50
03,020,00,001,0045,0,608,2,610,856,0,2,1,2,0,1,0,0.00,71.26 ,50
03,020,00,001,0046,0,545,4,549,715,0,2,1,2,0,1,0,0.00,76.78 ,50
03,020,00,001,0047,0,862,7,869,1179,0,2,1,2,0,1,0,0.00,73.71 ,50
03,020,00,001,0048,0,1132,12,1144,1519,0,2,1,2,0,1,0,0.00,75.31 ,50
03,020,00,001,0049,0,728,7,735,941,0,2,1,2,0,1,0,0.00,78.11 ,50
03,020,00,001,0050,0,385,2,387,490,0,2,1,2,0,1,0,0.00,78.98 ,50
03,020,00,001,0051,0,1828,22,1850,2506,0,2,1,2,0,1,0,0.00,73.82 ,50
03,020,00,001,0052,0,1454,11,1465,1961,0,2,1,2,0,1,0,0.00,74.71 ,50
03,020,00,001,0053,0,1861,23,1884,2598,0,2,1,2,0,1,0,0.00,72.52 ,50
03,020,00,001,0054,0,1201,10,1211,1665,0,2,1,2,0,1,0,0.00,72.73 ,50
03,020,00,001,0055,0,2881,24,2905,3931,0,2,1,2,0,1,0,0.00,73.90 ,50
03,020,00,002,0056,0,838,8,846,1114,0,2,1,2,0,1,0,0.00,75.94 ,50
03,020,00,002,0057,0,529,7,536,719,0,2,1,2,0,1,0,0.00,74.55 ,50
03,020,00,002,0058,0,398,0,398,513,0,2,1,2,0,1,0,0.00,77.58 ,50
03,020,00,002,0059,0,482,5,487,658,0,2,1,2,0,1,0,0.00,74.01 ,50
03,020,00,002,0060,0,462,7,469,613,0,2,1,2,0,1,0,0.00,76.51 ,50
03,020,00,002,0061,0,681,2,683,873,0,2,1,2,0,1,0,0.00,78.24 ,50
03,020,00,002,0062,0,450,3,453,597,0,2,1,2,0,1,0,0.00,75.88 ,50
03,020,00,002,0063,0,742,5,747,1009,0,2,1,2,0,1,0,0.00,74.03 ,50
03,020,00,002,0064,0,760,2,762,1001,0,2,1,2,0,1,0,0.00,76.12 ,50
03,020,00,002,0065,0,640,5,645,854,0,2,1,2,0,1,0,0.00,75.53 ,50
03,020,00,002,0066,0,460,2,462,556,0,2,1,2,0,1,0,0.00,83.09 ,50
03,020,00,002,0067,0,603,6,609,824,0,2,1,2,0,1,0,0.00,73.91 ,50
03,020,00,002,0068,0,428,4,432,565,0,2,1,2,0,1,0,0.00,76.46 ,50
03,020,00,002,0069,0,438,4,442,569,0,2,1,2,0,1,0,0.00,77.68 ,50
03,020,00,002,0070,0,346,1,347,467,0,2,1,2,0,1,0,0.00,74.30 ,50
03,020,00,002,0071,0,339,1,340,494,0,2,1,2,0,1,0,0.00,68.83 ,50
03,020,00,002,0072,0,477,4,481,661,0,2,1,2,0,1,0,0.00,72.77 ,50
03,020,00,002,0073,0,617,2,619,765,0,2,1,2,0,1,0,0.00,80.92 ,50
03,020,00,002,0074,0,517,3,520,688,0,2,1,2,0,1,0,0.00,75.58 ,50
03,020,00,002,0075,0,3156,24,3180,4437,0,2,1,2,0,1,0,0.00,71.67 ,50
03,020,00,002,0076,0,727,5,732,983,0,2,1,2,0,1,0,0.00,74.47 ,50
03,020,00,002,0077,0,2019,15,2034,2751,0,2,1,2,0,1,0,0.00,73.94 ,50
03,020,00,002,0078,0,909,7,916,1207,0,2,1,2,0,1,0,0.00,75.89 ,50
03,020,00,002,0079,0,705,6,711,972,0,2,1,2,0,1,0,0.00,73.15 ,50
03,020,00,002,0080,0,919,6,925,1246,0,2,1,2,0,1,0,0.00,74.24 ,50
03,020,00,002,0081,0,1157,9,1166,1655,0,2,1,2,0,1,0,0.00,70.45 ,50
03,020,00,002,0082,0,1821,19,1840,2485,0,2,1,2,0,1,0,0.00,74.04 ,50
03,020,00,002,0083,0,1586,15,1601,2174,0,2,1,2,0,1,0,0.00,73.64 ,50
03,020,00,002,0084,0,607,8,615,809,0,2,1,2,0,1,0,0.00,76.02 ,50
03,020,00,002,0085,0,984,6,990,1354,0,2,1,2,0,1,0,0.00,73.12 ,50
03,020,00,002,0086,0,839,9,848,1118,0,2,1,2,0,1,0,0.00,75.85 ,50
03,020,00,002,0087,0,1452,17,1469,2047,0,2,1,2,0,1,0,0.00,71.76 ,50
03,020,00,002,0088,0,2541,24,2565,3388,0,2,1,2,0,1,0,0.00,75.71 ,50
03,020,00,002,0089,0,2234,15,2249,2945,0,2,1,2,0,1,0,0.00,76.37 ,50
03,020,00,002,0090,0,3752,41,3793,5115,0,2,1,2,0,1,0,0.00,74.15 ,50
03,020,00,002,0091,0,2306,21,2327,3109,0,2,1,2,0,1,0,0.00,74.85 ,50
03,020,00,002,0092,0,2716,21,2737,3633,0,2,1,2,0,1,0,0.00,75.34 ,50
03,020,00,002,0093,0,1727,9,1736,2350,0,2,1,2,0,1,0,0.00,73.87 ,50
03,020,00,002,0094,0,513,5,518,682,0,2,1,2,0,1,0,0.00,75.95 ,50
03,020,00,002,0095,0,393,4,397,514,0,2,1,2,0,1,0,0.00,77.24 ,50
03,020,00,002,0096,0,1312,16,1328,1797,0,2,1,2,0,1,0,0.00,73.90 ,50
03,020,00,002,0097,0,1000,11,1011,1347,0,2,1,2,0,1,0,0.00,75.06 ,50
03,020,00,002,0098,0,1226,8,1234,1746,0,2,1,2,0,1,0,0.00,70.68 ,50
03,020,00,002,0099,0,1482,18,1500,2139,0,2,1,2,0,1,0,0.00,70.13 ,50
03,020,00,002,0100,0,431,4,435,601,0,2,1,2,0,1,0,0.00,72.38 ,50
03,020,00,002,0101,0,498,10,508,738,0,2,1,2,0,1,0,0.00,68.83 ,50
03,020,00,002,0102,0,1071,13,1084,1511,0,2,1,2,0,1,0,0.00,71.74 ,50
03,020,00,002,0103,0,913,9,922,1314,0,2,1,2,0,1,0,0.00,70.17 ,50
03,020,00,002,0104,0,1315,12,1327,1757,0,2,1,2,0,1,0,0.00,75.53 ,50
03,020,00,002,0105,0,2365,28,2393,3310,0,2,1,2,0,1,0,0.00,72.30 ,50
03,020,00,002,0106,0,4716,54,4770,6342,0,2,1,2,0,1,0,0.00,75.21 ,50
03,020,00,002,0107,0,2134,21,2155,2882,0,2,1,2,0,1,0,0.00,74.77 ,50
03,020,00,002,0108,0,1527,15,1542,2043,0,2,1,2,0,1,0,0.00,75.48 ,50
03,020,00,002,0109,0,744,13,757,1055,0,2,1,2,0,1,0,0.00,71.75 ,50
03,020,00,002,0110,0,647,5,652,886,0,2,1,2,0,1,0,0.00,73.59 ,50
03,021,00,001,0001,0,3979,31,4010,5273,0,2,1,2,0,1,0,0.00,76.05 ,50
03,021,00,001,0002,0,2480,13,2493,3182,0,2,1,2,0,1,0,0.00,78.35 ,50
03,021,00,001,0003,0,1886,5,1891,2522,0,2,1,2,0,1,0,0.00,74.98 ,50
03,021,00,001,0004,0,3309,21,3330,4342,0,2,1,2,0,1,0,0.00,76.69 ,50
03,021,00,001,0005,0,2991,25,3016,3874,0,2,1,2,0,1,0,0.00,77.85 ,50
03,021,00,001,0006,0,1367,9,1376,1792,0,2,1,2,0,1,0,0.00,76.79 ,50
03,021,00,001,0007,0,1808,19,1827,2493,0,2,1,2,0,1,0,0.00,73.29 ,50
03,021,00,001,0008,0,1582,14,1596,2101,0,2,1,2,0,1,0,0.00,75.96 ,50
03,021,00,001,0009,0,1583,17,1600,2101,0,2,1,2,0,1,0,0.00,76.15 ,50
03,021,00,001,0010,0,3319,27,3346,4402,0,2,1,2,0,1,0,0.00,76.01 ,50
03,021,00,001,0011,0,3499,25,3524,4532,0,2,1,2,0,1,0,0.00,77.76 ,50
03,021,00,001,0012,0,1437,8,1445,1943,0,2,1,2,0,1,0,0.00,74.37 ,50
03,021,00,001,0013,0,1847,20,1867,2409,0,2,1,2,0,1,0,0.00,77.50 ,50
03,021,00,001,0014,0,1974,14,1988,2613,0,2,1,2,0,1,0,0.00,76.08 ,50
03,021,00,001,0015,0,1831,22,1853,2290,0,2,1,2,0,1,0,0.00,80.92 ,50
03,021,00,001,0016,0,1558,24,1582,1974,0,2,1,2,0,1,0,0.00,80.14 ,50
03,021,00,001,0017,0,2487,13,2500,3168,0,2,1,2,0,1,0,0.00,78.91 ,50
03,021,00,001,0018,0,2359,13,2372,3017,0,2,1,2,0,1,0,0.00,78.62 ,50
03,021,00,001,0019,0,2004,22,2026,2640,0,2,1,2,0,1,0,0.00,76.74 ,50
03,021,00,001,0020,0,2749,19,2768,3594,0,2,1,2,0,1,0,0.00,77.02 ,50
03,021,00,001,0021,0,1258,4,1262,1693,0,2,1,2,0,1,0,0.00,74.54 ,50
03,021,00,001,0022,0,780,8,788,1019,0,2,1,2,0,1,0,0.00,77.33 ,50
03,021,00,001,0023,0,642,6,648,887,0,2,1,2,0,1,0,0.00,73.06 ,50
03,021,00,001,0024,0,942,9,951,1317,0,2,1,2,0,1,0,0.00,72.21 ,50
03,021,00,001,0025,0,839,5,844,1106,0,2,1,2,0,1,0,0.00,76.31 ,50
03,021,00,001,0026,0,594,8,602,830,0,2,1,2,0,1,0,0.00,72.53 ,50
03,021,00,001,0027,0,1345,9,1354,1769,0,2,1,2,0,1,0,0.00,76.54 ,50
03,021,00,001,0028,0,2051,12,2063,2769,0,2,1,2,0,1,0,0.00,74.50 ,50
03,021,00,001,0029,0,1297,8,1305,1742,0,2,1,2,0,1,0,0.00,74.91 ,50
03,021,00,001,0030,0,1763,17,1780,2349,0,2,1,2,0,1,0,0.00,75.78 ,50
03,021,00,001,0031,0,2138,18,2156,2768,0,2,1,2,0,1,0,0.00,77.89 ,50
03,021,00,001,0032,0,1131,13,1144,1545,0,2,1,2,0,1,0,0.00,74.05 ,50
03,021,00,001,0033,0,1985,15,2000,2578,0,2,1,2,0,1,0,0.00,77.58 ,50
03,021,00,001,0034,0,1456,18,1474,1910,0,2,1,2,0,1,0,0.00,77.17 ,50
03,021,00,001,0035,0,2660,27,2687,3452,0,2,1,2,0,1,0,0.00,77.84 ,50
03,021,00,001,0036,0,1291,12,1303,1716,0,2,1,2,0,1,0,0.00,75.93 ,50
03,021,00,001,0037,0,1387,23,1410,1857,0,2,1,2,0,1,0,0.00,75.93 ,50
03,021,00,001,0038,0,3506,51,3557,4795,0,2,1,2,0,1,0,0.00,74.18 ,50
03,021,00,001,0039,0,1504,17,1521,2024,0,2,1,2,0,1,0,0.00,75.15 ,50
03,021,00,001,0040,0,834,6,840,1161,0,2,1,2,0,1,0,0.00,72.35 ,50
03,021,00,001,0041,0,943,8,951,1242,0,2,1,2,0,1,0,0.00,76.57 ,50
03,021,00,001,0042,0,670,5,675,875,0,2,1,2,0,1,0,0.00,77.14 ,50
03,021,00,001,0043,0,857,6,863,1114,0,2,1,2,0,1,0,0.00,77.47 ,50
03,021,00,001,0044,0,2894,18,2912,3767,0,2,1,2,0,1,0,0.00,77.30 ,50
03,021,00,001,0045,0,3202,23,3225,4206,0,2,1,2,0,1,0,0.00,76.68 ,50
03,021,00,002,0046,0,2221,22,2243,2928,0,2,1,2,0,1,0,0.00,76.61 ,50
03,021,00,002,0047,0,1511,9,1520,1994,0,2,1,2,0,1,0,0.00,76.23 ,50
03,021,00,002,0048,0,3069,36,3105,4149,0,2,1,2,0,1,0,0.00,74.84 ,50
03,021,00,002,0049,0,492,7,499,782,0,2,1,2,0,1,0,0.00,63.81 ,50
03,021,00,002,0050,0,1045,6,1051,1417,0,2,1,2,0,1,0,0.00,74.17 ,50
03,021,00,002,0051,0,893,7,900,1214,0,2,1,2,0,1,0,0.00,74.14 ,50
03,021,00,002,0052,0,983,8,991,1292,0,2,1,2,0,1,0,0.00,76.70 ,50
03,021,00,002,0053,0,1115,7,1122,1536,0,2,1,2,0,1,0,0.00,73.05 ,50
03,021,00,002,0054,0,771,10,781,1034,0,2,1,2,0,1,0,0.00,75.53 ,50
03,021,00,002,0055,0,2502,10,2512,3334,0,2,1,2,0,1,0,0.00,75.34 ,50
03,021,00,002,0056,0,1942,21,1963,2534,0,2,1,2,0,1,0,0.00,77.47 ,50
03,021,00,002,0057,0,1587,7,1594,2058,0,2,1,2,0,1,0,0.00,77.45 ,50
03,021,00,002,0058,0,2064,13,2077,2626,0,2,1,2,0,1,0,0.00,79.09 ,50
03,021,00,002,0059,0,1837,12,1849,2477,0,2,1,2,0,1,0,0.00,74.65 ,50
03,021,00,002,0060,0,2264,18,2282,2981,0,2,1,2,0,1,0,0.00,76.55 ,50
03,021,00,002,0061,0,2367,16,2383,3021,0,2,1,2,0,1,0,0.00,78.88 ,50
03,021,00,002,0062,0,3401,19,3420,4421,0,2,1,2,0,1,0,0.00,77.36 ,50
03,021,00,002,0063,0,2331,20,2351,3061,0,2,1,2,0,1,0,0.00,76.80 ,50
03,021,00,002,0064,0,1518,11,1529,2022,0,2,1,2,0,1,0,0.00,75.62 ,50
03,021,00,002,0065,0,2817,17,2834,3668,0,2,1,2,0,1,0,0.00,77.26 ,50
03,021,00,002,0066,0,1504,17,1521,1966,0,2,1,2,0,1,0,0.00,77.37 ,50
03,021,00,002,0067,0,2439,18,2457,3281,0,2,1,2,0,1,0,0.00,74.89 ,50
03,021,00,002,0068,0,2581,22,2603,3485,0,2,1,2,0,1,0,0.00,74.69 ,50
03,021,00,002,0069,0,2287,16,2303,2953,0,2,1,2,0,1,0,0.00,77.99 ,50
03,021,00,002,0070,0,2434,21,2455,3212,0,2,1,2,0,1,0,0.00,76.43 ,50
03,021,00,002,0071,0,2389,11,2400,3087,0,2,1,2,0,1,0,0.00,77.75 ,50
03,021,00,002,0072,0,3073,26,3099,4145,0,2,1,2,0,1,0,0.00,74.76 ,50
03,021,00,002,0073,0,2467,22,2489,3405,0,2,1,2,0,1,0,0.00,73.10 ,50
03,021,00,002,0074,0,1451,10,1461,1966,0,2,1,2,0,1,0,0.00,74.31 ,50
03,021,00,002,0075,0,751,8,759,1028,0,2,1,2,0,1,0,0.00,73.83 ,50
03,021,00,002,0076,0,665,7,672,946,0,2,1,2,0,1,0,0.00,71.04 ,50
03,021,00,002,0077,0,1506,15,1521,2007,0,2,1,2,0,1,0,0.00,75.78 ,50
03,021,00,002,0078,0,1078,10,1088,1546,0,2,1,2,0,1,0,0.00,70.38 ,50
03,021,00,002,0079,0,1027,8,1035,1392,0,2,1,2,0,1,0,0.00,74.35 ,50
03,021,00,002,0080,0,1762,7,1769,2327,0,2,1,2,0,1,0,0.00,76.02 ,50
03,021,00,002,0081,0,445,3,448,602,0,2,1,2,0,1,0,0.00,74.42 ,50
03,021,00,002,0082,0,448,4,452,587,0,2,1,2,0,1,0,0.00,77.00 ,50
03,021,00,002,0083,0,691,11,702,978,0,2,1,2,0,1,0,0.00,71.78 ,50
03,021,00,002,0084,0,532,6,538,714,0,2,1,2,0,1,0,0.00,75.35 ,50
03,021,00,002,0085,0,1014,8,1022,1431,0,2,1,2,0,1,0,0.00,71.42 ,50
03,021,00,002,0086,0,1259,12,1271,1707,0,2,1,2,0,1,0,0.00,74.46 ,50
03,021,00,002,0087,0,549,8,557,729,0,2,1,2,0,1,0,0.00,76.41 ,50
03,021,00,002,0088,0,1272,10,1282,1650,0,2,1,2,0,1,0,0.00,77.70 ,50
03,021,00,003,0089,0,1077,10,1087,1370,0,2,1,2,0,1,0,0.00,79.34 ,50
03,021,00,003,0090,0,877,4,881,1128,0,2,1,2,0,1,0,0.00,78.10 ,50
03,021,00,003,0091,0,869,7,876,1131,0,2,1,2,0,1,0,0.00,77.45 ,50
03,021,00,003,0092,0,1112,8,1120,1500,0,2,1,2,0,1,0,0.00,74.67 ,50
03,021,00,003,0093,0,599,5,604,794,0,2,1,2,0,1,0,0.00,76.07 ,50
03,021,00,003,0094,0,500,4,504,669,0,2,1,2,0,1,0,0.00,75.34 ,50
03,021,00,003,0095,0,358,4,362,483,0,2,1,2,0,1,0,0.00,74.95 ,50
03,021,00,003,0096,0,400,2,402,517,0,2,1,2,0,1,0,0.00,77.76 ,50
03,021,00,003,0097,0,992,10,1002,1297,0,2,1,2,0,1,0,0.00,77.26 ,50
03,021,00,003,0098,0,337,1,338,435,0,2,1,2,0,1,0,0.00,77.70 ,50
03,021,00,003,0099,0,441,2,443,561,0,2,1,2,0,1,0,0.00,78.97 ,50
03,021,00,003,0100,0,447,8,455,595,0,2,1,2,0,1,0,0.00,76.47 ,50
03,021,00,003,0101,0,562,8,570,720,0,2,1,2,0,1,0,0.00,79.17 ,50
03,021,00,003,0102,0,598,3,601,769,0,2,1,2,0,1,0,0.00,78.15 ,50
03,021,00,003,0103,0,833,5,838,1133,0,2,1,2,0,1,0,0.00,73.96 ,50
03,021,00,003,0104,0,419,3,422,558,0,2,1,2,0,1,0,0.00,75.63 ,50
03,021,00,003,0105,0,499,5,504,651,0,2,1,2,0,1,0,0.00,77.42 ,50
03,021,00,003,0106,0,425,5,430,553,0,2,1,2,0,1,0,0.00,77.76 ,50
03,021,00,003,0107,0,512,5,517,698,0,2,1,2,0,1,0,0.00,74.07 ,50
03,021,00,003,0108,0,633,2,635,838,0,2,1,2,0,1,0,0.00,75.78 ,50
03,021,00,003,0109,0,624,3,627,835,0,2,1,2,0,1,0,0.00,75.09 ,50
03,021,00,003,0110,0,473,1,474,599,0,2,1,2,0,1,0,0.00,79.13 ,50
03,021,00,003,0111,0,748,3,751,998,0,2,1,2,0,1,0,0.00,75.25 ,50
03,021,00,003,0112,0,423,0,423,529,0,2,1,2,0,1,0,0.00,79.96 ,50
03,021,00,003,0113,0,385,1,386,501,0,2,1,2,0,1,0,0.00,77.05 ,50
03,021,00,003,0114,0,916,14,930,1230,0,2,1,2,0,1,0,0.00,75.61 ,50
03,021,00,003,0115,0,1712,14,1726,2382,0,2,1,2,0,1,0,0.00,72.46 ,50
03,021,00,003,0116,0,871,2,873,1102,0,2,1,2,0,1,0,0.00,79.22 ,50
03,021,00,003,0117,0,1195,7,1202,1554,0,2,1,2,0,1,0,0.00,77.35 ,50
03,021,00,003,0118,0,573,4,577,723,0,2,1,2,0,1,0,0.00,79.81 ,50
03,021,00,003,0119,0,641,8,649,829,0,2,1,2,0,1,0,0.00,78.29 ,50
03,021,00,003,0120,0,1212,10,1222,1606,0,2,1,2,0,1,0,0.00,76.09 ,50
03,021,00,003,0121,0,1377,5,1382,1764,0,2,1,2,0,1,0,0.00,78.34 ,50
03,021,00,003,0122,0,2411,3,2414,3130,0,2,1,2,0,1,0,0.00,77.12 ,50
03,021,00,004,0123,0,7608,60,7668,10470,0,2,1,2,0,1,0,0.00,73.24 ,50
03,021,00,004,0124,0,3172,25,3197,4120,0,2,1,2,0,1,0,0.00,77.60 ,50
03,021,00,004,0125,0,298,2,300,361,0,2,1,2,0,1,0,0.00,83.10 ,50
03,021,00,004,0126,0,358,2,360,479,0,2,1,2,0,1,0,0.00,75.16 ,50
03,021,00,004,0127,0,287,6,293,374,0,2,1,2,0,1,0,0.00,78.34 ,50
03,021,00,004,0128,0,305,3,308,394,0,2,1,2,0,1,0,0.00,78.17 ,50
03,021,00,004,0129,0,648,6,654,882,0,2,1,2,0,1,0,0.00,74.15 ,50
03,021,00,004,0130,0,1707,25,1732,2179,0,2,1,2,0,1,0,0.00,79.49 ,50
03,021,00,004,0131,0,1483,11,1494,2011,0,2,1,2,0,1,0,0.00,74.29 ,50
03,021,00,004,0132,0,337,3,340,431,0,2,1,2,0,1,0,0.00,78.89 ,50
03,021,00,005,0133,0,613,9,622,787,0,2,1,2,0,1,0,0.00,79.03 ,50
03,021,00,005,0134,0,531,5,536,689,0,2,1,2,0,1,0,0.00,77.79 ,50
03,021,00,005,0135,0,528,7,535,674,0,2,1,2,0,1,0,0.00,79.38 ,50
03,021,00,005,0136,0,615,4,619,784,0,2,1,2,0,1,0,0.00,78.95 ,50
03,021,00,005,0137,0,608,1,609,818,0,2,1,2,0,1,0,0.00,74.45 ,50
03,021,00,005,0138,0,1710,18,1728,2158,0,2,1,2,0,1,0,0.00,80.07 ,50
03,021,00,005,0139,0,1048,8,1056,1349,0,2,1,2,0,1,0,0.00,78.28 ,50
03,021,00,005,0140,0,1802,12,1814,2239,0,2,1,2,0,1,0,0.00,81.02 ,50
03,021,00,005,0141,0,1783,14,1797,2285,0,2,1,2,0,1,0,0.00,78.64 ,50
03,021,00,005,0142,0,1968,10,1978,2526,0,2,1,2,0,1,0,0.00,78.31 ,50
03,021,00,005,0143,0,1780,10,1790,2281,0,2,1,2,0,1,0,0.00,78.47 ,50
03,021,00,005,0144,0,727,8,735,916,0,2,1,2,0,1,0,0.00,80.24 ,50
03,021,00,005,0145,0,762,6,768,993,0,2,1,2,0,1,0,0.00,77.34 ,50
03,021,00,005,0146,0,841,6,847,1090,0,2,1,2,0,1,0,0.00,77.71 ,50
03,021,00,005,0147,0,724,6,730,923,0,2,1,2,0,1,0,0.00,79.09 ,50
03,021,00,005,0148,0,424,4,428,544,0,2,1,2,0,1,0,0.00,78.68 ,50
03,021,00,005,0149,0,721,2,723,932,0,2,1,2,0,1,0,0.00,77.58 ,50
03,021,00,005,0150,0,496,4,500,628,0,2,1,2,0,1,0,0.00,79.62 ,50
03,021,00,005,0151,0,730,9,739,950,0,2,1,2,0,1,0,0.00,77.79 ,50
03,021,00,005,0152,0,1582,20,1602,2116,0,2,1,2,0,1,0,0.00,75.71 ,50
03,021,00,005,0153,0,640,12,652,888,0,2,1,2,0,1,0,0.00,73.42 ,50
03,021,00,005,0154,0,463,6,469,593,0,2,1,2,0,1,0,0.00,79.09 ,50
03,021,00,005,0155,0,182,2,184,238,0,2,1,2,0,1,0,0.00,77.31 ,50
03,021,00,005,0156,0,361,4,365,436,0,2,1,2,0,1,0,0.00,83.72 ,50
03,021,00,005,0157,0,400,1,401,510,0,2,1,2,0,1,0,0.00,78.63 ,50
03,021,00,005,0158,0,1166,7,1173,1531,0,2,1,2,0,1,0,0.00,76.62 ,50
03,021,00,005,0159,0,233,2,235,301,0,2,1,2,0,1,0,0.00,78.07 ,50
03,021,00,005,0160,0,660,12,672,831,0,2,1,2,0,1,0,0.00,80.87 ,50
03,021,00,005,0161,0,741,7,748,990,0,2,1,2,0,1,0,0.00,75.56 ,50
03,021,00,005,0162,0,925,3,928,1142,0,2,1,2,0,1,0,0.00,81.26 ,50
03,021,00,006,0163,0,717,9,726,969,0,2,1,2,0,1,0,0.00,74.92 ,50
03,021,00,006,0164,0,792,9,801,1061,0,2,1,2,0,1,0,0.00,75.49 ,50
03,021,00,006,0165,0,685,3,688,964,0,2,1,2,0,1,0,0.00,71.37 ,50
03,021,00,006,0166,0,920,8,928,1283,0,2,1,2,0,1,0,0.00,72.33 ,50
03,021,00,006,0167,0,738,10,748,975,0,2,1,2,0,1,0,0.00,76.72 ,50
03,021,00,006,0168,0,812,5,817,1104,0,2,1,2,0,1,0,0.00,74.00 ,50
03,021,00,006,0169,0,897,8,905,1186,0,2,1,2,0,1,0,0.00,76.31 ,50
03,021,00,006,0170,0,663,6,669,924,0,2,1,2,0,1,0,0.00,72.40 ,50
03,021,00,006,0171,0,895,8,903,1186,0,2,1,2,0,1,0,0.00,76.14 ,50
03,021,00,006,0172,0,787,7,794,1039,0,2,1,2,0,1,0,0.00,76.42 ,50
03,021,00,006,0173,0,1338,10,1348,1754,0,2,1,2,0,1,0,0.00,76.85 ,50
03,021,00,006,0174,0,1533,11,1544,2056,0,2,1,2,0,1,0,0.00,75.10 ,50
03,021,00,006,0175,0,1548,20,1568,2038,0,2,1,2,0,1,0,0.00,76.94 ,50
03,021,00,006,0176,0,1891,16,1907,2456,0,2,1,2,0,1,0,0.00,77.65 ,50
03,021,00,006,0177,0,1607,12,1619,2132,0,2,1,2,0,1,0,0.00,75.94 ,50
03,021,00,006,0178,0,1552,15,1567,2017,0,2,1,2,0,1,0,0.00,77.69 ,50
03,021,00,006,0179,0,1128,13,1141,1420,0,2,1,2,0,1,0,0.00,80.35 ,50
03,021,00,006,0180,0,1467,25,1492,1928,0,2,1,2,0,1,0,0.00,77.39 ,50
03,021,00,006,0181,0,2204,17,2221,2838,0,2,1,2,0,1,0,0.00,78.26 ,50
03,021,00,006,0182,0,805,7,812,1005,0,2,1,2,0,1,0,0.00,80.80 ,50
03,021,00,006,0183,0,456,7,463,597,0,2,1,2,0,1,0,0.00,77.55 ,50
03,021,00,006,0184,0,1011,6,1017,1360,0,2,1,2,0,1,0,0.00,74.78 ,50
03,021,00,006,0185,0,892,9,901,1161,0,2,1,2,0,1,0,0.00,77.61 ,50
03,021,00,006,0186,0,1112,11,1123,1485,0,2,1,2,0,1,0,0.00,75.62 ,50
03,021,00,006,0187,0,1052,12,1064,1352,0,2,1,2,0,1,0,0.00,78.70 ,50
03,021,00,006,0188,0,745,10,755,986,0,2,1,2,0,1,0,0.00,76.57 ,50
03,021,00,006,0189,0,1490,11,1501,1980,0,2,1,2,0,1,0,0.00,75.81 ,50
03,021,00,006,0190,0,3617,37,3654,4678,0,2,1,2,0,1,0,0.00,78.11 ,50
03,021,00,006,0191,0,1157,12,1169,1531,0,2,1,2,0,1,0,0.00,76.36 ,50
03,021,00,006,0192,0,1500,10,1510,1982,0,2,1,2,0,1,0,0.00,76.19 ,50
03,021,00,006,0193,0,1238,17,1255,1643,0,2,1,2,0,1,0,0.00,76.38 ,50
03,021,00,006,0194,0,1017,13,1030,1384,0,2,1,2,0,1,0,0.00,74.42 ,50
03,021,00,006,0195,0,1206,7,1213,1596,0,2,1,2,0,1,0,0.00,76.00 ,50
03,021,00,006,0196,0,1339,15,1354,1834,0,2,1,2,0,1,0,0.00,73.83 ,50
03,021,00,006,0197,0,2567,15,2582,3366,0,2,1,2,0,1,0,0.00,76.71 ,50
03,021,00,006,0198,0,3407,26,3433,4460,0,2,1,2,0,1,0,0.00,76.97 ,50
03,021,00,006,0199,0,2431,15,2446,3135,0,2,1,2,0,1,0,0.00,78.02 ,50
03,021,00,006,0200,0,968,11,979,1219,0,2,1,2,0,1,0,0.00,80.31 ,50
03,021,00,006,0201,0,1047,12,1059,1377,0,2,1,2,0,1,0,0.00,76.91 ,50
03,021,00,006,0202,0,3252,37,3289,4275,0,2,1,2,0,1,0,0.00,76.94 ,50
03,021,00,006,0203,0,4351,35,4386,5549,0,2,1,2,0,1,0,0.00,79.04 ,50
03,021,00,006,0204,0,3712,37,3749,4847,0,2,1,2,0,1,0,0.00,77.35 ,50
03,021,00,007,0205,0,2021,17,2038,2655,0,2,1,2,0,1,0,0.00,76.76 ,50
03,021,00,007,0206,0,1543,21,1564,2046,0,2,1,2,0,1,0,0.00,76.44 ,50
03,021,00,007,0207,0,1390,11,1401,1818,0,2,1,2,0,1,0,0.00,77.06 ,50
03,021,00,007,0208,0,1495,19,1514,1938,0,2,1,2,0,1,0,0.00,78.12 ,50
03,021,00,007,0209,0,1856,16,1872,2456,0,2,1,2,0,1,0,0.00,76.22 ,50
03,021,00,007,0210,0,2495,16,2511,3290,0,2,1,2,0,1,0,0.00,76.32 ,50
03,021,00,007,0211,0,1565,15,1580,2060,0,2,1,2,0,1,0,0.00,76.70 ,50
03,021,00,007,0212,0,1778,13,1791,2432,0,2,1,2,0,1,0,0.00,73.64 ,50
03,021,00,007,0213,0,1777,13,1790,2372,0,2,1,2,0,1,0,0.00,75.46 ,50
03,021,00,007,0214,0,1482,13,1495,1943,0,2,1,2,0,1,0,0.00,76.94 ,50
03,021,00,007,0215,0,1405,17,1422,1836,0,2,1,2,0,1,0,0.00,77.45 ,50
03,021,00,007,0216,0,2959,25,2984,3870,0,2,1,2,0,1,0,0.00,77.11 ,50
03,021,00,007,0217,0,373,5,378,475,0,2,1,2,0,1,0,0.00,79.58 ,50
03,021,00,007,0218,0,1796,17,1813,2378,0,2,1,2,0,1,0,0.00,76.24 ,50
03,021,00,007,0219,0,2071,16,2087,2871,0,2,1,2,0,1,0,0.00,72.69 ,50
03,021,00,007,0220,0,747,2,749,987,0,2,1,2,0,1,0,0.00,75.89 ,50
03,021,00,007,0221,0,1124,8,1132,1458,0,2,1,2,0,1,0,0.00,77.64 ,50
03,021,00,007,0222,0,881,12,893,1168,0,2,1,2,0,1,0,0.00,76.46 ,50
03,021,00,007,0223,0,1882,13,1895,2457,0,2,1,2,0,1,0,0.00,77.13 ,50
03,021,00,007,0224,0,633,13,646,815,0,2,1,2,0,1,0,0.00,79.26 ,50
03,021,00,007,0225,0,1361,27,1388,1792,0,2,1,2,0,1,0,0.00,77.46 ,50
03,021,00,007,0226,0,810,10,820,1077,0,2,1,2,0,1,0,0.00,76.14 ,50
03,021,00,007,0227,0,642,4,646,775,0,2,1,2,0,1,0,0.00,83.35 ,50
03,021,00,007,0228,0,769,6,775,1033,0,2,1,2,0,1,0,0.00,75.02 ,50
03,021,00,007,0229,0,1130,17,1147,1542,0,2,1,2,0,1,0,0.00,74.38 ,50
03,021,00,007,0230,0,722,13,735,915,0,2,1,2,0,1,0,0.00,80.33 ,50
03,021,00,007,0231,0,747,15,762,1031,0,2,1,2,0,1,0,0.00,73.91 ,50
03,021,00,007,0232,0,602,7,609,778,0,2,1,2,0,1,0,0.00,78.28 ,50
03,021,00,007,0233,0,1504,19,1523,2001,0,2,1,2,0,1,0,0.00,76.11 ,50
03,021,00,007,0234,0,460,7,467,559,0,2,1,2,0,1,0,0.00,83.54 ,50
03,021,00,007,0235,0,792,9,801,1042,0,2,1,2,0,1,0,0.00,76.87 ,50
03,021,00,007,0236,0,929,8,937,1253,0,2,1,2,0,1,0,0.00,74.78 ,50
03,021,00,007,0237,0,755,12,767,946,0,2,1,2,0,1,0,0.00,81.08 ,50
03,021,00,007,0238,0,438,4,442,560,0,2,1,2,0,1,0,0.00,78.93 ,50
03,021,00,007,0239,0,964,6,970,1244,0,2,1,2,0,1,0,0.00,77.97 ,50
03,021,00,007,0240,0,410,7,417,496,0,2,1,2,0,1,0,0.00,84.07 ,50
03,021,00,007,0241,0,1390,21,1411,1890,0,2,1,2,0,1,0,0.00,74.66 ,50
03,021,00,007,0242,0,1792,24,1816,2352,0,2,1,2,0,1,0,0.00,77.21 ,50
03,021,00,007,0243,0,1732,25,1757,2325,0,2,1,2,0,1,0,0.00,75.57 ,50
03,021,00,007,0244,0,1473,17,1490,1911,0,2,1,2,0,1,0,0.00,77.97 ,50
03,021,00,007,0245,0,1468,18,1486,2025,0,2,1,2,0,1,0,0.00,73.38 ,50
03,021,00,007,0246,0,1751,16,1767,2346,0,2,1,2,0,1,0,0.00,75.32 ,50
03,021,00,007,0247,0,3800,47,3847,5115,0,2,1,2,0,1,0,0.00,75.21 ,50
03,021,00,007,0248,0,3558,44,3602,4646,0,2,1,2,0,1,0,0.00,77.53 ,50
03,021,00,007,0249,0,2382,28,2410,3150,0,2,1,2,0,1,0,0.00,76.51 ,50
03,021,00,007,0250,0,1395,13,1408,1871,0,2,1,2,0,1,0,0.00,75.25 ,50
03,021,00,007,0251,0,1893,14,1907,2465,0,2,1,2,0,1,0,0.00,77.36 ,50
03,021,00,007,0252,0,4148,31,4179,5395,0,2,1,2,0,1,0,0.00,77.46 ,50
04,001,00,001,0001,0,967,18,985,1363,0,2,1,2,0,1,0,0.00,72.27 ,50
04,001,00,001,0002,0,1285,11,1296,1793,0,2,1,2,0,1,0,0.00,72.28 ,50
04,001,00,001,0003,0,1723,21,1744,2455,0,2,1,2,0,1,0,0.00,71.04 ,50
04,001,00,001,0004,0,873,7,880,1226,0,2,1,2,0,1,0,0.00,71.78 ,50
04,001,00,001,0005,0,594,12,606,882,0,2,1,2,0,1,0,0.00,68.71 ,50
04,001,00,001,0006,0,391,5,396,556,0,2,1,2,0,1,0,0.00,71.22 ,50
04,001,00,001,0007,0,687,15,702,1025,0,2,1,2,0,1,0,0.00,68.49 ,50
04,001,00,001,0008,0,312,7,319,472,0,2,1,2,0,1,0,0.00,67.58 ,50
04,001,00,002,0009,0,621,7,628,967,0,2,1,2,0,1,0,0.00,64.94 ,50
04,001,00,002,0010,0,785,24,809,1174,0,2,1,2,0,1,0,0.00,68.91 ,50
04,001,00,002,0011,0,622,13,635,907,0,2,1,2,0,1,0,0.00,70.01 ,50
04,001,00,002,0012,0,710,21,731,1125,0,2,1,2,0,1,0,0.00,64.98 ,50
04,001,00,002,0013,0,586,13,599,853,0,2,1,2,0,1,0,0.00,70.22 ,50
04,001,00,002,0014,0,257,8,265,414,0,2,1,2,0,1,0,0.00,64.01 ,50
04,001,00,003,0015,0,1064,11,1075,1521,0,2,1,2,0,1,0,0.00,70.68 ,50
04,001,00,003,0016,0,742,15,757,1080,0,2,1,2,0,1,0,0.00,70.09 ,50
04,001,00,003,0017,0,327,8,335,467,0,2,1,2,0,1,0,0.00,71.73 ,50
04,001,00,003,0018,0,318,6,324,451,0,2,1,2,0,1,0,0.00,71.84 ,50
04,001,00,003,0019,0,323,3,326,478,0,2,1,2,0,1,0,0.00,68.20 ,50
04,001,00,003,0020,0,730,11,741,1035,0,2,1,2,0,1,0,0.00,71.59 ,50
04,001,00,003,0021,0,531,12,543,725,0,2,1,2,0,1,0,0.00,74.90 ,50
04,001,00,003,0022,0,672,14,686,992,0,2,1,2,0,1,0,0.00,69.15 ,50
04,001,00,004,0023,0,1045,24,1069,1514,0,2,1,2,0,1,0,0.00,70.61 ,50
04,001,00,004,0024,0,445,12,457,632,0,2,1,2,0,1,0,0.00,72.31 ,50
04,001,00,004,0025,0,447,14,461,706,0,2,1,2,0,1,0,0.00,65.30 ,50
04,001,00,004,0026,0,297,7,304,454,0,2,1,2,0,1,0,0.00,66.96 ,50
04,001,00,004,0027,0,333,13,346,554,0,2,1,2,0,1,0,0.00,62.45 ,50
04,001,00,004,0028,0,367,2,369,546,0,2,1,2,0,1,0,0.00,67.58 ,50
04,001,00,004,0029,0,237,6,243,371,0,2,1,2,0,1,0,0.00,65.50 ,50
04,001,00,004,0030,0,403,6,409,603,0,2,1,2,0,1,0,0.00,67.83 ,50
04,001,00,005,0031,0,627,13,640,928,0,2,1,2,0,1,0,0.00,68.97 ,50
04,001,00,005,0032,0,253,5,258,402,0,2,1,2,0,1,0,0.00,64.18 ,50
04,001,00,005,0033,0,343,17,360,568,0,2,1,2,0,1,0,0.00,63.38 ,50
04,001,00,005,0034,0,241,4,245,381,0,2,1,2,0,1,0,0.00,64.30 ,50
04,001,00,005,0035,0,494,16,510,775,0,2,1,2,0,1,0,0.00,65.81 ,50
04,001,00,006,0036,0,13,0,13,81,0,2,1,2,0,1,0,0.00,16.05 ,50
04,002,00,001,0001,0,1161,14,1175,1575,0,2,1,2,0,1,0,0.00,74.60 ,50
04,002,00,001,0002,0,524,13,537,739,0,2,1,2,0,1,0,0.00,72.67 ,50
04,002,00,002,0003,0,338,6,344,525,0,2,1,2,0,1,0,0.00,65.52 ,50
04,002,00,002,0004,0,143,6,149,240,0,2,1,2,0,1,0,0.00,62.08 ,50
04,002,00,003,0005,0,99,7,106,236,0,2,1,2,0,1,0,0.00,44.92 ,50
04,002,00,003,0006,0,62,2,64,152,0,2,1,2,0,1,0,0.00,42.11 ,50
04,002,00,004,0007,0,298,5,303,428,0,2,1,2,0,1,0,0.00,70.79 ,50
01,000,00,001,0001,1 ,845,7,852,1071,0,2,1,2,0,1,0,0.00,79.55 ,50
01,000,00,001,0001,2 ,1084,4,1088,1388,0,2,1,2,0,1,0,0.00,78.39 ,50
01,000,00,001,0001,3 ,1006,6,1012,1247,0,2,1,2,0,1,0,0.00,81.15 ,50
01,000,00,001,0002,4 ,1211,6,1217,1571,0,2,1,2,0,1,0,0.00,77.47 ,50
01,000,00,001,0002,5 ,1267,11,1278,1583,0,2,1,2,0,1,0,0.00,80.73 ,50
01,000,00,001,0003,6 ,1086,6,1092,1335,0,2,1,2,0,1,0,0.00,81.80 ,50
01,000,00,001,0003,7 ,1070,15,1085,1407,0,2,1,2,0,1,0,0.00,77.11 ,50
01,000,00,001,0003,8 ,1155,9,1164,1460,0,2,1,2,0,1,0,0.00,79.73 ,50
01,000,00,001,0004,9 ,984,12,996,1280,0,2,1,2,0,1,0,0.00,77.81 ,50
01,000,00,001,0004,10 ,1099,13,1112,1367,0,2,1,2,0,1,0,0.00,81.35 ,50
01,000,00,001,0004,11 ,1136,2,1138,1421,0,2,1,2,0,1,0,0.00,80.08 ,50
01,000,00,001,0004,12 ,919,5,924,1195,0,2,1,2,0,1,0,0.00,77.32 ,50
01,000,00,001,0005,13 ,1202,14,1216,1499,0,2,1,2,0,1,0,0.00,81.12 ,50
01,000,00,001,0005,14 ,1221,11,1232,1528,0,2,1,2,0,1,0,0.00,80.63 ,50
01,000,00,001,0005,15 ,1369,10,1379,1755,0,2,1,2,0,1,0,0.00,78.58 ,50
01,000,00,001,0006,16 ,950,9,959,1153,0,2,1,2,0,1,0,0.00,83.17 ,50
01,000,00,001,0007,17 ,972,12,984,1250,0,2,1,2,0,1,0,0.00,78.72 ,50
01,000,00,001,0007,18 ,978,12,990,1216,0,2,1,2,0,1,0,0.00,81.41 ,50
01,000,00,001,0007,19 ,1007,4,1011,1259,0,2,1,2,0,1,0,0.00,80.30 ,50
01,000,00,001,0008,20 ,1155,5,1160,1478,0,2,1,2,0,1,0,0.00,78.48 ,50
01,000,00,001,0008,21 ,1263,14,1277,1654,0,2,1,2,0,1,0,0.00,77.21 ,50
01,000,00,001,0008,22 ,1124,13,1137,1363,0,2,1,2,0,1,0,0.00,83.42 ,50
01,000,00,001,0009,23 ,885,12,897,1102,0,2,1,2,0,1,0,0.00,81.40 ,50
01,000,00,001,0009,24 ,1022,14,1036,1304,0,2,1,2,0,1,0,0.00,79.45 ,50
01,000,00,001,0009,25 ,905,21,926,1163,0,2,1,2,0,1,0,0.00,79.62 ,50
01,000,00,001,0010,26 ,927,12,939,1188,0,2,1,2,0,1,0,0.00,79.04 ,50
01,000,00,001,0010,27 ,1071,9,1080,1368,0,2,1,2,0,1,0,0.00,78.95 ,50
01,000,00,001,0010,28 ,972,8,980,1211,0,2,1,2,0,1,0,0.00,80.92 ,50
01,000,00,001,0011,29 ,1276,14,1290,1623,0,2,1,2,0,1,0,0.00,79.48 ,50
01,000,00,001,0011,30 ,1147,17,1164,1421,0,2,1,2,0,1,0,0.00,81.91 ,50
01,000,00,001,0011,31 ,1111,7,1118,1390,0,2,1,2,0,1,0,0.00,80.43 ,50
01,000,00,001,0011,32 ,1242,15,1257,1552,0,2,1,2,0,1,0,0.00,80.99 ,50
01,000,00,001,0012,33 ,1032,12,1044,1316,0,2,1,2,0,1,0,0.00,79.33 ,50
01,000,00,001,0012,34 ,1006,9,1015,1352,0,2,1,2,0,1,0,0.00,75.07 ,50
01,000,00,001,0012,35 ,1045,12,1057,1403,0,2,1,2,0,1,0,0.00,75.34 ,50
01,000,00,001,0012,36 ,923,9,932,1244,0,2,1,2,0,1,0,0.00,74.92 ,50
01,000,00,001,0013,37 ,1221,12,1233,1564,0,2,1,2,0,1,0,0.00,78.84 ,50
01,000,00,001,0013,38 ,1196,9,1205,1546,0,2,1,2,0,1,0,0.00,77.94 ,50
01,000,00,001,0013,39 ,1119,12,1131,1426,0,2,1,2,0,1,0,0.00,79.31 ,50
01,000,00,001,0014,40 ,1304,7,1311,1724,0,2,1,2,0,1,0,0.00,76.04 ,50
01,000,00,001,0014,41 ,1363,7,1370,1858,0,2,1,2,0,1,0,0.00,73.74 ,50
01,000,00,001,0014,42 ,1375,15,1390,1719,0,2,1,2,0,1,0,0.00,80.86 ,50
01,000,00,001,0015,43 ,1294,14,1308,1642,0,2,1,2,0,1,0,0.00,79.66 ,50
01,000,00,001,0015,44 ,1266,7,1273,1594,0,2,1,2,0,1,0,0.00,79.86 ,50
01,000,00,001,0015,45 ,1260,9,1269,1574,0,2,1,2,0,1,0,0.00,80.62 ,50
01,000,00,001,0016,46 ,1284,9,1293,1663,0,2,1,2,0,1,0,0.00,77.75 ,50
01,000,00,001,0016,47 ,1108,10,1118,1415,0,2,1,2,0,1,0,0.00,79.01 ,50
01,000,00,001,0016,48 ,987,8,995,1243,0,2,1,2,0,1,0,0.00,80.05 ,50
01,000,00,001,0016,49 ,1308,12,1320,1693,0,2,1,2,0,1,0,0.00,77.97 ,50
01,000,00,001,0017,50 ,1187,12,1199,1483,0,2,1,2,0,1,0,0.00,80.85 ,50
01,000,00,001,0017,51 ,1265,14,1279,1606,0,2,1,2,0,1,0,0.00,79.64 ,50
01,000,00,001,0018,52 ,824,10,834,1034,0,2,1,2,0,1,0,0.00,80.66 ,50
01,000,00,001,0018,53 ,1106,14,1120,1343,0,2,1,2,0,1,0,0.00,83.40 ,50
01,000,00,001,0018,54 ,1052,18,1070,1345,0,2,1,2,0,1,0,0.00,79.55 ,50
01,000,00,001,0019,55 ,1172,10,1182,1549,0,2,1,2,0,1,0,0.00,76.31 ,50
01,000,00,001,0019,56 ,1310,15,1325,1704,0,2,1,2,0,1,0,0.00,77.76 ,50
01,000,00,001,0020,57 ,1075,14,1089,1368,0,2,1,2,0,1,0,0.00,79.61 ,50
01,000,00,001,0020,58 ,1298,11,1309,1659,0,2,1,2,0,1,0,0.00,78.90 ,50
01,000,00,001,0020,59 ,1299,8,1307,1636,0,2,1,2,0,1,0,0.00,79.89 ,50
01,000,00,001,0020,60 ,1246,8,1254,1519,0,2,1,2,0,1,0,0.00,82.55 ,50
01,000,00,001,0021,61 ,1047,35,1082,1330,0,2,1,2,0,1,0,0.00,81.35 ,50
01,000,00,001,0021,62 ,1133,11,1144,1455,0,2,1,2,0,1,0,0.00,78.63 ,50
01,000,00,001,0021,63 ,1033,11,1044,1343,0,2,1,2,0,1,0,0.00,77.74 ,50
01,000,00,001,0021,64 ,1246,7,1253,1560,0,2,1,2,0,1,0,0.00,80.32 ,50
01,000,00,001,0022,65 ,1030,4,1034,1250,0,2,1,2,0,1,0,0.00,82.72 ,50
01,000,00,001,0022,66 ,707,7,714,921,0,2,1,2,0,1,0,0.00,77.52 ,50
01,000,00,001,0022,67 ,1169,8,1177,1536,0,2,1,2,0,1,0,0.00,76.63 ,50
01,000,00,001,0023,68 ,939,9,948,1207,0,2,1,2,0,1,0,0.00,78.54 ,50
01,000,00,001,0023,69 ,938,9,947,1161,0,2,1,2,0,1,0,0.00,81.57 ,50
01,000,00,001,0023,70 ,1298,9,1307,1730,0,2,1,2,0,1,0,0.00,75.55 ,50
01,000,00,001,0024,71 ,1256,9,1265,1570,0,2,1,2,0,1,0,0.00,80.57 ,50
01,000,00,001,0024,72 ,1277,14,1291,1617,0,2,1,2,0,1,0,0.00,79.84 ,50
01,000,00,001,0024,73 ,1321,6,1327,1649,0,2,1,2,0,1,0,0.00,80.47 ,50
01,000,00,001,0024,74 ,1298,16,1314,1702,0,2,1,2,0,1,0,0.00,77.20 ,50
01,000,00,001,0025,75 ,1164,13,1177,1482,0,2,1,2,0,1,0,0.00,79.42 ,50
01,000,00,001,0025,76 ,1174,13,1187,1567,0,2,1,2,0,1,0,0.00,75.75 ,50
01,000,00,001,0025,77 ,1367,14,1381,1820,0,2,1,2,0,1,0,0.00,75.88 ,50
01,000,00,001,0026,78 ,987,9,996,1326,0,2,1,2,0,1,0,0.00,75.11 ,50
01,000,00,001,0026,79 ,1068,9,1077,1473,0,2,1,2,0,1,0,0.00,73.12 ,50
01,000,00,001,0027,80 ,1123,14,1137,1519,0,2,1,2,0,1,0,0.00,74.85 ,50
01,000,00,001,0027,81 ,1087,10,1097,1493,0,2,1,2,0,1,0,0.00,73.48 ,50
01,000,00,001,0027,82 ,954,6,960,1248,0,2,1,2,0,1,0,0.00,76.92 ,50
01,000,00,001,0028,83 ,1145,12,1157,1525,0,2,1,2,0,1,0,0.00,75.87 ,50
01,000,00,001,0028,84 ,1101,10,1111,1447,0,2,1,2,0,1,0,0.00,76.78 ,50
01,000,00,001,0028,85 ,1161,10,1171,1574,0,2,1,2,0,1,0,0.00,74.40 ,50
01,000,00,001,0029,86 ,1256,9,1265,1590,0,2,1,2,0,1,0,0.00,79.56 ,50
01,000,00,001,0029,87 ,1420,10,1430,1796,0,2,1,2,0,1,0,0.00,79.62 ,50
01,000,00,001,0030,88 ,1552,14,1566,1952,0,2,1,2,0,1,0,0.00,80.23 ,50
01,000,00,001,0030,89 ,1171,13,1184,1532,0,2,1,2,0,1,0,0.00,77.28 ,50
01,000,00,001,0030,90 ,544,6,550,723,0,2,1,2,0,1,0,0.00,76.07 ,50
01,000,00,001,0031,91 ,1236,13,1249,1633,0,2,1,2,0,1,0,0.00,76.48 ,50
01,000,00,001,0031,92 ,1147,9,1156,1430,0,2,1,2,0,1,0,0.00,80.84 ,50
01,000,00,001,0032,93 ,1365,7,1372,1723,0,2,1,2,0,1,0,0.00,79.63 ,50
01,000,00,001,0032,94 ,1258,15,1273,1606,0,2,1,2,0,1,0,0.00,79.27 ,50
01,000,00,001,0032,95 ,1047,11,1058,1340,0,2,1,2,0,1,0,0.00,78.96 ,50
01,000,00,001,0033,96 ,1181,6,1187,1488,0,2,1,2,0,1,0,0.00,79.77 ,50
01,000,00,001,0033,97 ,1183,10,1193,1530,0,2,1,2,0,1,0,0.00,77.97 ,50
01,000,00,001,0034,98 ,1265,8,1273,1577,0,2,1,2,0,1,0,0.00,80.72 ,50
01,000,00,001,0034,99 ,1280,8,1288,1596,0,2,1,2,0,1,0,0.00,80.70 ,50
01,000,00,001,0035,100 ,1377,15,1392,1761,0,2,1,2,0,1,0,0.00,79.05 ,50
01,000,00,001,0035,101 ,1289,11,1300,1731,0,2,1,2,0,1,0,0.00,75.10 ,50
01,000,00,001,0036,102 ,1082,11,1093,1376,0,2,1,2,0,1,0,0.00,79.43 ,50
01,000,00,001,0036,103 ,1071,9,1080,1323,0,2,1,2,0,1,0,0.00,81.63 ,50
01,000,00,001,0036,104 ,896,6,902,1117,0,2,1,2,0,1,0,0.00,80.75 ,50
01,000,00,001,0037,105 ,1266,14,1280,1627,0,2,1,2,0,1,0,0.00,78.67 ,50
01,000,00,001,0037,106 ,1188,16,1204,1577,0,2,1,2,0,1,0,0.00,76.35 ,50
01,000,00,001,0037,107 ,1019,9,1028,1301,0,2,1,2,0,1,0,0.00,79.02 ,50
01,000,00,001,0038,108 ,1189,7,1196,1520,0,2,1,2,0,1,0,0.00,78.68 ,50
01,000,00,001,0038,109 ,896,15,911,1170,0,2,1,2,0,1,0,0.00,77.86 ,50
01,000,00,001,0038,110 ,1036,37,1073,1368,0,2,1,2,0,1,0,0.00,78.44 ,50
01,000,00,001,0038,111 ,1318,11,1329,1610,0,2,1,2,0,1,0,0.00,82.55 ,50
01,000,00,001,0038,112 ,1156,9,1165,1447,0,2,1,2,0,1,0,0.00,80.51 ,50
01,000,00,001,0039,113 ,1396,16,1412,1804,0,2,1,2,0,1,0,0.00,78.27 ,50
01,000,00,001,0040,114 ,544,5,549,685,0,2,1,2,0,1,0,0.00,80.15 ,50
01,000,00,001,0040,115 ,698,7,705,932,0,2,1,2,0,1,0,0.00,75.64 ,50
01,000,00,001,0040,116 ,577,4,581,718,0,2,1,2,0,1,0,0.00,80.92 ,50
01,000,00,002,0041,117 ,879,6,885,1135,0,2,1,2,0,1,0,0.00,77.97 ,50
01,000,00,002,0041,118 ,1182,5,1187,1502,0,2,1,2,0,1,0,0.00,79.03 ,50
01,000,00,002,0041,119 ,942,1,943,1222,0,2,1,2,0,1,0,0.00,77.17 ,50
01,000,00,002,0042,120 ,835,13,848,1110,0,2,1,2,0,1,0,0.00,76.40 ,50
01,000,00,002,0042,121 ,901,14,915,1172,0,2,1,2,0,1,0,0.00,78.07 ,50
01,000,00,002,0043,122 ,925,4,929,1276,0,2,1,2,0,1,0,0.00,72.81 ,50
01,000,00,002,0043,123 ,927,4,931,1205,0,2,1,2,0,1,0,0.00,77.26 ,50
01,000,00,002,0043,124 ,946,13,959,1197,0,2,1,2,0,1,0,0.00,80.12 ,50
01,000,00,002,0044,125 ,1124,9,1133,1453,0,2,1,2,0,1,0,0.00,77.98 ,50
01,000,00,002,0044,126 ,1404,7,1411,1822,0,2,1,2,0,1,0,0.00,77.44 ,50
01,000,00,002,0045,127 ,1174,14,1188,1559,0,2,1,2,0,1,0,0.00,76.20 ,50
01,000,00,002,0045,128 ,1173,7,1180,1515,0,2,1,2,0,1,0,0.00,77.89 ,50
01,000,00,002,0045,129 ,1144,12,1156,1451,0,2,1,2,0,1,0,0.00,79.67 ,50
01,000,00,002,0045,130 ,1277,7,1284,1618,0,2,1,2,0,1,0,0.00,79.36 ,50
01,000,00,002,0046,131 ,1621,14,1635,2015,0,2,1,2,0,1,0,0.00,81.14 ,50
01,000,00,002,0046,132 ,1336,15,1351,1758,0,2,1,2,0,1,0,0.00,76.85 ,50
01,000,00,002,0046,133 ,1336,10,1346,1697,0,2,1,2,0,1,0,0.00,79.32 ,50
01,000,00,002,0047,134 ,1055,8,1063,1354,0,2,1,2,0,1,0,0.00,78.51 ,50
01,000,00,002,0047,135 ,1233,6,1239,1554,0,2,1,2,0,1,0,0.00,79.73 ,50
01,000,00,002,0047,136 ,851,5,856,1102,0,2,1,2,0,1,0,0.00,77.68 ,50
01,000,00,002,0047,137 ,1483,13,1496,1886,0,2,1,2,0,1,0,0.00,79.32 ,50
01,000,00,002,0048,138 ,1224,15,1239,1566,0,2,1,2,0,1,0,0.00,79.12 ,50
01,000,00,002,0048,139 ,1205,16,1221,1604,0,2,1,2,0,1,0,0.00,76.12 ,50
01,000,00,002,0048,140 ,1196,12,1208,1609,0,2,1,2,0,1,0,0.00,75.08 ,50
01,000,00,002,0048,141 ,1065,7,1072,1408,0,2,1,2,0,1,0,0.00,76.14 ,50
01,000,00,002,0049,142 ,997,4,1001,1293,0,2,1,2,0,1,0,0.00,77.42 ,50
01,000,00,002,0049,143 ,1065,18,1083,1365,0,2,1,2,0,1,0,0.00,79.34 ,50
01,000,00,002,0049,144 ,1119,10,1129,1423,0,2,1,2,0,1,0,0.00,79.34 ,50
01,000,00,002,0050,145 ,1089,10,1099,1485,0,2,1,2,0,1,0,0.00,74.01 ,50
01,000,00,002,0050,146 ,1238,4,1242,1559,0,2,1,2,0,1,0,0.00,79.67 ,50
01,000,00,002,0051,147 ,1351,13,1364,1765,0,2,1,2,0,1,0,0.00,77.28 ,50
01,000,00,002,0051,148 ,1403,15,1418,1737,0,2,1,2,0,1,0,0.00,81.64 ,50
01,000,00,002,0051,149 ,1557,21,1578,1973,0,2,1,2,0,1,0,0.00,79.98 ,50
01,000,00,002,0052,150 ,1245,7,1252,1621,0,2,1,2,0,1,0,0.00,77.24 ,50
01,000,00,002,0052,151 ,1181,14,1195,1536,0,2,1,2,0,1,0,0.00,77.80 ,50
01,000,00,002,0053,152 ,1344,12,1356,1870,0,2,1,2,0,1,0,0.00,72.51 ,50
01,000,00,002,0053,153 ,1334,22,1356,1833,0,2,1,2,0,1,0,0.00,73.98 ,50
01,000,00,002,0053,154 ,1475,16,1491,1883,0,2,1,2,0,1,0,0.00,79.18 ,50
01,000,00,002,0054,155 ,1071,6,1077,1434,0,2,1,2,0,1,0,0.00,75.10 ,50
01,000,00,002,0054,156 ,902,12,914,1199,0,2,1,2,0,1,0,0.00,76.23 ,50
01,000,00,002,0054,157 ,1052,6,1058,1407,0,2,1,2,0,1,0,0.00,75.20 ,50
01,000,00,002,0055,158 ,1342,14,1356,1655,0,2,1,2,0,1,0,0.00,81.93 ,50
01,000,00,002,0055,159 ,1135,8,1143,1484,0,2,1,2,0,1,0,0.00,77.02 ,50
01,000,00,002,0055,160 ,983,7,990,1213,0,2,1,2,0,1,0,0.00,81.62 ,50
01,000,00,002,0056,161 ,1142,13,1155,1550,0,2,1,2,0,1,0,0.00,74.52 ,50
01,000,00,002,0056,162 ,1133,11,1144,1434,0,2,1,2,0,1,0,0.00,79.78 ,50
01,000,00,002,0056,163 ,1241,11,1252,1580,0,2,1,2,0,1,0,0.00,79.24 ,50
01,000,00,002,0057,164 ,1164,10,1174,1552,0,2,1,2,0,1,0,0.00,75.64 ,50
01,000,00,002,0057,165 ,1096,8,1104,1393,0,2,1,2,0,1,0,0.00,79.25 ,50
01,000,00,002,0057,166 ,1115,11,1126,1408,0,2,1,2,0,1,0,0.00,79.97 ,50
01,000,00,002,0057,167 ,1148,8,1156,1436,0,2,1,2,0,1,0,0.00,80.50 ,50
01,000,00,002,0058,168 ,1000,6,1006,1278,0,2,1,2,0,1,0,0.00,78.72 ,50
01,000,00,002,0058,169 ,1384,15,1399,1752,0,2,1,2,0,1,0,0.00,79.85 ,50
01,000,00,002,0059,170 ,1250,14,1264,1561,0,2,1,2,0,1,0,0.00,80.97 ,50
01,000,00,002,0059,171 ,1338,17,1355,1670,0,2,1,2,0,1,0,0.00,81.14 ,50
01,000,00,002,0059,172 ,1147,11,1158,1483,0,2,1,2,0,1,0,0.00,78.08 ,50
01,000,00,002,0060,173 ,1221,8,1229,1578,0,2,1,2,0,1,0,0.00,77.88 ,50
01,000,00,002,0060,174 ,1206,14,1220,1517,0,2,1,2,0,1,0,0.00,80.42 ,50
01,000,00,002,0060,175 ,1057,16,1073,1379,0,2,1,2,0,1,0,0.00,77.81 ,50
01,000,00,002,0060,176 ,1306,13,1319,1690,0,2,1,2,0,1,0,0.00,78.05 ,50
01,000,00,002,0061,177 ,1249,17,1266,1559,0,2,1,2,0,1,0,0.00,81.21 ,50
01,000,00,002,0061,178 ,1404,14,1418,1771,0,2,1,2,0,1,0,0.00,80.07 ,50
01,000,00,002,0061,179 ,1279,11,1290,1597,0,2,1,2,0,1,0,0.00,80.78 ,50
01,000,00,002,0062,180 ,1294,16,1310,1650,0,2,1,2,0,1,0,0.00,79.39 ,50
01,000,00,002,0062,181 ,1112,6,1118,1377,0,2,1,2,0,1,0,0.00,81.19 ,50
01,000,00,002,0062,182 ,1074,6,1080,1392,0,2,1,2,0,1,0,0.00,77.59 ,50
01,000,00,002,0062,183 ,1022,7,1029,1295,0,2,1,2,0,1,0,0.00,79.46 ,50
01,000,00,002,0063,184 ,1493,21,1514,1822,0,2,1,2,0,1,0,0.00,83.10 ,50
01,000,00,002,0063,185 ,1464,20,1484,1846,0,2,1,2,0,1,0,0.00,80.39 ,50
01,000,00,002,0064,186 ,995,13,1008,1248,0,2,1,2,0,1,0,0.00,80.77 ,50
01,000,00,002,0064,187 ,1053,9,1062,1313,0,2,1,2,0,1,0,0.00,80.88 ,50
01,000,00,002,0064,188 ,1270,12,1282,1506,0,2,1,2,0,1,0,0.00,85.13 ,50
01,000,00,002,0065,189 ,1120,13,1133,1627,0,2,1,2,0,1,0,0.00,69.64 ,50
01,000,00,002,0065,190 ,1464,11,1475,1899,0,2,1,2,0,1,0,0.00,77.67 ,50
01,000,00,002,0066,191 ,1236,8,1244,1604,0,2,1,2,0,1,0,0.00,77.56 ,50
01,000,00,002,0066,192 ,1386,16,1402,1796,0,2,1,2,0,1,0,0.00,78.06 ,50
01,000,00,002,0066,193 ,1237,14,1251,1662,0,2,1,2,0,1,0,0.00,75.27 ,50
01,000,00,002,0067,194 ,1158,7,1165,1503,0,2,1,2,0,1,0,0.00,77.51 ,50
01,000,00,002,0067,195 ,1306,16,1322,1710,0,2,1,2,0,1,0,0.00,77.31 ,50
01,000,00,002,0068,196 ,1095,7,1102,1366,0,2,1,2,0,1,0,0.00,80.67 ,50
01,000,00,002,0068,197 ,1086,8,1094,1482,0,2,1,2,0,1,0,0.00,73.82 ,50
01,000,00,002,0068,198 ,1178,10,1188,1505,0,2,1,2,0,1,0,0.00,78.94 ,50
01,000,00,002,0069,199 ,1020,4,1024,1327,0,2,1,2,0,1,0,0.00,77.17 ,50
01,000,00,002,0069,200 ,971,5,976,1255,0,2,1,2,0,1,0,0.00,77.77 ,50
01,000,00,002,0069,201 ,939,7,946,1183,0,2,1,2,0,1,0,0.00,79.97 ,50
01,000,00,002,0070,202 ,1109,5,1114,1420,0,2,1,2,0,1,0,0.00,78.45 ,50
01,000,00,002,0070,203 ,1234,4,1238,1513,0,2,1,2,0,1,0,0.00,81.82 ,50
01,000,00,002,0070,204 ,1107,5,1112,1498,0,2,1,2,0,1,0,0.00,74.23 ,50
01,000,00,002,0071,205 ,1212,12,1224,1622,0,2,1,2,0,1,0,0.00,75.46 ,50
01,000,00,002,0071,206 ,1284,17,1301,1651,0,2,1,2,0,1,0,0.00,78.80 ,50
01,000,00,002,0071,207 ,1378,9,1387,1781,0,2,1,2,0,1,0,0.00,77.88 ,50
01,000,00,002,0072,208 ,1499,9,1508,1873,0,2,1,2,0,1,0,0.00,80.51 ,50
01,000,00,002,0072,209 ,1497,16,1513,1953,0,2,1,2,0,1,0,0.00,77.47 ,50
01,000,00,002,0073,210 ,1051,8,1059,1367,0,2,1,2,0,1,0,0.00,77.47 ,50
01,000,00,002,0073,211 ,1133,8,1141,1470,0,2,1,2,0,1,0,0.00,77.62 ,50
01,000,00,002,0073,212 ,1027,10,1037,1370,0,2,1,2,0,1,0,0.00,75.69 ,50
01,000,00,002,0074,213 ,1206,9,1215,1642,0,2,1,2,0,1,0,0.00,74.00 ,50
01,000,00,002,0074,214 ,1274,7,1281,1719,0,2,1,2,0,1,0,0.00,74.52 ,50
01,000,00,002,0074,215 ,1142,7,1149,1575,0,2,1,2,0,1,0,0.00,72.95 ,50
01,000,00,002,0075,216 ,1253,10,1263,1640,0,2,1,2,0,1,0,0.00,77.01 ,50
01,000,00,002,0075,217 ,1257,9,1266,1607,0,2,1,2,0,1,0,0.00,78.78 ,50
01,000,00,002,0075,218 ,1201,5,1206,1554,0,2,1,2,0,1,0,0.00,77.61 ,50
01,000,00,002,0075,219 ,1188,13,1201,1539,0,2,1,2,0,1,0,0.00,78.04 ,50
01,000,00,002,0076,220 ,1159,9,1168,1505,0,2,1,2,0,1,0,0.00,77.61 ,50
01,000,00,002,0076,221 ,1284,9,1293,1665,0,2,1,2,0,1,0,0.00,77.66 ,50
01,000,00,002,0076,222 ,1079,9,1088,1420,0,2,1,2,0,1,0,0.00,76.62 ,50
01,000,00,002,0077,223 ,1276,8,1284,1698,0,2,1,2,0,1,0,0.00,75.62 ,50
01,000,00,002,0077,224 ,1197,8,1205,1529,0,2,1,2,0,1,0,0.00,78.81 ,50
01,000,00,002,0077,225 ,1156,13,1169,1501,0,2,1,2,0,1,0,0.00,77.88 ,50
01,000,00,002,0078,226 ,989,8,997,1359,0,2,1,2,0,1,0,0.00,73.36 ,50
01,000,00,002,0078,227 ,1009,6,1015,1384,0,2,1,2,0,1,0,0.00,73.34 ,50
01,000,00,002,0078,228 ,836,7,843,1126,0,2,1,2,0,1,0,0.00,74.87 ,50
01,000,00,002,0079,229 ,1296,9,1305,1708,0,2,1,2,0,1,0,0.00,76.41 ,50
01,000,00,002,0079,230 ,1239,7,1246,1672,0,2,1,2,0,1,0,0.00,74.52 ,50
01,000,00,002,0080,231 ,1421,7,1428,1888,0,2,1,2,0,1,0,0.00,75.64 ,50
01,000,00,002,0080,232 ,1392,12,1404,1839,0,2,1,2,0,1,0,0.00,76.35 ,50
01,000,00,002,0080,233 ,1347,10,1357,1854,0,2,1,2,0,1,0,0.00,73.19 ,50
01,000,00,002,0081,234 ,1236,5,1241,1720,0,2,1,2,0,1,0,0.00,72.15 ,50
01,000,00,002,0081,235 ,1253,5,1258,1711,0,2,1,2,0,1,0,0.00,73.52 ,50
01,000,00,002,0081,236 ,1362,6,1368,1874,0,2,1,2,0,1,0,0.00,73.00 ,50
01,000,00,002,0082,237 ,1080,7,1087,1514,0,2,1,2,0,1,0,0.00,71.80 ,50
01,000,00,002,0082,238 ,1102,8,1110,1494,0,2,1,2,0,1,0,0.00,74.30 ,50
01,000,00,002,0082,239 ,1191,12,1203,1569,0,2,1,2,0,1,0,0.00,76.67 ,50
01,000,00,002,0082,240 ,1142,8,1150,1580,0,2,1,2,0,1,0,0.00,72.78 ,50
01,000,00,002,0083,241 ,790,9,799,1055,0,2,1,2,0,1,0,0.00,75.73 ,50
01,000,00,002,0084,242 ,867,9,876,1110,0,2,1,2,0,1,0,0.00,78.92 ,50
01,000,00,002,0085,243 ,1214,14,1228,1685,0,2,1,2,0,1,0,0.00,72.88 ,50
01,000,00,002,0086,244 ,1240,13,1253,1865,0,2,1,2,0,1,0,0.00,67.18 ,50
01,000,00,002,0086,245 ,599,8,607,825,0,2,1,2,0,1,0,0.00,73.58 ,50
01,000,00,002,0087,246 ,969,9,978,1273,0,2,1,2,0,1,0,0.00,76.83 ,50
01,000,00,002,0088,247 ,957,4,961,1159,0,2,1,2,0,1,0,0.00,82.92 ,50
01,000,00,002,0089,248 ,949,8,957,1227,0,2,1,2,0,1,0,0.00,78.00 ,50
01,000,00,002,0090,249 ,1117,7,1124,1495,0,2,1,2,0,1,0,0.00,75.18 ,50
01,000,00,002,0090,250 ,997,6,1003,1387,0,2,1,2,0,1,0,0.00,72.31 ,50
01,000,00,002,0090,251 ,617,4,621,841,0,2,1,2,0,1,0,0.00,73.84 ,50
01,000,00,002,0090,252 ,1052,13,1065,1451,0,2,1,2,0,1,0,0.00,73.40 ,50
01,000,00,003,0091,253 ,1125,12,1137,1569,0,2,1,2,0,1,0,0.00,72.47 ,50
01,000,00,003,0091,254 ,1139,11,1150,1578,0,2,1,2,0,1,0,0.00,72.88 ,50
01,000,00,003,0092,255 ,1122,13,1135,1733,0,2,1,2,0,1,0,0.00,65.49 ,50
01,000,00,003,0092,256 ,1127,18,1145,1670,0,2,1,2,0,1,0,0.00,68.56 ,50
01,000,00,003,0093,257 ,811,5,816,1169,0,2,1,2,0,1,0,0.00,69.80 ,50
01,000,00,003,0093,258 ,1007,11,1018,1656,0,2,1,2,0,1,0,0.00,61.47 ,50
01,000,00,003,0094,259 ,998,7,1005,1367,0,2,1,2,0,1,0,0.00,73.52 ,50
01,000,00,003,0094,260 ,974,13,987,1480,0,2,1,2,0,1,0,0.00,66.69 ,50
01,000,00,003,0094,261 ,953,5,958,1412,0,2,1,2,0,1,0,0.00,67.85 ,50
01,000,00,003,0095,262 ,710,10,720,1182,0,2,1,2,0,1,0,0.00,60.91 ,50
01,000,00,003,0095,263 ,1359,21,1380,2025,0,2,1,2,0,1,0,0.00,68.15 ,50
01,000,00,003,0095,264 ,909,8,917,1280,0,2,1,2,0,1,0,0.00,71.64 ,50
01,000,00,003,0096,265 ,866,7,873,1322,0,2,1,2,0,1,0,0.00,66.04 ,50
01,000,00,003,0096,266 ,837,12,849,1206,0,2,1,2,0,1,0,0.00,70.40 ,50
01,000,00,003,0096,267 ,923,7,930,1476,0,2,1,2,0,1,0,0.00,63.01 ,50
01,000,00,003,0097,268 ,893,6,899,1401,0,2,1,2,0,1,0,0.00,64.17 ,50
01,000,00,003,0097,269 ,842,11,853,1338,0,2,1,2,0,1,0,0.00,63.75 ,50
01,000,00,003,0098,270 ,1069,9,1078,1429,0,2,1,2,0,1,0,0.00,75.44 ,50
01,000,00,003,0098,271 ,1183,14,1197,1676,0,2,1,2,0,1,0,0.00,71.42 ,50
01,000,00,003,0098,272 ,1085,7,1092,1588,0,2,1,2,0,1,0,0.00,68.77 ,50
01,000,00,003,0099,273 ,1066,13,1079,1576,0,2,1,2,0,1,0,0.00,68.46 ,50
01,000,00,003,0099,274 ,1072,22,1094,1502,0,2,1,2,0,1,0,0.00,72.84 ,50
01,000,00,003,0100,275 ,989,11,1000,1417,0,2,1,2,0,1,0,0.00,70.57 ,50
01,000,00,003,0100,276 ,687,6,693,1057,0,2,1,2,0,1,0,0.00,65.56 ,50
01,000,00,003,0101,277 ,977,13,990,1521,0,2,1,2,0,1,0,0.00,65.09 ,50
01,000,00,003,0101,278 ,1083,9,1092,1726,0,2,1,2,0,1,0,0.00,63.27 ,50
01,000,00,003,0102,279 ,1241,15,1256,1809,0,2,1,2,0,1,0,0.00,69.43 ,50
01,000,00,003,0102,280 ,873,11,884,1305,0,2,1,2,0,1,0,0.00,67.74 ,50
01,000,00,003,0102,281 ,643,4,647,907,0,2,1,2,0,1,0,0.00,71.33 ,50
01,000,00,003,0103,282 ,1088,6,1094,1590,0,2,1,2,0,1,0,0.00,68.81 ,50
01,000,00,003,0103,283 ,1064,11,1075,1425,0,2,1,2,0,1,0,0.00,75.44 ,50
01,000,00,003,0103,284 ,773,7,780,1069,0,2,1,2,0,1,0,0.00,72.97 ,50
01,000,00,003,0104,285 ,774,13,787,1046,0,2,1,2,0,1,0,0.00,75.24 ,50
01,000,00,003,0104,286 ,956,12,968,1338,0,2,1,2,0,1,0,0.00,72.35 ,50
01,000,00,003,0105,287 ,1133,8,1141,1515,0,2,1,2,0,1,0,0.00,75.31 ,50
01,000,00,003,0105,288 ,1127,7,1134,1481,0,2,1,2,0,1,0,0.00,76.57 ,50
01,000,00,003,0105,289 ,1174,15,1189,1519,0,2,1,2,0,1,0,0.00,78.28 ,50
01,000,00,003,0105,290 ,1310,6,1316,1643,0,2,1,2,0,1,0,0.00,80.10 ,50
01,000,00,003,0105,291 ,1283,15,1298,1680,0,2,1,2,0,1,0,0.00,77.26 ,50
01,000,00,003,0106,292 ,994,6,1000,1261,0,2,1,2,0,1,0,0.00,79.30 ,50
01,000,00,003,0106,293 ,835,11,846,1069,0,2,1,2,0,1,0,0.00,79.14 ,50
01,000,00,003,0106,294 ,1268,15,1283,1626,0,2,1,2,0,1,0,0.00,78.91 ,50
01,000,00,003,0107,295 ,1026,9,1035,1322,0,2,1,2,0,1,0,0.00,78.29 ,50
01,000,00,003,0107,296 ,1191,6,1197,1492,0,2,1,2,0,1,0,0.00,80.23 ,50
01,000,00,003,0107,297 ,988,8,996,1263,0,2,1,2,0,1,0,0.00,78.86 ,50
01,000,00,003,0108,298 ,1450,16,1466,1894,0,2,1,2,0,1,0,0.00,77.40 ,50
01,000,00,003,0108,299 ,1455,15,1470,1999,0,2,1,2,0,1,0,0.00,73.54 ,50
01,000,00,003,0109,300 ,695,6,701,894,0,2,1,2,0,1,0,0.00,78.41 ,50
01,000,00,003,0110,301 ,1654,19,1673,2208,0,2,1,2,0,1,0,0.00,75.77 ,50
01,000,00,003,0110,302 ,1392,23,1415,1963,0,2,1,2,0,1,0,0.00,72.08 ,50
01,000,00,003,0111,303 ,1285,12,1297,1732,0,2,1,2,0,1,0,0.00,74.88 ,50
01,000,00,003,0111,304 ,1254,10,1264,1726,0,2,1,2,0,1,0,0.00,73.23 ,50
01,000,00,003,0111,305 ,1196,11,1207,1691,0,2,1,2,0,1,0,0.00,71.38 ,50
01,000,00,003,0112,306 ,943,14,957,1328,0,2,1,2,0,1,0,0.00,72.06 ,50
01,000,00,003,0112,307 ,895,6,901,1299,0,2,1,2,0,1,0,0.00,69.36 ,50
01,000,00,003,0112,308 ,932,9,941,1320,0,2,1,2,0,1,0,0.00,71.29 ,50
01,000,00,003,0113,309 ,641,8,649,923,0,2,1,2,0,1,0,0.00,70.31 ,50
01,000,00,003,0113,310 ,840,12,852,1151,0,2,1,2,0,1,0,0.00,74.02 ,50
01,000,00,003,0113,311 ,936,9,945,1312,0,2,1,2,0,1,0,0.00,72.03 ,50
01,000,00,003,0113,312 ,889,8,897,1238,0,2,1,2,0,1,0,0.00,72.46 ,50
01,000,00,003,0114,313 ,982,10,992,1344,0,2,1,2,0,1,0,0.00,73.81 ,50
01,000,00,003,0114,314 ,998,11,1009,1295,0,2,1,2,0,1,0,0.00,77.92 ,50
01,000,00,003,0114,315 ,1036,10,1046,1402,0,2,1,2,0,1,0,0.00,74.61 ,50
01,000,00,003,0115,316 ,1185,17,1202,1560,0,2,1,2,0,1,0,0.00,77.05 ,50
01,000,00,003,0115,317 ,1308,17,1325,1701,0,2,1,2,0,1,0,0.00,77.90 ,50
01,000,00,003,0115,318 ,1130,13,1143,1507,0,2,1,2,0,1,0,0.00,75.85 ,50
01,000,00,003,0115,319 ,1218,11,1229,1570,0,2,1,2,0,1,0,0.00,78.28 ,50
01,000,00,003,0116,320 ,1213,18,1231,1631,0,2,1,2,0,1,0,0.00,75.48 ,50
01,000,00,003,0116,321 ,1090,9,1099,1453,0,2,1,2,0,1,0,0.00,75.64 ,50
01,000,00,003,0117,322 ,1414,11,1425,1893,0,2,1,2,0,1,0,0.00,75.28 ,50
01,000,00,003,0117,323 ,1483,9,1492,1992,0,2,1,2,0,1,0,0.00,74.90 ,50
01,000,00,003,0117,324 ,1327,10,1337,1769,0,2,1,2,0,1,0,0.00,75.58 ,50
01,000,00,003,0118,325 ,1273,8,1281,1752,0,2,1,2,0,1,0,0.00,73.12 ,50
01,000,00,003,0118,326 ,1120,14,1134,1509,0,2,1,2,0,1,0,0.00,75.15 ,50
01,000,00,003,0118,327 ,1255,13,1268,1720,0,2,1,2,0,1,0,0.00,73.72 ,50
01,000,00,003,0119,328 ,1560,17,1577,2133,0,2,1,2,0,1,0,0.00,73.93 ,50
01,000,00,003,0119,329 ,1456,18,1474,1964,0,2,1,2,0,1,0,0.00,75.05 ,50
01,000,00,003,0119,330 ,1412,11,1423,1882,0,2,1,2,0,1,0,0.00,75.61 ,50
01,000,00,003,0120,331 ,1021,9,1030,1457,0,2,1,2,0,1,0,0.00,70.69 ,50
01,000,00,003,0120,332 ,1000,5,1005,1390,0,2,1,2,0,1,0,0.00,72.30 ,50
01,000,00,003,0120,333 ,968,7,975,1349,0,2,1,2,0,1,0,0.00,72.28 ,50
01,000,00,003,0121,334 ,1289,12,1301,1851,0,2,1,2,0,1,0,0.00,70.29 ,50
01,000,00,003,0121,335 ,1313,7,1320,1837,0,2,1,2,0,1,0,0.00,71.86 ,50
01,000,00,003,0122,336 ,942,9,951,1379,0,2,1,2,0,1,0,0.00,68.96 ,50
01,000,00,003,0122,337 ,1016,10,1026,1427,0,2,1,2,0,1,0,0.00,71.90 ,50
01,000,00,003,0122,338 ,1028,10,1038,1446,0,2,1,2,0,1,0,0.00,71.78 ,50
01,000,00,003,0123,339 ,1031,6,1037,1505,0,2,1,2,0,1,0,0.00,68.90 ,50
01,000,00,003,0123,340 ,1078,11,1089,1520,0,2,1,2,0,1,0,0.00,71.64 ,50
01,000,00,003,0124,341 ,1194,15,1209,1679,0,2,1,2,0,1,0,0.00,72.01 ,50
01,000,00,003,0124,342 ,1238,16,1254,1737,0,2,1,2,0,1,0,0.00,72.19 ,50
01,000,00,003,0124,343 ,1286,14,1300,1794,0,2,1,2,0,1,0,0.00,72.46 ,50
01,000,00,003,0125,344 ,1165,8,1173,1533,0,2,1,2,0,1,0,0.00,76.52 ,50
01,000,00,003,0125,345 ,1179,15,1194,1493,0,2,1,2,0,1,0,0.00,79.97 ,50
01,000,00,003,0125,346 ,1131,7,1138,1524,0,2,1,2,0,1,0,0.00,74.67 ,50
01,000,00,003,0126,347 ,1166,8,1174,1713,0,2,1,2,0,1,0,0.00,68.53 ,50
01,000,00,003,0126,348 ,1274,12,1286,1733,0,2,1,2,0,1,0,0.00,74.21 ,50
01,000,00,003,0127,349 ,1411,14,1425,1902,0,2,1,2,0,1,0,0.00,74.92 ,50
01,000,00,003,0127,350 ,1276,9,1285,1769,0,2,1,2,0,1,0,0.00,72.64 ,50
01,000,00,003,0128,351 ,983,12,995,1393,0,2,1,2,0,1,0,0.00,71.43 ,50
01,000,00,003,0128,352 ,1010,10,1020,1375,0,2,1,2,0,1,0,0.00,74.18 ,50
01,000,00,003,0129,353 ,1372,7,1379,1842,0,2,1,2,0,1,0,0.00,74.86 ,50
01,000,00,003,0129,354 ,1181,18,1199,1714,0,2,1,2,0,1,0,0.00,69.95 ,50
01,000,00,003,0129,355 ,1153,14,1167,1647,0,2,1,2,0,1,0,0.00,70.86 ,50
01,000,00,003,0130,356 ,1310,14,1324,1816,0,2,1,2,0,1,0,0.00,72.91 ,50
01,000,00,003,0130,357 ,840,4,844,1222,0,2,1,2,0,1,0,0.00,69.07 ,50
01,000,00,004,0131,358 ,746,6,752,985,0,2,1,2,0,1,0,0.00,76.35 ,50
01,000,00,004,0131,359 ,832,8,840,1140,0,2,1,2,0,1,0,0.00,73.68 ,50
01,000,00,004,0131,360 ,854,8,862,1118,0,2,1,2,0,1,0,0.00,77.10 ,50
01,000,00,004,0132,361 ,1180,9,1189,1590,0,2,1,2,0,1,0,0.00,74.78 ,50
01,000,00,004,0132,362 ,1182,9,1191,1534,0,2,1,2,0,1,0,0.00,77.64 ,50
01,000,00,004,0133,363 ,1246,15,1261,1644,0,2,1,2,0,1,0,0.00,76.70 ,50
01,000,00,004,0133,364 ,1203,15,1218,1590,0,2,1,2,0,1,0,0.00,76.60 ,50
01,000,00,004,0134,365 ,1254,12,1266,1664,0,2,1,2,0,1,0,0.00,76.08 ,50
01,000,00,004,0134,366 ,881,12,893,1149,0,2,1,2,0,1,0,0.00,77.72 ,50
01,000,00,004,0135,367 ,1028,7,1035,1401,0,2,1,2,0,1,0,0.00,73.88 ,50
01,000,00,004,0135,368 ,1050,6,1056,1323,0,2,1,2,0,1,0,0.00,79.82 ,50
01,000,00,004,0135,369 ,1025,10,1035,1316,0,2,1,2,0,1,0,0.00,78.65 ,50
01,000,00,004,0136,370 ,1137,7,1144,1471,0,2,1,2,0,1,0,0.00,77.77 ,50
01,000,00,004,0136,371 ,1000,11,1011,1348,0,2,1,2,0,1,0,0.00,75.00 ,50
01,000,00,004,0137,372 ,1364,7,1371,1806,0,2,1,2,0,1,0,0.00,75.91 ,50
01,000,00,004,0137,373 ,1268,13,1281,1631,0,2,1,2,0,1,0,0.00,78.54 ,50
01,000,00,004,0138,374 ,1082,7,1089,1383,0,2,1,2,0,1,0,0.00,78.74 ,50
01,000,00,004,0138,375 ,1213,15,1228,1535,0,2,1,2,0,1,0,0.00,80.00 ,50
01,000,00,004,0138,376 ,1122,17,1139,1420,0,2,1,2,0,1,0,0.00,80.21 ,50
01,000,00,004,0139,377 ,1111,17,1128,1432,0,2,1,2,0,1,0,0.00,78.77 ,50
01,000,00,004,0139,378 ,1055,12,1067,1332,0,2,1,2,0,1,0,0.00,80.11 ,50
01,000,00,004,0139,379 ,985,8,993,1245,0,2,1,2,0,1,0,0.00,79.76 ,50
01,000,00,004,0140,380 ,1139,15,1154,1527,0,2,1,2,0,1,0,0.00,75.57 ,50
01,000,00,004,0140,381 ,1102,5,1107,1527,0,2,1,2,0,1,0,0.00,72.50 ,50
01,000,00,004,0141,382 ,1251,8,1259,1582,0,2,1,2,0,1,0,0.00,79.58 ,50
01,000,00,004,0141,383 ,1137,13,1150,1450,0,2,1,2,0,1,0,0.00,79.31 ,50
01,000,00,004,0141,384 ,1368,16,1384,1735,0,2,1,2,0,1,0,0.00,79.77 ,50
01,000,00,004,0141,385 ,971,22,993,1304,0,2,1,2,0,1,0,0.00,76.15 ,50
01,000,00,004,0141,386 ,691,6,697,905,0,2,1,2,0,1,0,0.00,77.02 ,50
01,000,00,004,0142,387 ,1208,15,1223,1616,0,2,1,2,0,1,0,0.00,75.68 ,50
01,000,00,004,0142,388 ,1285,15,1300,1677,0,2,1,2,0,1,0,0.00,77.52 ,50
01,000,00,004,0143,389 ,1261,11,1272,1624,0,2,1,2,0,1,0,0.00,78.33 ,50
01,000,00,004,0143,390 ,1395,24,1419,1864,0,2,1,2,0,1,0,0.00,76.13 ,50
01,000,00,004,0143,391 ,1316,9,1325,1773,0,2,1,2,0,1,0,0.00,74.73 ,50
01,000,00,004,0144,392 ,950,10,960,1246,0,2,1,2,0,1,0,0.00,77.05 ,50
01,000,00,004,0144,393 ,989,15,1004,1276,0,2,1,2,0,1,0,0.00,78.68 ,50
01,000,00,004,0145,394 ,1018,12,1030,1323,0,2,1,2,0,1,0,0.00,77.85 ,50
01,000,00,004,0145,395 ,1029,4,1033,1280,0,2,1,2,0,1,0,0.00,80.70 ,50
01,000,00,004,0146,396 ,1025,10,1035,1375,0,2,1,2,0,1,0,0.00,75.27 ,50
01,000,00,004,0146,397 ,967,11,978,1263,0,2,1,2,0,1,0,0.00,77.43 ,50
01,000,00,004,0146,398 ,973,0,973,1249,0,2,1,2,0,1,0,0.00,77.90 ,50
01,000,00,004,0147,399 ,1442,15,1457,1931,0,2,1,2,0,1,0,0.00,75.45 ,50
01,000,00,004,0147,400 ,1266,15,1281,1606,0,2,1,2,0,1,0,0.00,79.76 ,50
01,000,00,004,0148,401 ,831,6,837,1051,0,2,1,2,0,1,0,0.00,79.64 ,50
01,000,00,004,0148,402 ,718,12,730,898,0,2,1,2,0,1,0,0.00,81.29 ,50
01,000,00,004,0149,403 ,950,10,960,1259,0,2,1,2,0,1,0,0.00,76.25 ,50
01,000,00,004,0149,404 ,1001,9,1010,1253,0,2,1,2,0,1,0,0.00,80.61 ,50
01,000,00,004,0150,405 ,1015,16,1031,1346,0,2,1,2,0,1,0,0.00,76.60 ,50
01,000,00,004,0150,406 ,1131,13,1144,1473,0,2,1,2,0,1,0,0.00,77.66 ,50
01,000,00,004,0150,407 ,1095,14,1109,1418,0,2,1,2,0,1,0,0.00,78.21 ,50
01,000,00,004,0151,408 ,1498,10,1508,1860,0,2,1,2,0,1,0,0.00,81.08 ,50
01,000,00,004,0151,409 ,1229,11,1240,1545,0,2,1,2,0,1,0,0.00,80.26 ,50
01,000,00,004,0151,410 ,1362,13,1375,1753,0,2,1,2,0,1,0,0.00,78.44 ,50
01,000,00,004,0152,411 ,1156,3,1159,1504,0,2,1,2,0,1,0,0.00,77.06 ,50
01,000,00,004,0152,412 ,1320,4,1324,1710,0,2,1,2,0,1,0,0.00,77.43 ,50
01,000,00,004,0152,413 ,1274,10,1284,1650,0,2,1,2,0,1,0,0.00,77.82 ,50
01,000,00,004,0152,414 ,1175,11,1186,1530,0,2,1,2,0,1,0,0.00,77.52 ,50
01,000,00,004,0153,415 ,771,6,777,989,0,2,1,2,0,1,0,0.00,78.56 ,50
01,000,00,004,0154,416 ,1527,8,1535,1998,0,2,1,2,0,1,0,0.00,76.83 ,50
01,000,00,004,0154,417 ,1280,5,1285,1597,0,2,1,2,0,1,0,0.00,80.46 ,50
01,000,00,004,0155,418 ,1190,16,1206,1500,0,2,1,2,0,1,0,0.00,80.40 ,50
01,000,00,004,0155,419 ,1311,12,1323,1648,0,2,1,2,0,1,0,0.00,80.28 ,50
01,000,00,004,0156,420 ,1241,6,1247,1597,0,2,1,2,0,1,0,0.00,78.08 ,50
01,000,00,004,0156,421 ,1274,10,1284,1579,0,2,1,2,0,1,0,0.00,81.32 ,50
01,000,00,004,0156,422 ,1197,14,1211,1519,0,2,1,2,0,1,0,0.00,79.72 ,50
01,000,00,005,0157,423 ,1212,8,1220,1560,0,2,1,2,0,1,0,0.00,78.21 ,50
01,000,00,005,0157,424 ,1273,8,1281,1639,0,2,1,2,0,1,0,0.00,78.16 ,50
01,000,00,005,0157,425 ,1281,9,1290,1655,0,2,1,2,0,1,0,0.00,77.95 ,50
01,000,00,005,0158,426 ,1285,5,1290,1757,0,2,1,2,0,1,0,0.00,73.42 ,50
01,000,00,005,0158,427 ,1282,6,1288,1803,0,2,1,2,0,1,0,0.00,71.44 ,50
01,000,00,005,0158,428 ,1420,11,1431,1828,0,2,1,2,0,1,0,0.00,78.28 ,50
01,000,00,005,0158,429 ,1265,13,1278,1744,0,2,1,2,0,1,0,0.00,73.28 ,50
01,000,00,005,0159,430 ,1360,10,1370,1798,0,2,1,2,0,1,0,0.00,76.20 ,50
01,000,00,005,0159,431 ,1237,7,1244,1904,0,2,1,2,0,1,0,0.00,65.34 ,50
01,000,00,005,0159,432 ,1427,6,1433,1851,0,2,1,2,0,1,0,0.00,77.42 ,50
01,000,00,005,0160,433 ,1418,8,1426,1897,0,2,1,2,0,1,0,0.00,75.17 ,50
01,000,00,005,0160,434 ,1450,8,1458,1937,0,2,1,2,0,1,0,0.00,75.27 ,50
01,000,00,005,0161,435 ,1095,3,1098,1602,0,2,1,2,0,1,0,0.00,68.54 ,50
01,000,00,005,0161,436 ,827,3,830,1112,0,2,1,2,0,1,0,0.00,74.64 ,50
01,000,00,005,0161,437 ,1286,10,1296,1710,0,2,1,2,0,1,0,0.00,75.79 ,50
01,000,00,005,0162,438 ,1434,8,1442,1889,0,2,1,2,0,1,0,0.00,76.34 ,50
01,000,00,005,0162,439 ,1491,11,1502,1961,0,2,1,2,0,1,0,0.00,76.59 ,50
01,000,00,005,0163,440 ,1289,11,1300,1754,0,2,1,2,0,1,0,0.00,74.12 ,50
01,000,00,005,0163,441 ,1239,7,1246,1861,0,2,1,2,0,1,0,0.00,66.95 ,50
01,000,00,005,0164,442 ,985,7,992,1334,0,2,1,2,0,1,0,0.00,74.36 ,50
01,000,00,005,0164,443 ,927,2,929,1342,0,2,1,2,0,1,0,0.00,69.23 ,50
01,000,00,005,0164,444 ,977,8,985,1378,0,2,1,2,0,1,0,0.00,71.48 ,50
01,000,00,005,0165,445 ,943,4,947,1299,0,2,1,2,0,1,0,0.00,72.90 ,50
01,000,00,005,0165,446 ,930,5,935,1299,0,2,1,2,0,1,0,0.00,71.98 ,50
01,000,00,005,0165,447 ,855,7,862,1267,0,2,1,2,0,1,0,0.00,68.03 ,50
01,000,00,005,0166,448 ,1133,8,1141,1659,0,2,1,2,0,1,0,0.00,68.78 ,50
01,000,00,005,0166,449 ,1175,9,1184,1570,0,2,1,2,0,1,0,0.00,75.41 ,50
01,000,00,005,0166,450 ,1105,12,1117,1550,0,2,1,2,0,1,0,0.00,72.06 ,50
01,000,00,005,0166,451 ,1054,7,1061,1474,0,2,1,2,0,1,0,0.00,71.98 ,50
01,000,00,005,0167,452 ,761,3,764,1068,0,2,1,2,0,1,0,0.00,71.54 ,50
01,000,00,005,0167,453 ,830,2,832,1069,0,2,1,2,0,1,0,0.00,77.83 ,50
01,000,00,005,0167,454 ,836,5,841,1266,0,2,1,2,0,1,0,0.00,66.43 ,50
01,000,00,005,0168,455 ,976,3,979,1350,0,2,1,2,0,1,0,0.00,72.52 ,50
01,000,00,005,0168,456 ,968,9,977,1290,0,2,1,2,0,1,0,0.00,75.74 ,50
01,000,00,005,0168,457 ,985,9,994,1323,0,2,1,2,0,1,0,0.00,75.13 ,50
01,000,00,005,0169,458 ,1046,6,1052,1501,0,2,1,2,0,1,0,0.00,70.09 ,50
01,000,00,005,0169,459 ,974,11,985,1322,0,2,1,2,0,1,0,0.00,74.51 ,50
01,000,00,005,0170,460 ,907,8,915,1167,0,2,1,2,0,1,0,0.00,78.41 ,50
01,000,00,005,0170,461 ,984,6,990,1331,0,2,1,2,0,1,0,0.00,74.38 ,50
01,000,00,005,0170,462 ,948,5,953,1241,0,2,1,2,0,1,0,0.00,76.79 ,50
01,000,00,005,0171,463 ,1316,7,1323,1815,0,2,1,2,0,1,0,0.00,72.89 ,50
01,000,00,005,0171,464 ,1201,9,1210,1749,0,2,1,2,0,1,0,0.00,69.18 ,50
01,000,00,005,0171,465 ,1255,6,1261,1727,0,2,1,2,0,1,0,0.00,73.02 ,50
01,000,00,005,0171,466 ,1133,9,1142,1571,0,2,1,2,0,1,0,0.00,72.69 ,50
01,000,00,005,0172,467 ,1400,12,1412,1818,0,2,1,2,0,1,0,0.00,77.67 ,50
01,000,00,005,0172,468 ,1318,9,1327,1872,0,2,1,2,0,1,0,0.00,70.89 ,50
01,000,00,005,0172,469 ,1211,13,1224,1658,0,2,1,2,0,1,0,0.00,73.82 ,50
01,000,00,005,0173,470 ,1347,19,1366,1892,0,2,1,2,0,1,0,0.00,72.20 ,50
01,000,00,005,0173,471 ,855,4,859,1159,0,2,1,2,0,1,0,0.00,74.12 ,50
01,000,00,005,0174,472 ,1347,11,1358,1743,0,2,1,2,0,1,0,0.00,77.91 ,50
01,000,00,005,0174,473 ,1507,8,1515,1954,0,2,1,2,0,1,0,0.00,77.53 ,50
01,000,00,005,0174,474 ,739,5,744,941,0,2,1,2,0,1,0,0.00,79.06 ,50
01,000,00,005,0175,475 ,1327,12,1339,1793,0,2,1,2,0,1,0,0.00,74.68 ,50
01,000,00,005,0175,476 ,1322,10,1332,1729,0,2,1,2,0,1,0,0.00,77.04 ,50
01,000,00,005,0175,477 ,1374,11,1385,1808,0,2,1,2,0,1,0,0.00,76.60 ,50
01,000,00,005,0175,478 ,1375,15,1390,1807,0,2,1,2,0,1,0,0.00,76.92 ,50
01,000,00,005,0176,479 ,1065,4,1069,1371,0,2,1,2,0,1,0,0.00,77.97 ,50
01,000,00,005,0176,480 ,1088,5,1093,1408,0,2,1,2,0,1,0,0.00,77.63 ,50
01,000,00,005,0176,481 ,950,9,959,1273,0,2,1,2,0,1,0,0.00,75.33 ,50
01,000,00,005,0177,482 ,914,5,919,1326,0,2,1,2,0,1,0,0.00,69.31 ,50
01,000,00,005,0177,483 ,1375,8,1383,1800,0,2,1,2,0,1,0,0.00,76.83 ,50
01,000,00,005,0177,484 ,944,5,949,1290,0,2,1,2,0,1,0,0.00,73.57 ,50
01,000,00,005,0177,485 ,1041,10,1051,1348,0,2,1,2,0,1,0,0.00,77.97 ,50
01,000,00,005,0178,486 ,1127,11,1138,1510,0,2,1,2,0,1,0,0.00,75.36 ,50
01,000,00,005,0178,487 ,1133,7,1140,1607,0,2,1,2,0,1,0,0.00,70.94 ,50
01,000,00,005,0178,488 ,1046,8,1054,1463,0,2,1,2,0,1,0,0.00,72.04 ,50
01,000,00,005,0178,489 ,1065,6,1071,1404,0,2,1,2,0,1,0,0.00,76.28 ,50
01,000,00,005,0179,490 ,1460,12,1472,2029,0,2,1,2,0,1,0,0.00,72.55 ,50
01,000,00,005,0179,491 ,1423,8,1431,1835,0,2,1,2,0,1,0,0.00,77.98 ,50
01,000,00,005,0179,492 ,1330,15,1345,1877,0,2,1,2,0,1,0,0.00,71.66 ,50
01,000,00,005,0180,493 ,1250,12,1262,1694,0,2,1,2,0,1,0,0.00,74.50 ,50
01,000,00,005,0180,494 ,1413,7,1420,1882,0,2,1,2,0,1,0,0.00,75.45 ,50
01,000,00,005,0180,495 ,1192,12,1204,1592,0,2,1,2,0,1,0,0.00,75.63 ,50
01,000,00,005,0181,496 ,1155,7,1162,1532,0,2,1,2,0,1,0,0.00,75.85 ,50
01,000,00,005,0181,497 ,1022,7,1029,1453,0,2,1,2,0,1,0,0.00,70.82 ,50
01,000,00,005,0181,498 ,1099,9,1108,1528,0,2,1,2,0,1,0,0.00,72.51 ,50
01,000,00,005,0181,499 ,1093,11,1104,1604,0,2,1,2,0,1,0,0.00,68.83 ,50
01,000,00,005,0182,500 ,1180,9,1189,1596,0,2,1,2,0,1,0,0.00,74.50 ,50
01,000,00,005,0182,501 ,1225,8,1233,1611,0,2,1,2,0,1,0,0.00,76.54 ,50
01,000,00,005,0183,502 ,929,7,936,1263,0,2,1,2,0,1,0,0.00,74.11 ,50
01,000,00,005,0183,503 ,1157,8,1165,1563,0,2,1,2,0,1,0,0.00,74.54 ,50
01,000,00,005,0184,504 ,1148,9,1157,1485,0,2,1,2,0,1,0,0.00,77.91 ,50
01,000,00,005,0184,505 ,1146,6,1152,1558,0,2,1,2,0,1,0,0.00,73.94 ,50
01,000,00,005,0185,506 ,1455,7,1462,1940,0,2,1,2,0,1,0,0.00,75.36 ,50
01,000,00,005,0185,507 ,1421,23,1444,1902,0,2,1,2,0,1,0,0.00,75.92 ,50
01,000,00,005,0185,508 ,1416,11,1427,1914,0,2,1,2,0,1,0,0.00,74.56 ,50
01,000,00,005,0186,509 ,866,6,872,1143,0,2,1,2,0,1,0,0.00,76.29 ,50
01,000,00,005,0186,510 ,1088,9,1097,1483,0,2,1,2,0,1,0,0.00,73.97 ,50
01,000,00,005,0187,511 ,1025,8,1033,1349,0,2,1,2,0,1,0,0.00,76.58 ,50
01,000,00,005,0187,512 ,1049,10,1059,1445,0,2,1,2,0,1,0,0.00,73.29 ,50
01,000,00,005,0188,513 ,1205,6,1211,1590,0,2,1,2,0,1,0,0.00,76.16 ,50
01,000,00,005,0188,514 ,1089,13,1102,1404,0,2,1,2,0,1,0,0.00,78.49 ,50
01,000,00,005,0188,515 ,1324,9,1333,1813,0,2,1,2,0,1,0,0.00,73.52 ,50
01,000,00,005,0189,516 ,772,3,775,1052,0,2,1,2,0,1,0,0.00,73.67 ,50
01,000,00,005,0189,517 ,838,7,845,1208,0,2,1,2,0,1,0,0.00,69.95 ,50
01,000,00,006,0190,518 ,985,10,995,1313,0,2,1,2,0,1,0,0.00,75.78 ,50
01,000,00,006,0190,519 ,986,1,987,1289,0,2,1,2,0,1,0,0.00,76.57 ,50
01,000,00,006,0190,520 ,951,4,955,1216,0,2,1,2,0,1,0,0.00,78.54 ,50
01,000,00,006,0191,521 ,1015,7,1022,1380,0,2,1,2,0,1,0,0.00,74.06 ,50
01,000,00,006,0191,522 ,961,6,967,1259,0,2,1,2,0,1,0,0.00,76.81 ,50
01,000,00,006,0191,523 ,944,6,950,1261,0,2,1,2,0,1,0,0.00,75.34 ,50
01,000,00,006,0192,524 ,935,11,946,1265,0,2,1,2,0,1,0,0.00,74.78 ,50
01,000,00,006,0192,525 ,859,5,864,1278,0,2,1,2,0,1,0,0.00,67.61 ,50
01,000,00,006,0193,526 ,743,3,746,1014,0,2,1,2,0,1,0,0.00,73.57 ,50
01,000,00,006,0193,527 ,935,4,939,1307,0,2,1,2,0,1,0,0.00,71.84 ,50
01,000,00,006,0194,528 ,870,5,875,1211,0,2,1,2,0,1,0,0.00,72.25 ,50
01,000,00,006,0194,529 ,897,4,901,1142,0,2,1,2,0,1,0,0.00,78.90 ,50
01,000,00,006,0194,530 ,817,4,821,1179,0,2,1,2,0,1,0,0.00,69.64 ,50
01,000,00,006,0195,531 ,745,12,757,1100,0,2,1,2,0,1,0,0.00,68.82 ,50
01,000,00,006,0195,532 ,880,9,889,1217,0,2,1,2,0,1,0,0.00,73.05 ,50
01,000,00,006,0195,533 ,917,8,925,1177,0,2,1,2,0,1,0,0.00,78.59 ,50
01,000,00,006,0195,534 ,1099,6,1105,1411,0,2,1,2,0,1,0,0.00,78.31 ,50
01,000,00,006,0196,535 ,907,12,919,1256,0,2,1,2,0,1,0,0.00,73.17 ,50
01,000,00,006,0196,536 ,821,6,827,1162,0,2,1,2,0,1,0,0.00,71.17 ,50
01,000,00,006,0196,537 ,970,12,982,1322,0,2,1,2,0,1,0,0.00,74.28 ,50
01,000,00,006,0197,538 ,1200,7,1207,1562,0,2,1,2,0,1,0,0.00,77.27 ,50
01,000,00,006,0197,539 ,1100,16,1116,1521,0,2,1,2,0,1,0,0.00,73.37 ,50
01,000,00,006,0197,540 ,1323,11,1334,1757,0,2,1,2,0,1,0,0.00,75.92 ,50
01,000,00,006,0198,541 ,1160,13,1173,1494,0,2,1,2,0,1,0,0.00,78.51 ,50
01,000,00,006,0198,542 ,1172,6,1178,1548,0,2,1,2,0,1,0,0.00,76.10 ,50
01,000,00,006,0198,543 ,913,11,924,1300,0,2,1,2,0,1,0,0.00,71.08 ,50
01,000,00,006,0198,544 ,789,7,796,1088,0,2,1,2,0,1,0,0.00,73.16 ,50
01,000,00,006,0199,545 ,955,16,971,1292,0,2,1,2,0,1,0,0.00,75.15 ,50
01,000,00,006,0199,546 ,1240,10,1250,1547,0,2,1,2,0,1,0,0.00,80.80 ,50
01,000,00,006,0200,547 ,951,21,972,1255,0,2,1,2,0,1,0,0.00,77.45 ,50
01,000,00,006,0200,548 ,890,13,903,1203,0,2,1,2,0,1,0,0.00,75.06 ,50
01,000,00,006,0200,549 ,1044,9,1053,1353,0,2,1,2,0,1,0,0.00,77.83 ,50
01,000,00,006,0201,550 ,1213,17,1230,1546,0,2,1,2,0,1,0,0.00,79.56 ,50
01,000,00,006,0201,551 ,1016,20,1036,1400,0,2,1,2,0,1,0,0.00,74.00 ,50
01,000,00,006,0202,552 ,1069,13,1082,1356,0,2,1,2,0,1,0,0.00,79.79 ,50
01,000,00,006,0202,553 ,1075,5,1080,1398,0,2,1,2,0,1,0,0.00,77.25 ,50
01,000,00,006,0202,554 ,1144,12,1156,1435,0,2,1,2,0,1,0,0.00,80.56 ,50
01,000,00,006,0203,555 ,950,7,957,1246,0,2,1,2,0,1,0,0.00,76.81 ,50
01,000,00,006,0203,556 ,816,18,834,1056,0,2,1,2,0,1,0,0.00,78.98 ,50
01,000,00,006,0203,557 ,982,11,993,1298,0,2,1,2,0,1,0,0.00,76.50 ,50
01,000,00,006,0204,558 ,1040,16,1056,1346,0,2,1,2,0,1,0,0.00,78.45 ,50
01,000,00,006,0204,559 ,887,14,901,1181,0,2,1,2,0,1,0,0.00,76.29 ,50
01,000,00,006,0204,560 ,1015,9,1024,1288,0,2,1,2,0,1,0,0.00,79.50 ,50
01,000,00,006,0205,561 ,1295,8,1303,1588,0,2,1,2,0,1,0,0.00,82.05 ,50
01,000,00,006,0205,562 ,1218,13,1231,1509,0,2,1,2,0,1,0,0.00,81.58 ,50
01,000,00,006,0205,563 ,1180,7,1187,1451,0,2,1,2,0,1,0,0.00,81.81 ,50
01,000,00,006,0206,564 ,1196,8,1204,1557,0,2,1,2,0,1,0,0.00,77.33 ,50
01,000,00,006,0206,565 ,1064,12,1076,1418,0,2,1,2,0,1,0,0.00,75.88 ,50
01,000,00,006,0206,566 ,1175,17,1192,1554,0,2,1,2,0,1,0,0.00,76.71 ,50
01,000,00,006,0207,567 ,1072,7,1079,1408,0,2,1,2,0,1,0,0.00,76.63 ,50
01,000,00,006,0207,568 ,1248,8,1256,1572,0,2,1,2,0,1,0,0.00,79.90 ,50
01,000,00,006,0207,569 ,1077,22,1099,1399,0,2,1,2,0,1,0,0.00,78.56 ,50
01,000,00,006,0208,570 ,1266,6,1272,1642,0,2,1,2,0,1,0,0.00,77.47 ,50
01,000,00,006,0208,571 ,1104,14,1118,1494,0,2,1,2,0,1,0,0.00,74.83 ,50
01,000,00,006,0209,572 ,1046,8,1054,1365,0,2,1,2,0,1,0,0.00,77.22 ,50
01,000,00,006,0209,573 ,997,10,1007,1331,0,2,1,2,0,1,0,0.00,75.66 ,50
01,000,00,006,0209,574 ,1019,6,1025,1325,0,2,1,2,0,1,0,0.00,77.36 ,50
01,000,00,006,0209,575 ,1038,16,1054,1347,0,2,1,2,0,1,0,0.00,78.25 ,50
01,000,00,006,0210,576 ,882,11,893,1167,0,2,1,2,0,1,0,0.00,76.52 ,50
01,000,00,006,0210,577 ,785,15,800,1096,0,2,1,2,0,1,0,0.00,72.99 ,50
01,000,00,006,0211,578 ,1222,19,1241,1615,0,2,1,2,0,1,0,0.00,76.84 ,50
01,000,00,006,0211,579 ,1248,5,1253,1597,0,2,1,2,0,1,0,0.00,78.46 ,50
01,000,00,006,0211,580 ,1212,10,1222,1514,0,2,1,2,0,1,0,0.00,80.71 ,50
01,000,00,006,0212,581 ,1170,5,1175,1534,0,2,1,2,0,1,0,0.00,76.60 ,50
01,000,00,006,0212,582 ,1062,7,1069,1366,0,2,1,2,0,1,0,0.00,78.26 ,50
01,000,00,006,0212,583 ,1314,12,1326,1714,0,2,1,2,0,1,0,0.00,77.36 ,50
01,000,00,006,0213,584 ,1075,14,1089,1391,0,2,1,2,0,1,0,0.00,78.29 ,50
01,000,00,006,0213,585 ,988,11,999,1242,0,2,1,2,0,1,0,0.00,80.43 ,50
01,000,00,006,0213,586 ,831,5,836,1091,0,2,1,2,0,1,0,0.00,76.63 ,50
01,000,00,006,0214,587 ,1171,20,1191,1510,0,2,1,2,0,1,0,0.00,78.87 ,50
01,000,00,006,0214,588 ,1246,20,1266,1620,0,2,1,2,0,1,0,0.00,78.15 ,50
01,000,00,006,0214,589 ,1274,10,1284,1603,0,2,1,2,0,1,0,0.00,80.10 ,50
01,000,00,006,0214,590 ,1235,15,1250,1573,0,2,1,2,0,1,0,0.00,79.47 ,50
01,000,00,006,0215,591 ,1388,25,1413,1784,0,2,1,2,0,1,0,0.00,79.20 ,50
01,000,00,006,0215,592 ,1305,8,1313,1681,0,2,1,2,0,1,0,0.00,78.11 ,50
01,000,00,006,0215,593 ,1299,10,1309,1692,0,2,1,2,0,1,0,0.00,77.36 ,50
01,000,00,006,0216,594 ,907,21,928,1200,0,2,1,2,0,1,0,0.00,77.33 ,50
01,000,00,006,0216,595 ,993,13,1006,1266,0,2,1,2,0,1,0,0.00,79.46 ,50
01,000,00,006,0216,596 ,962,50,1012,1423,0,2,1,2,0,1,0,0.00,71.12 ,50
01,000,00,006,0216,597 ,963,8,971,1244,0,2,1,2,0,1,0,0.00,78.05 ,50
01,000,00,006,0217,598 ,1323,7,1330,1703,0,2,1,2,0,1,0,0.00,78.10 ,50
01,000,00,006,0217,599 ,1055,2,1057,1327,0,2,1,2,0,1,0,0.00,79.65 ,50
01,000,00,006,0217,600 ,1081,5,1086,1413,0,2,1,2,0,1,0,0.00,76.86 ,50
01,000,00,006,0218,601 ,1050,18,1068,1373,0,2,1,2,0,1,0,0.00,77.79 ,50
01,000,00,006,0218,602 ,1057,8,1065,1365,0,2,1,2,0,1,0,0.00,78.02 ,50
01,000,00,006,0218,603 ,1062,15,1077,1365,0,2,1,2,0,1,0,0.00,78.90 ,50
01,000,00,006,0218,604 ,1147,18,1165,1472,0,2,1,2,0,1,0,0.00,79.14 ,50
01,000,00,006,0219,605 ,1092,14,1106,1474,0,2,1,2,0,1,0,0.00,75.03 ,50
01,000,00,006,0219,606 ,1142,7,1149,1494,0,2,1,2,0,1,0,0.00,76.91 ,50
01,000,00,006,0219,607 ,847,14,861,1148,0,2,1,2,0,1,0,0.00,75.00 ,50
01,000,00,006,0219,608 ,1073,16,1089,1420,0,2,1,2,0,1,0,0.00,76.69 ,50
01,000,00,006,0219,609 ,1080,5,1085,1395,0,2,1,2,0,1,0,0.00,77.78 ,50
01,000,00,006,0220,610 ,935,12,947,1250,0,2,1,2,0,1,0,0.00,75.76 ,50
01,000,00,006,0220,611 ,906,7,913,1234,0,2,1,2,0,1,0,0.00,73.99 ,50
01,000,00,006,0220,612 ,972,10,982,1252,0,2,1,2,0,1,0,0.00,78.43 ,50
01,000,00,006,0221,613 ,1036,26,1062,1376,0,2,1,2,0,1,0,0.00,77.18 ,50
01,000,00,006,0221,614 ,922,6,928,1236,0,2,1,2,0,1,0,0.00,75.08 ,50
01,000,00,006,0221,615 ,926,13,939,1221,0,2,1,2,0,1,0,0.00,76.90 ,50
01,000,00,006,0221,616 ,842,12,854,1226,0,2,1,2,0,1,0,0.00,69.66 ,50
01,000,00,006,0222,617 ,1298,19,1317,1748,0,2,1,2,0,1,0,0.00,75.34 ,50
01,000,00,006,0222,618 ,1327,11,1338,1744,0,2,1,2,0,1,0,0.00,76.72 ,50
01,000,00,006,0222,619 ,1025,7,1032,1390,0,2,1,2,0,1,0,0.00,74.24 ,50
01,000,00,006,0222,620 ,1230,8,1238,1586,0,2,1,2,0,1,0,0.00,78.06 ,50
01,000,00,006,0223,621 ,991,6,997,1344,0,2,1,2,0,1,0,0.00,74.18 ,50
01,000,00,006,0223,622 ,1014,22,1036,1355,0,2,1,2,0,1,0,0.00,76.46 ,50
01,000,00,006,0223,623 ,1003,20,1023,1288,0,2,1,2,0,1,0,0.00,79.43 ,50
01,000,00,006,0224,624 ,899,12,911,1173,0,2,1,2,0,1,0,0.00,77.66 ,50
01,000,00,006,0224,625 ,1015,8,1023,1341,0,2,1,2,0,1,0,0.00,76.29 ,50
01,000,00,006,0224,626 ,1078,10,1088,1401,0,2,1,2,0,1,0,0.00,77.66 ,50
01,000,00,006,0225,627 ,914,11,925,1197,0,2,1,2,0,1,0,0.00,77.28 ,50
01,000,00,006,0225,628 ,1062,6,1068,1392,0,2,1,2,0,1,0,0.00,76.72 ,50
01,000,00,006,0225,629 ,1016,44,1060,1344,0,2,1,2,0,1,0,0.00,78.87 ,50
01,000,00,006,0225,630 ,1020,8,1028,1349,0,2,1,2,0,1,0,0.00,76.20 ,50
01,000,00,006,0226,631 ,1066,9,1075,1335,0,2,1,2,0,1,0,0.00,80.52 ,50
01,000,00,006,0226,632 ,898,8,906,1217,0,2,1,2,0,1,0,0.00,74.45 ,50
01,000,00,006,0227,633 ,774,11,785,1040,0,2,1,2,0,1,0,0.00,75.48 ,50
01,000,00,006,0227,634 ,1037,6,1043,1304,0,2,1,2,0,1,0,0.00,79.98 ,50
01,000,00,006,0227,635 ,856,20,876,1213,0,2,1,2,0,1,0,0.00,72.22 ,50
01,000,00,006,0228,636 ,1036,6,1042,1335,0,2,1,2,0,1,0,0.00,78.05 ,50
01,000,00,006,0228,637 ,1124,7,1131,1470,0,2,1,2,0,1,0,0.00,76.94 ,50
01,000,00,006,0228,638 ,960,9,969,1233,0,2,1,2,0,1,0,0.00,78.59 ,50
01,000,00,006,0228,639 ,1125,11,1136,1469,0,2,1,2,0,1,0,0.00,77.33 ,50
01,000,00,006,0229,640 ,1069,6,1075,1428,0,2,1,2,0,1,0,0.00,75.28 ,50
01,000,00,006,0229,641 ,919,5,924,1204,0,2,1,2,0,1,0,0.00,76.74 ,50
01,000,00,006,0229,642 ,954,15,969,1244,0,2,1,2,0,1,0,0.00,77.89 ,50
01,000,00,006,0230,643 ,950,13,963,1263,0,2,1,2,0,1,0,0.00,76.25 ,50
01,000,00,006,0230,644 ,902,7,909,1232,0,2,1,2,0,1,0,0.00,73.78 ,50
01,000,00,007,0231,645 ,1051,17,1068,1324,0,2,1,2,0,1,0,0.00,80.66 ,50
01,000,00,007,0231,646 ,1048,15,1063,1358,0,2,1,2,0,1,0,0.00,78.28 ,50
01,000,00,007,0231,647 ,1168,12,1180,1486,0,2,1,2,0,1,0,0.00,79.41 ,50
01,000,00,007,0232,648 ,1223,12,1235,1590,0,2,1,2,0,1,0,0.00,77.67 ,50
01,000,00,007,0232,649 ,1297,10,1307,1655,0,2,1,2,0,1,0,0.00,78.97 ,50
01,000,00,007,0233,650 ,1203,15,1218,1489,0,2,1,2,0,1,0,0.00,81.80 ,50
01,000,00,007,0233,651 ,1421,20,1441,1763,0,2,1,2,0,1,0,0.00,81.74 ,50
01,000,00,007,0234,652 ,978,9,987,1274,0,2,1,2,0,1,0,0.00,77.47 ,50
01,000,00,007,0234,653 ,1027,6,1033,1368,0,2,1,2,0,1,0,0.00,75.51 ,50
01,000,00,007,0235,654 ,882,15,897,1133,0,2,1,2,0,1,0,0.00,79.17 ,50
01,000,00,007,0235,655 ,1138,11,1149,1400,0,2,1,2,0,1,0,0.00,82.07 ,50
01,000,00,007,0235,656 ,1069,13,1082,1334,0,2,1,2,0,1,0,0.00,81.11 ,50
01,000,00,007,0235,657 ,1081,11,1092,1362,0,2,1,2,0,1,0,0.00,80.18 ,50
01,000,00,007,0236,658 ,1495,18,1513,1842,0,2,1,2,0,1,0,0.00,82.14 ,50
01,000,00,007,0236,659 ,1322,18,1340,1718,0,2,1,2,0,1,0,0.00,78.00 ,50
01,000,00,007,0237,660 ,1419,15,1434,1828,0,2,1,2,0,1,0,0.00,78.45 ,50
01,000,00,007,0237,661 ,1216,22,1238,1604,0,2,1,2,0,1,0,0.00,77.18 ,50
01,000,00,007,0238,662 ,1432,15,1447,1783,0,2,1,2,0,1,0,0.00,81.16 ,50
01,000,00,007,0238,663 ,1407,7,1414,1773,0,2,1,2,0,1,0,0.00,79.75 ,50
01,000,00,007,0239,664 ,1400,17,1417,1820,0,2,1,2,0,1,0,0.00,77.86 ,50
01,000,00,007,0239,665 ,1439,11,1450,1802,0,2,1,2,0,1,0,0.00,80.47 ,50
01,000,00,007,0240,666 ,1119,7,1126,1416,0,2,1,2,0,1,0,0.00,79.52 ,50
01,000,00,007,0240,667 ,963,9,972,1225,0,2,1,2,0,1,0,0.00,79.35 ,50
01,000,00,007,0240,668 ,1629,17,1646,2071,0,2,1,2,0,1,0,0.00,79.48 ,50
01,000,00,007,0241,669 ,1073,14,1087,1347,0,2,1,2,0,1,0,0.00,80.70 ,50
01,000,00,007,0241,670 ,1187,11,1198,1504,0,2,1,2,0,1,0,0.00,79.65 ,50
01,000,00,007,0241,671 ,1117,20,1137,1408,0,2,1,2,0,1,0,0.00,80.75 ,50
01,000,00,007,0241,672 ,949,6,955,1175,0,2,1,2,0,1,0,0.00,81.28 ,50
01,000,00,007,0242,673 ,1443,24,1467,1806,0,2,1,2,0,1,0,0.00,81.23 ,50
01,000,00,007,0242,674 ,1440,20,1460,1795,0,2,1,2,0,1,0,0.00,81.34 ,50
01,000,00,007,0243,675 ,1266,11,1277,1580,0,2,1,2,0,1,0,0.00,80.82 ,50
01,000,00,007,0243,676 ,1432,15,1447,1759,0,2,1,2,0,1,0,0.00,82.26 ,50
01,000,00,007,0244,677 ,1053,12,1065,1346,0,2,1,2,0,1,0,0.00,79.12 ,50
01,000,00,007,0244,678 ,1036,7,1043,1326,0,2,1,2,0,1,0,0.00,78.66 ,50
01,000,00,007,0244,679 ,949,7,956,1218,0,2,1,2,0,1,0,0.00,78.49 ,50
01,000,00,007,0245,680 ,1122,11,1133,1397,0,2,1,2,0,1,0,0.00,81.10 ,50
01,000,00,007,0245,681 ,1020,6,1026,1308,0,2,1,2,0,1,0,0.00,78.44 ,50
01,000,00,007,0245,682 ,1089,10,1099,1374,0,2,1,2,0,1,0,0.00,79.99 ,50
01,000,00,007,0246,683 ,1152,8,1160,1448,0,2,1,2,0,1,0,0.00,80.11 ,50
01,000,00,007,0246,684 ,1179,14,1193,1553,0,2,1,2,0,1,0,0.00,76.82 ,50
01,000,00,007,0246,685 ,1211,11,1222,1553,0,2,1,2,0,1,0,0.00,78.69 ,50
01,000,00,007,0246,686 ,1223,12,1235,1606,0,2,1,2,0,1,0,0.00,76.90 ,50
01,000,00,007,0247,687 ,1058,11,1069,1361,0,2,1,2,0,1,0,0.00,78.55 ,50
01,000,00,007,0247,688 ,1072,25,1097,1346,0,2,1,2,0,1,0,0.00,81.50 ,50
01,000,00,007,0247,689 ,1065,16,1081,1302,0,2,1,2,0,1,0,0.00,83.03 ,50
01,000,00,007,0247,690 ,1149,17,1166,1417,0,2,1,2,0,1,0,0.00,82.29 ,50
01,000,00,007,0247,691 ,1084,10,1094,1373,0,2,1,2,0,1,0,0.00,79.68 ,50
01,000,00,007,0248,692 ,1445,13,1458,1778,0,2,1,2,0,1,0,0.00,82.00 ,50
01,000,00,007,0248,693 ,1201,12,1213,1529,0,2,1,2,0,1,0,0.00,79.33 ,50
01,000,00,007,0248,694 ,1192,15,1207,1534,0,2,1,2,0,1,0,0.00,78.68 ,50
01,000,00,008,0249,695 ,878,10,888,1130,0,2,1,2,0,1,0,0.00,78.58 ,50
01,000,00,008,0249,696 ,891,10,901,1146,0,2,1,2,0,1,0,0.00,78.62 ,50
01,000,00,008,0249,697 ,878,8,886,1077,0,2,1,2,0,1,0,0.00,82.27 ,50
01,000,00,008,0249,698 ,824,9,833,1029,0,2,1,2,0,1,0,0.00,80.95 ,50
01,000,00,008,0249,699 ,892,6,898,1104,0,2,1,2,0,1,0,0.00,81.34 ,50
01,000,00,008,0250,700 ,918,15,933,1132,0,2,1,2,0,1,0,0.00,82.42 ,50
01,000,00,008,0250,701 ,830,4,834,1049,0,2,1,2,0,1,0,0.00,79.50 ,50
01,000,00,008,0250,702 ,866,9,875,1069,0,2,1,2,0,1,0,0.00,81.85 ,50
01,000,00,008,0250,703 ,823,5,828,1060,0,2,1,2,0,1,0,0.00,78.11 ,50
01,000,00,008,0251,704 ,918,6,924,1185,0,2,1,2,0,1,0,0.00,77.97 ,50
01,000,00,008,0251,705 ,1011,4,1015,1253,0,2,1,2,0,1,0,0.00,81.01 ,50
01,000,00,008,0251,706 ,937,8,945,1162,0,2,1,2,0,1,0,0.00,81.33 ,50
01,000,00,008,0251,707 ,986,8,994,1220,0,2,1,2,0,1,0,0.00,81.48 ,50
01,000,00,008,0251,708 ,852,6,858,1092,0,2,1,2,0,1,0,0.00,78.57 ,50
01,000,00,008,0252,709 ,969,6,975,1216,0,2,1,2,0,1,0,0.00,80.18 ,50
01,000,00,008,0252,710 ,849,3,852,1051,0,2,1,2,0,1,0,0.00,81.07 ,50
01,000,00,008,0252,711 ,884,3,887,1064,0,2,1,2,0,1,0,0.00,83.36 ,50
01,000,00,008,0253,712 ,1081,9,1090,1353,0,2,1,2,0,1,0,0.00,80.56 ,50
01,000,00,008,0253,713 ,1064,8,1072,1313,0,2,1,2,0,1,0,0.00,81.65 ,50
01,000,00,008,0253,714 ,1113,8,1121,1381,0,2,1,2,0,1,0,0.00,81.17 ,50
01,000,00,008,0253,715 ,1139,8,1147,1459,0,2,1,2,0,1,0,0.00,78.62 ,50
01,000,00,008,0254,716 ,1094,2,1096,1379,0,2,1,2,0,1,0,0.00,79.48 ,50
01,000,00,008,0254,717 ,977,4,981,1217,0,2,1,2,0,1,0,0.00,80.61 ,50
01,000,00,008,0254,718 ,949,11,960,1229,0,2,1,2,0,1,0,0.00,78.11 ,50
01,000,00,008,0254,719 ,1012,10,1022,1268,0,2,1,2,0,1,0,0.00,80.60 ,50
01,000,00,008,0254,720 ,1039,15,1054,1318,0,2,1,2,0,1,0,0.00,79.97 ,50
01,000,00,008,0254,721 ,1090,10,1100,1342,0,2,1,2,0,1,0,0.00,81.97 ,50
01,000,00,008,0255,722 ,919,8,927,1157,0,2,1,2,0,1,0,0.00,80.12 ,50
01,000,00,008,0255,723 ,1022,10,1032,1267,0,2,1,2,0,1,0,0.00,81.45 ,50
01,000,00,008,0255,724 ,1068,5,1073,1373,0,2,1,2,0,1,0,0.00,78.15 ,50
01,000,00,008,0255,725 ,1145,6,1151,1394,0,2,1,2,0,1,0,0.00,82.57 ,50
01,000,00,008,0255,726 ,1116,7,1123,1401,0,2,1,2,0,1,0,0.00,80.16 ,50
01,000,00,008,0256,727 ,904,5,909,1157,0,2,1,2,0,1,0,0.00,78.57 ,50
01,000,00,008,0256,728 ,902,6,908,1078,0,2,1,2,0,1,0,0.00,84.23 ,50
01,000,00,008,0256,729 ,888,6,894,1112,0,2,1,2,0,1,0,0.00,80.40 ,50
01,000,00,008,0257,730 ,1167,15,1182,1427,0,2,1,2,0,1,0,0.00,82.83 ,50
01,000,00,008,0257,731 ,1175,9,1184,1438,0,2,1,2,0,1,0,0.00,82.34 ,50
01,000,00,008,0257,732 ,1132,4,1136,1341,0,2,1,2,0,1,0,0.00,84.71 ,50
01,000,00,008,0257,733 ,1120,12,1132,1365,0,2,1,2,0,1,0,0.00,82.93 ,50
01,000,00,008,0258,734 ,946,11,957,1206,0,2,1,2,0,1,0,0.00,79.35 ,50
01,000,00,008,0258,735 ,874,5,879,1097,0,2,1,2,0,1,0,0.00,80.13 ,50
01,000,00,008,0258,736 ,965,2,967,1210,0,2,1,2,0,1,0,0.00,79.92 ,50
01,000,00,008,0258,737 ,908,9,917,1173,0,2,1,2,0,1,0,0.00,78.18 ,50
01,000,00,008,0259,738 ,995,4,999,1291,0,2,1,2,0,1,0,0.00,77.38 ,50
01,000,00,008,0259,739 ,1120,14,1134,1398,0,2,1,2,0,1,0,0.00,81.12 ,50
01,000,00,008,0259,740 ,746,7,753,971,0,2,1,2,0,1,0,0.00,77.55 ,50
01,000,00,008,0259,741 ,1205,7,1212,1500,0,2,1,2,0,1,0,0.00,80.80 ,50
01,000,00,008,0260,742 ,760,6,766,970,0,2,1,2,0,1,0,0.00,78.97 ,50
01,000,00,008,0260,743 ,870,3,873,1097,0,2,1,2,0,1,0,0.00,79.58 ,50
01,000,00,008,0260,744 ,792,8,800,1055,0,2,1,2,0,1,0,0.00,75.83 ,50
01,000,00,008,0261,745 ,1057,16,1073,1342,0,2,1,2,0,1,0,0.00,79.96 ,50
01,000,00,008,0261,746 ,903,6,909,1213,0,2,1,2,0,1,0,0.00,74.94 ,50
01,000,00,008,0262,747 ,983,8,991,1262,0,2,1,2,0,1,0,0.00,78.53 ,50
01,000,00,008,0262,748 ,802,6,808,1056,0,2,1,2,0,1,0,0.00,76.52 ,50
01,000,00,008,0262,749 ,850,8,858,1124,0,2,1,2,0,1,0,0.00,76.33 ,50
01,000,00,008,0263,750 ,1129,10,1139,1405,0,2,1,2,0,1,0,0.00,81.07 ,50
01,000,00,008,0263,751 ,1107,13,1120,1442,0,2,1,2,0,1,0,0.00,77.67 ,50
01,000,00,008,0263,752 ,1061,7,1068,1353,0,2,1,2,0,1,0,0.00,78.94 ,50
01,000,00,008,0264,753 ,925,10,935,1153,0,2,1,2,0,1,0,0.00,81.09 ,50
01,000,00,008,0264,754 ,846,5,851,1086,0,2,1,2,0,1,0,0.00,78.36 ,50
01,000,00,008,0264,755 ,923,8,931,1140,0,2,1,2,0,1,0,0.00,81.67 ,50
01,000,00,008,0264,756 ,906,6,912,1070,0,2,1,2,0,1,0,0.00,85.23 ,50
01,000,00,008,0265,757 ,287,1,288,361,0,2,1,2,0,1,0,0.00,79.78 ,50
01,000,00,008,0265,758 ,1235,6,1241,1535,0,2,1,2,0,1,0,0.00,80.85 ,50
01,000,00,008,0265,759 ,1145,5,1150,1432,0,2,1,2,0,1,0,0.00,80.31 ,50
01,000,00,008,0265,760 ,1069,15,1084,1331,0,2,1,2,0,1,0,0.00,81.44 ,50
01,000,00,008,0266,761 ,1050,9,1059,1291,0,2,1,2,0,1,0,0.00,82.03 ,50
01,000,00,008,0266,762 ,937,15,952,1181,0,2,1,2,0,1,0,0.00,80.61 ,50
01,000,00,008,0267,763 ,927,7,934,1155,0,2,1,2,0,1,0,0.00,80.87 ,50
01,000,00,008,0267,764 ,890,5,895,1113,0,2,1,2,0,1,0,0.00,80.41 ,50
01,000,00,008,0267,765 ,1022,11,1033,1251,0,2,1,2,0,1,0,0.00,82.57 ,50
01,000,00,008,0268,766 ,921,5,926,1191,0,2,1,2,0,1,0,0.00,77.75 ,50
01,000,00,008,0268,767 ,964,1,965,1247,0,2,1,2,0,1,0,0.00,77.39 ,50
01,000,00,008,0268,768 ,913,8,921,1139,0,2,1,2,0,1,0,0.00,80.86 ,50
01,000,00,008,0268,769 ,908,8,916,1118,0,2,1,2,0,1,0,0.00,81.93 ,50
01,000,00,008,0268,770 ,949,5,954,1210,0,2,1,2,0,1,0,0.00,78.84 ,50
01,000,00,008,0269,771 ,901,7,908,1132,0,2,1,2,0,1,0,0.00,80.21 ,50
01,000,00,008,0269,772 ,1062,13,1075,1341,0,2,1,2,0,1,0,0.00,80.16 ,50
01,000,00,008,0269,773 ,1081,13,1094,1344,0,2,1,2,0,1,0,0.00,81.40 ,50
01,000,00,008,0270,774 ,1177,8,1185,1573,0,2,1,2,0,1,0,0.00,75.33 ,50
01,000,00,008,0270,775 ,1123,3,1126,1407,0,2,1,2,0,1,0,0.00,80.03 ,50
01,000,00,008,0271,776 ,942,1,943,1257,0,2,1,2,0,1,0,0.00,75.02 ,50
01,000,00,008,0271,777 ,986,10,996,1281,0,2,1,2,0,1,0,0.00,77.75 ,50
01,000,00,008,0271,778 ,1017,6,1023,1276,0,2,1,2,0,1,0,0.00,80.17 ,50
01,000,00,008,0271,779 ,975,9,984,1231,0,2,1,2,0,1,0,0.00,79.94 ,50
01,000,00,008,0271,780 ,1040,10,1050,1332,0,2,1,2,0,1,0,0.00,78.83 ,50
01,000,00,008,0272,781 ,844,5,849,1110,0,2,1,2,0,1,0,0.00,76.49 ,50
01,000,00,008,0272,782 ,896,4,900,1113,0,2,1,2,0,1,0,0.00,80.86 ,50
01,000,00,008,0272,783 ,915,8,923,1151,0,2,1,2,0,1,0,0.00,80.19 ,50
01,000,00,008,0272,784 ,925,6,931,1156,0,2,1,2,0,1,0,0.00,80.54 ,50
01,000,00,008,0273,785 ,1397,7,1404,1728,0,2,1,2,0,1,0,0.00,81.25 ,50
01,000,00,008,0273,786 ,1290,11,1301,1624,0,2,1,2,0,1,0,0.00,80.11 ,50
01,000,00,008,0273,787 ,1348,10,1358,1698,0,2,1,2,0,1,0,0.00,79.98 ,50
01,000,00,008,0273,788 ,1303,15,1318,1670,0,2,1,2,0,1,0,0.00,78.92 ,50
01,000,00,008,0273,789 ,1322,7,1329,1755,0,2,1,2,0,1,0,0.00,75.73 ,50
01,000,00,008,0273,790 ,1068,3,1071,1376,0,2,1,2,0,1,0,0.00,77.83 ,50
01,000,00,008,0273,791 ,608,7,615,787,0,2,1,2,0,1,0,0.00,78.14 ,50
01,000,00,008,0273,792 ,1027,12,1039,1300,0,2,1,2,0,1,0,0.00,79.92 ,50
01,000,00,008,0273,793 ,1067,7,1074,1344,0,2,1,2,0,1,0,0.00,79.91 ,50
01,000,00,008,0274,794 ,1093,8,1101,1383,0,2,1,2,0,1,0,0.00,79.61 ,50
01,000,00,008,0274,795 ,1096,10,1106,1411,0,2,1,2,0,1,0,0.00,78.38 ,50
01,000,00,008,0274,796 ,1048,15,1063,1342,0,2,1,2,0,1,0,0.00,79.21 ,50
01,000,00,008,0274,797 ,1060,9,1069,1329,0,2,1,2,0,1,0,0.00,80.44 ,50
01,000,00,008,0275,798 ,932,12,944,1218,0,2,1,2,0,1,0,0.00,77.50 ,50
01,000,00,008,0275,799 ,911,8,919,1195,0,2,1,2,0,1,0,0.00,76.90 ,50
01,000,00,008,0275,800 ,1061,6,1067,1362,0,2,1,2,0,1,0,0.00,78.34 ,50
01,000,00,008,0275,801 ,941,7,948,1224,0,2,1,2,0,1,0,0.00,77.45 ,50
01,000,00,008,0276,802 ,1043,7,1050,1346,0,2,1,2,0,1,0,0.00,78.01 ,50
01,000,00,008,0276,803 ,1164,12,1176,1507,0,2,1,2,0,1,0,0.00,78.04 ,50
01,000,00,008,0276,804 ,1043,7,1050,1333,0,2,1,2,0,1,0,0.00,78.77 ,50
01,000,00,008,0276,805 ,1009,15,1024,1309,0,2,1,2,0,1,0,0.00,78.23 ,50
01,000,00,008,0276,806 ,1055,8,1063,1325,0,2,1,2,0,1,0,0.00,80.23 ,50
01,000,00,008,0276,807 ,1097,10,1107,1408,0,2,1,2,0,1,0,0.00,78.62 ,50
01,000,00,008,0276,808 ,968,5,973,1252,0,2,1,2,0,1,0,0.00,77.72 ,50
01,000,00,008,0277,809 ,456,7,463,602,0,2,1,2,0,1,0,0.00,76.91 ,50
01,000,00,008,0277,810 ,853,4,857,1095,0,2,1,2,0,1,0,0.00,78.26 ,50
01,000,00,008,0277,811 ,843,4,847,1055,0,2,1,2,0,1,0,0.00,80.28 ,50
01,000,00,008,0277,812 ,1010,9,1019,1281,0,2,1,2,0,1,0,0.00,79.55 ,50
01,000,00,008,0277,813 ,1120,13,1133,1390,0,2,1,2,0,1,0,0.00,81.51 ,50
01,000,00,009,0278,814 ,1029,7,1036,1561,0,2,1,2,0,1,0,0.00,66.37 ,50
01,000,00,009,0278,815 ,996,4,1000,1458,0,2,1,2,0,1,0,0.00,68.59 ,50
01,000,00,009,0278,816 ,859,7,866,1288,0,2,1,2,0,1,0,0.00,67.24 ,50
01,000,00,009,0279,817 ,1303,13,1316,1882,0,2,1,2,0,1,0,0.00,69.93 ,50
01,000,00,009,0279,818 ,1296,9,1305,1836,0,2,1,2,0,1,0,0.00,71.08 ,50
01,000,00,009,0280,819 ,1149,4,1153,1680,0,2,1,2,0,1,0,0.00,68.63 ,50
01,000,00,009,0280,820 ,1194,8,1202,1656,0,2,1,2,0,1,0,0.00,72.58 ,50
01,000,00,009,0280,821 ,1463,0,1463,1908,0,2,1,2,0,1,0,0.00,76.68 ,50
01,000,00,009,0281,822 ,1051,5,1056,1475,0,2,1,2,0,1,0,0.00,71.59 ,50
01,000,00,009,0281,823 ,1223,15,1238,1727,0,2,1,2,0,1,0,0.00,71.69 ,50
01,000,00,009,0281,824 ,1058,8,1066,1543,0,2,1,2,0,1,0,0.00,69.09 ,50
01,000,00,009,0281,825 ,1048,4,1052,1569,0,2,1,2,0,1,0,0.00,67.05 ,50
01,000,00,009,0282,826 ,1079,11,1090,1646,0,2,1,2,0,1,0,0.00,66.22 ,50
01,000,00,009,0282,827 ,983,2,985,1597,0,2,1,2,0,1,0,0.00,61.68 ,50
01,000,00,009,0282,828 ,946,6,952,1511,0,2,1,2,0,1,0,0.00,63.00 ,50
01,000,00,009,0283,829 ,1367,5,1372,1841,0,2,1,2,0,1,0,0.00,74.52 ,50
01,000,00,009,0283,830 ,1355,10,1365,1860,0,2,1,2,0,1,0,0.00,73.39 ,50
01,000,00,009,0283,831 ,1488,11,1499,1977,0,2,1,2,0,1,0,0.00,75.82 ,50
01,000,00,009,0284,832 ,1095,15,1110,1641,0,2,1,2,0,1,0,0.00,67.64 ,50
01,000,00,009,0284,833 ,1050,6,1056,1470,0,2,1,2,0,1,0,0.00,71.84 ,50
01,000,00,009,0284,834 ,1130,10,1140,1603,0,2,1,2,0,1,0,0.00,71.12 ,50
01,000,00,009,0285,835 ,1160,7,1167,1719,0,2,1,2,0,1,0,0.00,67.89 ,50
01,000,00,009,0285,836 ,1220,11,1231,1825,0,2,1,2,0,1,0,0.00,67.45 ,50
01,000,00,009,0286,837 ,1224,9,1233,1805,0,2,1,2,0,1,0,0.00,68.31 ,50
01,000,00,009,0286,838 ,1367,10,1377,1901,0,2,1,2,0,1,0,0.00,72.44 ,50
01,000,00,009,0287,839 ,1012,6,1018,1528,0,2,1,2,0,1,0,0.00,66.62 ,50
01,000,00,009,0287,840 ,1007,5,1012,1519,0,2,1,2,0,1,0,0.00,66.62 ,50
01,000,00,009,0287,841 ,1040,12,1052,1502,0,2,1,2,0,1,0,0.00,70.04 ,50
01,000,00,009,0287,842 ,1080,9,1089,1509,0,2,1,2,0,1,0,0.00,72.17 ,50
01,000,00,009,0288,843 ,1110,8,1118,1490,0,2,1,2,0,1,0,0.00,75.03 ,50
01,000,00,009,0288,844 ,1036,6,1042,1482,0,2,1,2,0,1,0,0.00,70.31 ,50
01,000,00,009,0288,845 ,981,4,985,1311,0,2,1,2,0,1,0,0.00,75.13 ,50
01,000,00,009,0289,846 ,1119,7,1126,1671,0,2,1,2,0,1,0,0.00,67.38 ,50
01,000,00,009,0289,847 ,1317,14,1331,1869,0,2,1,2,0,1,0,0.00,71.21 ,50
01,000,00,009,0290,848 ,1172,8,1180,1606,0,2,1,2,0,1,0,0.00,73.47 ,50
01,000,00,009,0290,849 ,1229,6,1235,1696,0,2,1,2,0,1,0,0.00,72.82 ,50
01,000,00,009,0291,850 ,1314,13,1327,1822,0,2,1,2,0,1,0,0.00,72.83 ,50
01,000,00,009,0291,851 ,1111,11,1122,1507,0,2,1,2,0,1,0,0.00,74.45 ,50
01,000,00,009,0291,852 ,1237,12,1249,1778,0,2,1,2,0,1,0,0.00,70.25 ,50
01,000,00,009,0292,853 ,975,12,987,1325,0,2,1,2,0,1,0,0.00,74.49 ,50
01,000,00,009,0292,854 ,844,6,850,1217,0,2,1,2,0,1,0,0.00,69.84 ,50
01,000,00,009,0292,855 ,1017,8,1025,1415,0,2,1,2,0,1,0,0.00,72.44 ,50
01,000,00,009,0293,856 ,937,6,943,1268,0,2,1,2,0,1,0,0.00,74.37 ,50
01,000,00,009,0293,857 ,803,5,808,1184,0,2,1,2,0,1,0,0.00,68.24 ,50
01,000,00,009,0293,858 ,1083,8,1091,1509,0,2,1,2,0,1,0,0.00,72.30 ,50
01,000,00,009,0294,859 ,1333,6,1339,1869,0,2,1,2,0,1,0,0.00,71.64 ,50
01,000,00,009,0294,860 ,1345,11,1356,1835,0,2,1,2,0,1,0,0.00,73.90 ,50
01,000,00,009,0295,861 ,1021,4,1025,1370,0,2,1,2,0,1,0,0.00,74.82 ,50
01,000,00,009,0295,862 ,951,9,960,1319,0,2,1,2,0,1,0,0.00,72.78 ,50
01,000,00,009,0296,863 ,1317,6,1323,1766,0,2,1,2,0,1,0,0.00,74.92 ,50
01,000,00,009,0296,864 ,1185,14,1199,1620,0,2,1,2,0,1,0,0.00,74.01 ,50
01,000,00,009,0297,865 ,1165,11,1176,1500,0,2,1,2,0,1,0,0.00,78.40 ,50
01,000,00,009,0297,866 ,1173,3,1176,1464,0,2,1,2,0,1,0,0.00,80.33 ,50
01,000,00,009,0297,867 ,907,7,914,1186,0,2,1,2,0,1,0,0.00,77.07 ,50
01,000,00,009,0298,868 ,986,4,990,1308,0,2,1,2,0,1,0,0.00,75.69 ,50
01,000,00,009,0298,869 ,1033,8,1041,1341,0,2,1,2,0,1,0,0.00,77.63 ,50
01,000,00,009,0298,870 ,1222,6,1228,1602,0,2,1,2,0,1,0,0.00,76.65 ,50
01,000,00,009,0299,871 ,1088,7,1095,1544,0,2,1,2,0,1,0,0.00,70.92 ,50
01,000,00,009,0299,872 ,1320,7,1327,1878,0,2,1,2,0,1,0,0.00,70.66 ,50
01,000,00,009,0299,873 ,1331,10,1341,1774,0,2,1,2,0,1,0,0.00,75.59 ,50
01,000,00,009,0300,874 ,1131,8,1139,1581,0,2,1,2,0,1,0,0.00,72.04 ,50
01,000,00,009,0300,875 ,1231,0,1231,1642,0,2,1,2,0,1,0,0.00,74.97 ,50
01,000,00,009,0300,876 ,1419,8,1427,1840,0,2,1,2,0,1,0,0.00,77.55 ,50
01,000,00,009,0301,877 ,1052,7,1059,1551,0,2,1,2,0,1,0,0.00,68.28 ,50
01,000,00,009,0301,878 ,1140,4,1144,1625,0,2,1,2,0,1,0,0.00,70.40 ,50
01,000,00,009,0302,879 ,1118,6,1124,1482,0,2,1,2,0,1,0,0.00,75.84 ,50
01,000,00,009,0302,880 ,937,5,942,1248,0,2,1,2,0,1,0,0.00,75.48 ,50
01,000,00,009,0302,881 ,989,2,991,1448,0,2,1,2,0,1,0,0.00,68.44 ,50
01,000,00,009,0303,882 ,1319,9,1328,1748,0,2,1,2,0,1,0,0.00,75.97 ,50
01,000,00,009,0303,883 ,1103,6,1109,1531,0,2,1,2,0,1,0,0.00,72.44 ,50
01,000,00,009,0303,884 ,1112,9,1121,1593,0,2,1,2,0,1,0,0.00,70.37 ,50
01,000,00,009,0304,885 ,1126,10,1136,1522,0,2,1,2,0,1,0,0.00,74.64 ,50
01,000,00,009,0304,886 ,1005,12,1017,1437,0,2,1,2,0,1,0,0.00,70.77 ,50
01,000,00,009,0304,887 ,1225,6,1231,1709,0,2,1,2,0,1,0,0.00,72.03 ,50
01,000,00,009,0305,888 ,1007,5,1012,1415,0,2,1,2,0,1,0,0.00,71.52 ,50
01,000,00,009,0305,889 ,1078,7,1085,1516,0,2,1,2,0,1,0,0.00,71.57 ,50
01,000,00,009,0305,890 ,1050,5,1055,1523,0,2,1,2,0,1,0,0.00,69.27 ,50
01,000,00,009,0306,891 ,1193,15,1208,1542,0,2,1,2,0,1,0,0.00,78.34 ,50
01,000,00,009,0306,892 ,1348,7,1355,1824,0,2,1,2,0,1,0,0.00,74.29 ,50
01,000,00,009,0306,893 ,1301,16,1317,1775,0,2,1,2,0,1,0,0.00,74.20 ,50
01,000,00,009,0307,894 ,1304,10,1314,1837,0,2,1,2,0,1,0,0.00,71.53 ,50
01,000,00,009,0307,895 ,1192,16,1208,1614,0,2,1,2,0,1,0,0.00,74.85 ,50
01,000,00,009,0307,896 ,1035,11,1046,1422,0,2,1,2,0,1,0,0.00,73.56 ,50
01,000,00,009,0308,897 ,1024,11,1035,1329,0,2,1,2,0,1,0,0.00,77.88 ,50
01,000,00,009,0308,898 ,818,11,829,1084,0,2,1,2,0,1,0,0.00,76.48 ,50
01,000,00,009,0308,899 ,894,3,897,1197,0,2,1,2,0,1,0,0.00,74.94 ,50
01,000,00,009,0309,900 ,1297,9,1306,1809,0,2,1,2,0,1,0,0.00,72.19 ,50
01,000,00,009,0309,901 ,1104,7,1111,1569,0,2,1,2,0,1,0,0.00,70.81 ,50
01,000,00,009,0310,902 ,1353,12,1365,1894,0,2,1,2,0,1,0,0.00,72.07 ,50
01,000,00,009,0310,903 ,1169,10,1179,1605,0,2,1,2,0,1,0,0.00,73.46 ,50
01,000,00,009,0311,904 ,1255,13,1268,1744,0,2,1,2,0,1,0,0.00,72.71 ,50
01,000,00,009,0311,905 ,1069,10,1079,1492,0,2,1,2,0,1,0,0.00,72.32 ,50
01,000,00,009,0311,906 ,1187,4,1191,1726,0,2,1,2,0,1,0,0.00,69.00 ,50
01,000,00,009,0312,907 ,1092,4,1096,1435,0,2,1,2,0,1,0,0.00,76.38 ,50
01,000,00,009,0312,908 ,1126,9,1135,1552,0,2,1,2,0,1,0,0.00,73.13 ,50
01,000,00,009,0312,909 ,1176,9,1185,1550,0,2,1,2,0,1,0,0.00,76.45 ,50
01,000,00,009,0312,910 ,1205,5,1210,1547,0,2,1,2,0,1,0,0.00,78.22 ,50
01,000,00,009,0313,911 ,1040,5,1045,1430,0,2,1,2,0,1,0,0.00,73.08 ,50
01,000,00,009,0313,912 ,946,5,951,1328,0,2,1,2,0,1,0,0.00,71.61 ,50
01,000,00,009,0314,913 ,1041,10,1051,1471,0,2,1,2,0,1,0,0.00,71.45 ,50
01,000,00,009,0314,914 ,883,4,887,1234,0,2,1,2,0,1,0,0.00,71.88 ,50
01,000,00,009,0315,915 ,1234,6,1240,1644,0,2,1,2,0,1,0,0.00,75.43 ,50
01,000,00,009,0315,916 ,1313,7,1320,1787,0,2,1,2,0,1,0,0.00,73.87 ,50
01,000,00,009,0315,917 ,1185,7,1192,1679,0,2,1,2,0,1,0,0.00,70.99 ,50
01,000,00,009,0315,918 ,1270,7,1277,1721,0,2,1,2,0,1,0,0.00,74.20 ,50
01,000,00,009,0316,919 ,771,6,777,1134,0,2,1,2,0,1,0,0.00,68.52 ,50
01,000,00,009,0316,920 ,828,9,837,1414,0,2,1,2,0,1,0,0.00,59.19 ,50
01,000,00,009,0316,921 ,1057,10,1067,1409,0,2,1,2,0,1,0,0.00,75.73 ,50
01,000,00,009,0317,922 ,1120,10,1130,1484,0,2,1,2,0,1,0,0.00,76.15 ,50
01,000,00,009,0317,923 ,461,4,465,839,0,2,1,2,0,1,0,0.00,55.42 ,50
01,000,00,009,0318,924 ,1116,8,1124,1531,0,2,1,2,0,1,0,0.00,73.42 ,50
01,000,00,009,0318,925 ,1164,6,1170,1710,0,2,1,2,0,1,0,0.00,68.42 ,50
01,000,00,009,0318,926 ,1207,6,1213,1631,0,2,1,2,0,1,0,0.00,74.37 ,50
01,000,00,009,0318,927 ,1180,5,1185,1662,0,2,1,2,0,1,0,0.00,71.30 ,50
01,000,00,009,0319,928 ,1317,6,1323,1727,0,2,1,2,0,1,0,0.00,76.61 ,50
01,000,00,009,0319,929 ,1329,11,1340,1700,0,2,1,2,0,1,0,0.00,78.82 ,50
01,000,00,009,0319,930 ,1293,18,1311,1742,0,2,1,2,0,1,0,0.00,75.26 ,50
01,000,00,009,0320,931 ,699,4,703,985,0,2,1,2,0,1,0,0.00,71.37 ,50
01,000,00,009,0320,932 ,707,2,709,1077,0,2,1,2,0,1,0,0.00,65.83 ,50
01,000,00,009,0321,933 ,1232,18,1250,1632,0,2,1,2,0,1,0,0.00,76.59 ,50
01,000,00,009,0321,934 ,1218,7,1225,1575,0,2,1,2,0,1,0,0.00,77.78 ,50
01,000,00,009,0321,935 ,982,13,995,1302,0,2,1,2,0,1,0,0.00,76.42 ,50
01,000,00,009,0322,936 ,1146,4,1150,1497,0,2,1,2,0,1,0,0.00,76.82 ,50
01,000,00,009,0322,937 ,1132,10,1142,1456,0,2,1,2,0,1,0,0.00,78.43 ,50
01,000,00,009,0322,938 ,1100,6,1106,1408,0,2,1,2,0,1,0,0.00,78.55 ,50
01,000,00,009,0322,939 ,1211,4,1215,1562,0,2,1,2,0,1,0,0.00,77.78 ,50
01,000,00,009,0323,940 ,1253,11,1264,1645,0,2,1,2,0,1,0,0.00,76.84 ,50
01,000,00,009,0323,941 ,1227,14,1241,1648,0,2,1,2,0,1,0,0.00,75.30 ,50
01,000,00,009,0324,942 ,1025,6,1031,1493,0,2,1,2,0,1,0,0.00,69.06 ,50
01,000,00,009,0324,943 ,969,7,976,1413,0,2,1,2,0,1,0,0.00,69.07 ,50
01,000,00,009,0324,944 ,720,2,722,1148,0,2,1,2,0,1,0,0.00,62.89 ,50
01,000,00,009,0325,945 ,1152,24,1176,1699,0,2,1,2,0,1,0,0.00,69.22 ,50
01,000,00,009,0325,946 ,970,7,977,1469,0,2,1,2,0,1,0,0.00,66.51 ,50
01,000,00,009,0325,947 ,1074,7,1081,1592,0,2,1,2,0,1,0,0.00,67.90 ,50
01,000,00,009,0326,948 ,999,12,1011,1452,0,2,1,2,0,1,0,0.00,69.63 ,50
01,000,00,009,0326,949 ,1170,9,1179,1624,0,2,1,2,0,1,0,0.00,72.60 ,50
01,000,00,009,0326,950 ,1267,14,1281,1761,0,2,1,2,0,1,0,0.00,72.74 ,50
01,000,00,009,0327,951 ,855,10,865,1247,0,2,1,2,0,1,0,0.00,69.37 ,50
01,000,00,009,0327,952 ,869,3,872,1194,0,2,1,2,0,1,0,0.00,73.03 ,50
01,000,00,009,0327,953 ,917,7,924,1431,0,2,1,2,0,1,0,0.00,64.57 ,50
01,000,00,009,0328,954 ,1240,8,1248,1707,0,2,1,2,0,1,0,0.00,73.11 ,50
01,000,00,009,0328,955 ,1153,5,1158,1594,0,2,1,2,0,1,0,0.00,72.65 ,50
01,000,00,009,0328,956 ,1006,7,1013,1452,0,2,1,2,0,1,0,0.00,69.77 ,50
01,000,00,009,0329,957 ,1273,15,1288,1770,0,2,1,2,0,1,0,0.00,72.77 ,50
01,000,00,009,0329,958 ,1262,7,1269,1732,0,2,1,2,0,1,0,0.00,73.27 ,50
01,000,00,009,0330,959 ,869,9,878,1259,0,2,1,2,0,1,0,0.00,69.74 ,50
01,000,00,009,0330,960 ,1076,11,1087,1630,0,2,1,2,0,1,0,0.00,66.69 ,50
01,000,00,009,0330,961 ,981,3,984,1428,0,2,1,2,0,1,0,0.00,68.91 ,50
01,000,00,009,0330,962 ,738,3,741,1022,0,2,1,2,0,1,0,0.00,72.50 ,50
01,000,00,009,0331,963 ,1428,10,1438,1959,0,2,1,2,0,1,0,0.00,73.40 ,50
01,000,00,009,0331,964 ,1417,8,1425,1953,0,2,1,2,0,1,0,0.00,72.96 ,50
01,000,00,009,0331,965 ,1314,11,1325,1880,0,2,1,2,0,1,0,0.00,70.48 ,50
01,000,00,010,0332,966 ,1117,10,1127,1493,0,2,1,2,0,1,0,0.00,75.49 ,50
01,000,00,010,0332,967 ,1074,11,1085,1442,0,2,1,2,0,1,0,0.00,75.24 ,50
01,000,00,010,0333,968 ,656,4,660,1019,0,2,1,2,0,1,0,0.00,64.77 ,50
01,000,00,010,0333,969 ,948,11,959,1298,0,2,1,2,0,1,0,0.00,73.88 ,50
01,000,00,010,0334,970 ,821,4,825,1066,0,2,1,2,0,1,0,0.00,77.39 ,50
01,000,00,010,0334,971 ,800,7,807,1086,0,2,1,2,0,1,0,0.00,74.31 ,50
01,000,00,010,0335,972 ,1016,5,1021,1370,0,2,1,2,0,1,0,0.00,74.53 ,50
01,000,00,010,0335,973 ,855,2,857,1144,0,2,1,2,0,1,0,0.00,74.91 ,50
01,000,00,010,0335,974 ,1058,7,1065,1415,0,2,1,2,0,1,0,0.00,75.27 ,50
01,000,00,010,0336,975 ,822,11,833,1079,0,2,1,2,0,1,0,0.00,77.20 ,50
01,000,00,010,0336,976 ,647,8,655,922,0,2,1,2,0,1,0,0.00,71.04 ,50
01,000,00,010,0336,977 ,828,4,832,1135,0,2,1,2,0,1,0,0.00,73.30 ,50
01,000,00,010,0336,978 ,640,5,645,890,0,2,1,2,0,1,0,0.00,72.47 ,50
01,000,00,010,0337,979 ,861,2,863,1194,0,2,1,2,0,1,0,0.00,72.28 ,50
01,000,00,010,0337,980 ,829,4,833,1028,0,2,1,2,0,1,0,0.00,81.03 ,50
01,000,00,010,0337,981 ,833,7,840,1125,0,2,1,2,0,1,0,0.00,74.67 ,50
01,000,00,010,0337,982 ,897,8,905,1250,0,2,1,2,0,1,0,0.00,72.40 ,50
01,000,00,010,0338,983 ,806,6,812,1072,0,2,1,2,0,1,0,0.00,75.75 ,50
01,000,00,010,0338,984 ,909,5,914,1182,0,2,1,2,0,1,0,0.00,77.33 ,50
01,000,00,010,0338,985 ,874,9,883,1143,0,2,1,2,0,1,0,0.00,77.25 ,50
01,000,00,010,0338,986 ,862,12,874,1175,0,2,1,2,0,1,0,0.00,74.38 ,50
01,000,00,010,0339,987 ,1122,10,1132,1463,0,2,1,2,0,1,0,0.00,77.38 ,50
01,000,00,010,0339,988 ,992,10,1002,1331,0,2,1,2,0,1,0,0.00,75.28 ,50
01,000,00,010,0340,989 ,1018,10,1028,1313,0,2,1,2,0,1,0,0.00,78.29 ,50
01,000,00,010,0340,990 ,1137,11,1148,1453,0,2,1,2,0,1,0,0.00,79.01 ,50
01,000,00,010,0340,991 ,1046,6,1052,1339,0,2,1,2,0,1,0,0.00,78.57 ,50
01,000,00,010,0341,992 ,954,5,959,1235,0,2,1,2,0,1,0,0.00,77.65 ,50
01,000,00,010,0341,993 ,943,12,955,1210,0,2,1,2,0,1,0,0.00,78.93 ,50
01,000,00,010,0341,994 ,862,13,875,1159,0,2,1,2,0,1,0,0.00,75.50 ,50
01,000,00,010,0342,995 ,1129,4,1133,1438,0,2,1,2,0,1,0,0.00,78.79 ,50
01,000,00,010,0342,996 ,1098,8,1106,1454,0,2,1,2,0,1,0,0.00,76.07 ,50
01,000,00,010,0342,997 ,1181,10,1191,1533,0,2,1,2,0,1,0,0.00,77.69 ,50
01,000,00,010,0343,998 ,996,6,1002,1243,0,2,1,2,0,1,0,0.00,80.61 ,50
01,000,00,010,0343,999 ,986,5,991,1243,0,2,1,2,0,1,0,0.00,79.73 ,50
01,000,00,010,0343,1000 ,967,5,972,1305,0,2,1,2,0,1,0,0.00,74.48 ,50
01,000,00,010,0344,1001 ,904,7,911,1151,0,2,1,2,0,1,0,0.00,79.15 ,50
01,000,00,010,0344,1002 ,842,9,851,1111,0,2,1,2,0,1,0,0.00,76.60 ,50
01,000,00,010,0344,1003 ,885,8,893,1171,0,2,1,2,0,1,0,0.00,76.26 ,50
01,000,00,010,0344,1004 ,794,12,806,1072,0,2,1,2,0,1,0,0.00,75.19 ,50
01,000,00,010,0344,1005 ,786,3,789,1028,0,2,1,2,0,1,0,0.00,76.75 ,50
01,000,00,010,0345,1006 ,920,11,931,1259,0,2,1,2,0,1,0,0.00,73.95 ,50
01,000,00,010,0345,1007 ,837,10,847,1153,0,2,1,2,0,1,0,0.00,73.46 ,50
01,000,00,010,0345,1008 ,862,12,874,1163,0,2,1,2,0,1,0,0.00,75.15 ,50
01,000,00,010,0345,1009 ,959,12,971,1295,0,2,1,2,0,1,0,0.00,74.98 ,50
01,000,00,010,0345,1010 ,891,12,903,1169,0,2,1,2,0,1,0,0.00,77.25 ,50
01,000,00,010,0346,1011 ,927,18,945,1213,0,2,1,2,0,1,0,0.00,77.91 ,50
01,000,00,010,0346,1012 ,1055,14,1069,1427,0,2,1,2,0,1,0,0.00,74.91 ,50
01,000,00,010,0347,1013 ,1076,7,1083,1465,0,2,1,2,0,1,0,0.00,73.92 ,50
01,000,00,010,0347,1014 ,1028,5,1033,1417,0,2,1,2,0,1,0,0.00,72.90 ,50
01,000,00,010,0348,1015 ,905,18,923,1151,0,2,1,2,0,1,0,0.00,80.19 ,50
01,000,00,010,0348,1016 ,774,6,780,1081,0,2,1,2,0,1,0,0.00,72.16 ,50
01,000,00,010,0348,1017 ,774,15,789,1133,0,2,1,2,0,1,0,0.00,69.64 ,50
01,000,00,010,0349,1018 ,825,5,830,1129,0,2,1,2,0,1,0,0.00,73.52 ,50
01,000,00,010,0349,1019 ,937,4,941,1232,0,2,1,2,0,1,0,0.00,76.38 ,50
01,000,00,010,0349,1020 ,982,8,990,1227,0,2,1,2,0,1,0,0.00,80.68 ,50
01,000,00,010,0350,1021 ,917,7,924,1198,0,2,1,2,0,1,0,0.00,77.13 ,50
01,000,00,010,0350,1022 ,922,6,928,1236,0,2,1,2,0,1,0,0.00,75.08 ,50
01,000,00,010,0350,1023 ,891,6,897,1217,0,2,1,2,0,1,0,0.00,73.71 ,50
01,000,00,010,0350,1024 ,838,4,842,1104,0,2,1,2,0,1,0,0.00,76.27 ,50
01,000,00,010,0350,1025 ,903,2,905,1151,0,2,1,2,0,1,0,0.00,78.63 ,50
01,000,00,010,0351,1026 ,1158,9,1167,1524,0,2,1,2,0,1,0,0.00,76.57 ,50
01,000,00,010,0351,1027 ,1154,10,1164,1498,0,2,1,2,0,1,0,0.00,77.70 ,50
01,000,00,010,0351,1028 ,1093,6,1099,1416,0,2,1,2,0,1,0,0.00,77.61 ,50
01,000,00,010,0352,1029 ,1075,6,1081,1357,0,2,1,2,0,1,0,0.00,79.66 ,50
01,000,00,010,0352,1030 ,1136,8,1144,1394,0,2,1,2,0,1,0,0.00,82.07 ,50
01,000,00,010,0352,1031 ,995,4,999,1254,0,2,1,2,0,1,0,0.00,79.67 ,50
01,000,00,010,0352,1032 ,896,5,901,1150,0,2,1,2,0,1,0,0.00,78.35 ,50
01,000,00,010,0352,1033 ,967,13,980,1211,0,2,1,2,0,1,0,0.00,80.92 ,50
01,000,00,010,0353,1034 ,804,6,810,1259,0,2,1,2,0,1,0,0.00,64.34 ,50
01,000,00,010,0354,1035 ,1055,4,1059,1532,0,2,1,2,0,1,0,0.00,69.13 ,50
01,000,00,010,0354,1036 ,1015,13,1028,1467,0,2,1,2,0,1,0,0.00,70.07 ,50
01,000,00,010,0355,1037 ,736,13,749,1117,0,2,1,2,0,1,0,0.00,67.05 ,50
01,000,00,010,0355,1038 ,691,6,697,986,0,2,1,2,0,1,0,0.00,70.69 ,50
01,000,00,010,0356,1039 ,755,2,757,1008,0,2,1,2,0,1,0,0.00,75.10 ,50
01,000,00,010,0356,1040 ,734,3,737,979,0,2,1,2,0,1,0,0.00,75.28 ,50
01,000,00,010,0356,1041 ,750,7,757,979,0,2,1,2,0,1,0,0.00,77.32 ,50
01,000,00,010,0357,1042 ,891,10,901,1270,0,2,1,2,0,1,0,0.00,70.94 ,50
01,000,00,010,0357,1043 ,841,4,845,1178,0,2,1,2,0,1,0,0.00,71.73 ,50
01,000,00,010,0357,1044 ,870,13,883,1164,0,2,1,2,0,1,0,0.00,75.86 ,50
01,000,00,010,0358,1045 ,1116,6,1122,1570,0,2,1,2,0,1,0,0.00,71.46 ,50
01,000,00,010,0358,1046 ,582,6,588,876,0,2,1,2,0,1,0,0.00,67.12 ,50
01,000,00,010,0358,1047 ,792,4,796,1073,0,2,1,2,0,1,0,0.00,74.18 ,50
01,000,00,010,0359,1048 ,908,2,910,1253,0,2,1,2,0,1,0,0.00,72.63 ,50
01,000,00,010,0359,1049 ,988,13,1001,1434,0,2,1,2,0,1,0,0.00,69.80 ,50
01,000,00,010,0360,1050 ,1024,6,1030,1346,0,2,1,2,0,1,0,0.00,76.52 ,50
01,000,00,010,0360,1051 ,895,8,903,1264,0,2,1,2,0,1,0,0.00,71.44 ,50
01,000,00,010,0360,1052 ,923,8,931,1272,0,2,1,2,0,1,0,0.00,73.19 ,50
01,000,00,010,0361,1053 ,1044,6,1050,1312,0,2,1,2,0,1,0,0.00,80.03 ,50
01,000,00,010,0361,1054 ,962,8,970,1242,0,2,1,2,0,1,0,0.00,78.10 ,50
01,000,00,010,0361,1055 ,987,10,997,1274,0,2,1,2,0,1,0,0.00,78.26 ,50
01,000,00,010,0361,1056 ,1012,3,1015,1303,0,2,1,2,0,1,0,0.00,77.90 ,50
01,000,00,010,0362,1057 ,969,9,978,1283,0,2,1,2,0,1,0,0.00,76.23 ,50
01,000,00,010,0362,1058 ,810,8,818,1072,0,2,1,2,0,1,0,0.00,76.31 ,50
01,000,00,010,0362,1059 ,918,8,926,1254,0,2,1,2,0,1,0,0.00,73.84 ,50
01,000,00,010,0362,1060 ,842,5,847,1125,0,2,1,2,0,1,0,0.00,75.29 ,50
01,000,00,010,0362,1061 ,925,6,931,1290,0,2,1,2,0,1,0,0.00,72.17 ,50
01,000,00,011,0363,1062 ,1001,11,1012,1368,0,2,1,2,0,1,0,0.00,73.98 ,50
01,000,00,011,0363,1063 ,870,14,884,1315,0,2,1,2,0,1,0,0.00,67.22 ,50
01,000,00,011,0363,1064 ,871,10,881,1281,0,2,1,2,0,1,0,0.00,68.77 ,50
01,000,00,011,0364,1065 ,942,10,952,1407,0,2,1,2,0,1,0,0.00,67.66 ,50
01,000,00,011,0364,1066 ,822,15,837,1223,0,2,1,2,0,1,0,0.00,68.44 ,50
01,000,00,011,0365,1067 ,974,6,980,1404,0,2,1,2,0,1,0,0.00,69.80 ,50
01,000,00,011,0365,1068 ,1073,10,1083,1494,0,2,1,2,0,1,0,0.00,72.49 ,50
01,000,00,011,0366,1069 ,1031,13,1044,1325,0,2,1,2,0,1,0,0.00,78.79 ,50
01,000,00,011,0366,1070 ,1103,8,1111,1436,0,2,1,2,0,1,0,0.00,77.37 ,50
01,000,00,011,0366,1071 ,991,10,1001,1369,0,2,1,2,0,1,0,0.00,73.12 ,50
01,000,00,011,0366,1072 ,1086,10,1096,1364,0,2,1,2,0,1,0,0.00,80.35 ,50
01,000,00,011,0367,1073 ,1063,14,1077,1501,0,2,1,2,0,1,0,0.00,71.75 ,50
01,000,00,011,0367,1074 ,939,18,957,1189,0,2,1,2,0,1,0,0.00,80.49 ,50
01,000,00,011,0367,1075 ,1432,13,1445,1892,0,2,1,2,0,1,0,0.00,76.37 ,50
01,000,00,011,0368,1076 ,1033,13,1046,1378,0,2,1,2,0,1,0,0.00,75.91 ,50
01,000,00,011,0368,1077 ,1185,7,1192,1541,0,2,1,2,0,1,0,0.00,77.35 ,50
01,000,00,011,0368,1078 ,966,8,974,1311,0,2,1,2,0,1,0,0.00,74.29 ,50
01,000,00,011,0369,1079 ,1012,4,1016,1316,0,2,1,2,0,1,0,0.00,77.20 ,50
01,000,00,011,0369,1080 ,1063,9,1072,1412,0,2,1,2,0,1,0,0.00,75.92 ,50
01,000,00,011,0369,1081 ,951,2,953,1260,0,2,1,2,0,1,0,0.00,75.63 ,50
01,000,00,011,0370,1082 ,809,6,815,1028,0,2,1,2,0,1,0,0.00,79.28 ,50
01,000,00,011,0370,1083 ,862,10,872,1097,0,2,1,2,0,1,0,0.00,79.49 ,50
01,000,00,011,0370,1084 ,908,6,914,1188,0,2,1,2,0,1,0,0.00,76.94 ,50
01,000,00,011,0371,1085 ,857,6,863,1068,0,2,1,2,0,1,0,0.00,80.81 ,50
01,000,00,011,0371,1086 ,1052,6,1058,1343,0,2,1,2,0,1,0,0.00,78.78 ,50
01,000,00,011,0371,1087 ,998,6,1004,1258,0,2,1,2,0,1,0,0.00,79.81 ,50
01,000,00,011,0372,1088 ,966,9,975,1220,0,2,1,2,0,1,0,0.00,79.92 ,50
01,000,00,011,0372,1089 ,1010,13,1023,1283,0,2,1,2,0,1,0,0.00,79.73 ,50
01,000,00,011,0372,1090 ,1062,11,1073,1344,0,2,1,2,0,1,0,0.00,79.84 ,50
01,000,00,011,0373,1091 ,1148,10,1158,1467,0,2,1,2,0,1,0,0.00,78.94 ,50
01,000,00,011,0373,1092 ,879,11,890,1150,0,2,1,2,0,1,0,0.00,77.39 ,50
01,000,00,011,0373,1093 ,942,13,955,1223,0,2,1,2,0,1,0,0.00,78.09 ,50
01,000,00,011,0373,1094 ,891,3,894,1147,0,2,1,2,0,1,0,0.00,77.94 ,50
01,000,00,011,0373,1095 ,1243,10,1253,1574,0,2,1,2,0,1,0,0.00,79.61 ,50
01,000,00,011,0374,1096 ,1099,12,1111,1421,0,2,1,2,0,1,0,0.00,78.18 ,50
01,000,00,011,0374,1097 ,952,15,967,1260,0,2,1,2,0,1,0,0.00,76.75 ,50
01,000,00,011,0374,1098 ,1050,12,1062,1397,0,2,1,2,0,1,0,0.00,76.02 ,50
01,000,00,011,0375,1099 ,755,14,769,1046,0,2,1,2,0,1,0,0.00,73.52 ,50
01,000,00,011,0375,1100 ,907,5,912,1240,0,2,1,2,0,1,0,0.00,73.55 ,50
01,000,00,011,0375,1101 ,1022,7,1029,1335,0,2,1,2,0,1,0,0.00,77.08 ,50
01,000,00,011,0376,1102 ,1033,6,1039,1310,0,2,1,2,0,1,0,0.00,79.31 ,50
01,000,00,011,0376,1103 ,846,7,853,1088,0,2,1,2,0,1,0,0.00,78.40 ,50
01,000,00,011,0376,1104 ,948,5,953,1194,0,2,1,2,0,1,0,0.00,79.82 ,50
01,000,00,011,0376,1105 ,881,8,889,1114,0,2,1,2,0,1,0,0.00,79.80 ,50
01,000,00,011,0376,1106 ,890,8,898,1246,0,2,1,2,0,1,0,0.00,72.07 ,50
01,000,00,011,0376,1107 ,1079,12,1091,1376,0,2,1,2,0,1,0,0.00,79.29 ,50
01,000,00,011,0377,1108 ,818,8,826,1124,0,2,1,2,0,1,0,0.00,73.49 ,50
01,000,00,011,0377,1109 ,944,9,953,1277,0,2,1,2,0,1,0,0.00,74.63 ,50
01,000,00,011,0377,1110 ,852,3,855,1111,0,2,1,2,0,1,0,0.00,76.96 ,50
01,000,00,011,0378,1111 ,1312,11,1323,1713,0,2,1,2,0,1,0,0.00,77.23 ,50
01,000,00,011,0378,1112 ,1029,11,1040,1311,0,2,1,2,0,1,0,0.00,79.33 ,50
01,000,00,011,0378,1113 ,1176,6,1182,1522,0,2,1,2,0,1,0,0.00,77.66 ,50
01,000,00,011,0378,1114 ,1156,13,1169,1497,0,2,1,2,0,1,0,0.00,78.09 ,50
01,000,00,011,0379,1115 ,1068,10,1078,1367,0,2,1,2,0,1,0,0.00,78.86 ,50
01,000,00,011,0379,1116 ,829,14,843,1186,0,2,1,2,0,1,0,0.00,71.08 ,50
01,000,00,011,0379,1117 ,788,8,796,1130,0,2,1,2,0,1,0,0.00,70.44 ,50
01,000,00,011,0379,1118 ,951,9,960,1233,0,2,1,2,0,1,0,0.00,77.86 ,50
01,000,00,011,0380,1119 ,1151,7,1158,1483,0,2,1,2,0,1,0,0.00,78.08 ,50
01,000,00,011,0380,1120 ,1029,9,1038,1300,0,2,1,2,0,1,0,0.00,79.85 ,50
01,000,00,011,0380,1121 ,1022,8,1030,1300,0,2,1,2,0,1,0,0.00,79.23 ,50
01,000,00,011,0380,1122 ,1099,15,1114,1443,0,2,1,2,0,1,0,0.00,77.20 ,50
01,000,00,011,0380,1123 ,1010,15,1025,1427,0,2,1,2,0,1,0,0.00,71.83 ,50
01,000,00,011,0381,1124 ,967,18,985,1313,0,2,1,2,0,1,0,0.00,75.02 ,50
01,000,00,011,0381,1125 ,852,12,864,1120,0,2,1,2,0,1,0,0.00,77.14 ,50
01,000,00,011,0381,1126 ,815,9,824,1044,0,2,1,2,0,1,0,0.00,78.93 ,50
01,000,00,011,0381,1127 ,896,12,908,1163,0,2,1,2,0,1,0,0.00,78.07 ,50
01,000,00,011,0382,1128 ,743,12,755,965,0,2,1,2,0,1,0,0.00,78.24 ,50
01,000,00,011,0382,1129 ,784,6,790,985,0,2,1,2,0,1,0,0.00,80.20 ,50
01,000,00,011,0382,1130 ,896,9,905,1173,0,2,1,2,0,1,0,0.00,77.15 ,50
01,000,00,011,0383,1131 ,1177,10,1187,1574,0,2,1,2,0,1,0,0.00,75.41 ,50
01,000,00,011,0383,1132 ,1166,16,1182,1526,0,2,1,2,0,1,0,0.00,77.46 ,50
01,000,00,011,0383,1133 ,927,11,938,1294,0,2,1,2,0,1,0,0.00,72.49 ,50
01,000,00,011,0383,1134 ,1085,11,1096,1375,0,2,1,2,0,1,0,0.00,79.71 ,50
01,000,00,011,0384,1135 ,932,10,942,1232,0,2,1,2,0,1,0,0.00,76.46 ,50
01,000,00,011,0384,1136 ,993,12,1005,1271,0,2,1,2,0,1,0,0.00,79.07 ,50
01,000,00,011,0384,1137 ,892,8,900,1136,0,2,1,2,0,1,0,0.00,79.23 ,50
01,000,00,011,0385,1138 ,1161,16,1177,1487,0,2,1,2,0,1,0,0.00,79.15 ,50
01,000,00,011,0385,1139 ,976,7,983,1240,0,2,1,2,0,1,0,0.00,79.27 ,50
01,000,00,011,0386,1140 ,1141,7,1148,1464,0,2,1,2,0,1,0,0.00,78.42 ,50
01,000,00,011,0386,1141 ,1063,7,1070,1463,0,2,1,2,0,1,0,0.00,73.14 ,50
01,000,00,011,0386,1142 ,1094,10,1104,1553,0,2,1,2,0,1,0,0.00,71.09 ,50
01,000,00,011,0386,1143 ,1099,9,1108,1409,0,2,1,2,0,1,0,0.00,78.64 ,50
01,000,00,011,0387,1144 ,1181,11,1192,1520,0,2,1,2,0,1,0,0.00,78.42 ,50
01,000,00,011,0387,1145 ,1094,16,1110,1416,0,2,1,2,0,1,0,0.00,78.39 ,50
01,000,00,011,0387,1146 ,1017,7,1024,1334,0,2,1,2,0,1,0,0.00,76.76 ,50
01,000,00,011,0388,1147 ,756,7,763,1008,0,2,1,2,0,1,0,0.00,75.69 ,50
01,000,00,011,0388,1148 ,847,9,856,1086,0,2,1,2,0,1,0,0.00,78.82 ,50
01,000,00,011,0388,1149 ,931,9,940,1215,0,2,1,2,0,1,0,0.00,77.37 ,50
01,000,00,011,0389,1150 ,1002,9,1011,1248,0,2,1,2,0,1,0,0.00,81.01 ,50
01,000,00,011,0389,1151 ,997,9,1006,1244,0,2,1,2,0,1,0,0.00,80.87 ,50
01,000,00,011,0390,1152 ,921,16,937,1184,0,2,1,2,0,1,0,0.00,79.14 ,50
01,000,00,011,0390,1153 ,978,22,1000,1266,0,2,1,2,0,1,0,0.00,78.99 ,50
01,000,00,011,0390,1154 ,1104,13,1117,1443,0,2,1,2,0,1,0,0.00,77.41 ,50
01,000,00,011,0391,1155 ,768,13,781,972,0,2,1,2,0,1,0,0.00,80.35 ,50
01,000,00,011,0391,1156 ,897,14,911,1180,0,2,1,2,0,1,0,0.00,77.20 ,50
01,000,00,011,0391,1157 ,918,19,937,1173,0,2,1,2,0,1,0,0.00,79.88 ,50
01,000,00,011,0392,1158 ,1214,8,1222,1523,0,2,1,2,0,1,0,0.00,80.24 ,50
01,000,00,011,0392,1159 ,867,8,875,1140,0,2,1,2,0,1,0,0.00,76.75 ,50
01,000,00,011,0392,1160 ,1092,12,1104,1412,0,2,1,2,0,1,0,0.00,78.19 ,50
01,000,00,011,0393,1161 ,973,10,983,1265,0,2,1,2,0,1,0,0.00,77.71 ,50
01,000,00,011,0393,1162 ,1022,11,1033,1345,0,2,1,2,0,1,0,0.00,76.80 ,50
01,000,00,011,0393,1163 ,940,12,952,1272,0,2,1,2,0,1,0,0.00,74.84 ,50
01,000,00,011,0394,1164 ,885,12,897,1137,0,2,1,2,0,1,0,0.00,78.89 ,50
01,000,00,011,0394,1165 ,923,10,933,1228,0,2,1,2,0,1,0,0.00,75.98 ,50
01,000,00,011,0394,1166 ,1232,9,1241,1609,0,2,1,2,0,1,0,0.00,77.13 ,50
01,000,00,011,0394,1167 ,1070,5,1075,1358,0,2,1,2,0,1,0,0.00,79.16 ,50
01,000,00,011,0395,1168 ,949,14,963,1252,0,2,1,2,0,1,0,0.00,76.92 ,50
01,000,00,011,0395,1169 ,1155,10,1165,1525,0,2,1,2,0,1,0,0.00,76.39 ,50
01,000,00,011,0395,1170 ,976,7,983,1322,0,2,1,2,0,1,0,0.00,74.36 ,50
01,000,00,011,0396,1171 ,1027,8,1035,1320,0,2,1,2,0,1,0,0.00,78.41 ,50
01,000,00,011,0396,1172 ,1231,7,1238,1541,0,2,1,2,0,1,0,0.00,80.34 ,50
01,000,00,011,0396,1173 ,1220,15,1235,1616,0,2,1,2,0,1,0,0.00,76.42 ,50
01,000,00,011,0397,1174 ,928,17,945,1215,0,2,1,2,0,1,0,0.00,77.78 ,50
01,000,00,011,0397,1175 ,917,9,926,1164,0,2,1,2,0,1,0,0.00,79.55 ,50
01,000,00,011,0397,1176 ,1040,18,1058,1409,0,2,1,2,0,1,0,0.00,75.09 ,50
01,000,00,011,0398,1177 ,956,11,967,1255,0,2,1,2,0,1,0,0.00,77.05 ,50
01,000,00,011,0398,1178 ,973,8,981,1214,0,2,1,2,0,1,0,0.00,80.81 ,50
01,000,00,012,0399,1179 ,967,10,977,1291,0,2,1,2,0,1,0,0.00,75.68 ,50
01,000,00,012,0399,1180 ,895,9,904,1170,0,2,1,2,0,1,0,0.00,77.26 ,50
01,000,00,012,0399,1181 ,1051,8,1059,1390,0,2,1,2,0,1,0,0.00,76.19 ,50
01,000,00,012,0400,1182 ,1063,14,1077,1422,0,2,1,2,0,1,0,0.00,75.74 ,50
01,000,00,012,0400,1183 ,1144,10,1154,1546,0,2,1,2,0,1,0,0.00,74.64 ,50
01,000,00,012,0400,1184 ,1179,8,1187,1510,0,2,1,2,0,1,0,0.00,78.61 ,50
01,000,00,012,0401,1185 ,1292,11,1303,1684,0,2,1,2,0,1,0,0.00,77.38 ,50
01,000,00,012,0401,1186 ,1228,7,1235,1629,0,2,1,2,0,1,0,0.00,75.81 ,50
01,000,00,012,0402,1187 ,1083,11,1094,1380,0,2,1,2,0,1,0,0.00,79.28 ,50
01,000,00,012,0402,1188 ,1299,11,1310,1648,0,2,1,2,0,1,0,0.00,79.49 ,50
01,000,00,012,0402,1189 ,1320,8,1328,1656,0,2,1,2,0,1,0,0.00,80.19 ,50
01,000,00,012,0403,1190 ,868,14,882,1128,0,2,1,2,0,1,0,0.00,78.19 ,50
01,000,00,012,0403,1191 ,838,6,844,1065,0,2,1,2,0,1,0,0.00,79.25 ,50
01,000,00,012,0403,1192 ,844,12,856,1079,0,2,1,2,0,1,0,0.00,79.33 ,50
01,000,00,012,0404,1193 ,1186,13,1199,1591,0,2,1,2,0,1,0,0.00,75.36 ,50
01,000,00,012,0404,1194 ,1088,7,1095,1431,0,2,1,2,0,1,0,0.00,76.52 ,50
01,000,00,012,0404,1195 ,1087,9,1096,1408,0,2,1,2,0,1,0,0.00,77.84 ,50
01,000,00,012,0405,1196 ,867,6,873,1108,0,2,1,2,0,1,0,0.00,78.79 ,50
01,000,00,012,0405,1197 ,934,7,941,1239,0,2,1,2,0,1,0,0.00,75.95 ,50
01,000,00,012,0405,1198 ,1002,3,1005,1277,0,2,1,2,0,1,0,0.00,78.70 ,50
01,000,00,012,0406,1199 ,931,6,937,1237,0,2,1,2,0,1,0,0.00,75.75 ,50
01,000,00,012,0406,1200 ,912,8,920,1205,0,2,1,2,0,1,0,0.00,76.35 ,50
01,000,00,012,0406,1201 ,1071,11,1082,1333,0,2,1,2,0,1,0,0.00,81.17 ,50
01,000,00,012,0407,1202 ,1111,8,1119,1488,0,2,1,2,0,1,0,0.00,75.20 ,50
01,000,00,012,0407,1203 ,1074,8,1082,1409,0,2,1,2,0,1,0,0.00,76.79 ,50
01,000,00,012,0407,1204 ,1070,7,1077,1338,0,2,1,2,0,1,0,0.00,80.49 ,50
01,000,00,012,0408,1205 ,1076,11,1087,1498,0,2,1,2,0,1,0,0.00,72.56 ,50
01,000,00,012,0408,1206 ,990,12,1002,1342,0,2,1,2,0,1,0,0.00,74.66 ,50
01,000,00,012,0408,1207 ,1084,9,1093,1427,0,2,1,2,0,1,0,0.00,76.59 ,50
01,000,00,012,0409,1208 ,1217,12,1229,1536,0,2,1,2,0,1,0,0.00,80.01 ,50
01,000,00,012,0409,1209 ,1179,15,1194,1450,0,2,1,2,0,1,0,0.00,82.34 ,50
01,000,00,012,0410,1210 ,946,4,950,1253,0,2,1,2,0,1,0,0.00,75.82 ,50
01,000,00,012,0410,1211 ,868,6,874,1143,0,2,1,2,0,1,0,0.00,76.47 ,50
01,000,00,012,0410,1212 ,1020,5,1025,1343,0,2,1,2,0,1,0,0.00,76.32 ,50
01,000,00,012,0411,1213 ,1149,7,1156,1491,0,2,1,2,0,1,0,0.00,77.53 ,50
01,000,00,012,0411,1214 ,1113,15,1128,1466,0,2,1,2,0,1,0,0.00,76.94 ,50
01,000,00,012,0411,1215 ,803,4,807,1054,0,2,1,2,0,1,0,0.00,76.57 ,50
01,000,00,012,0411,1216 ,918,4,922,1156,0,2,1,2,0,1,0,0.00,79.76 ,50
01,000,00,012,0412,1217 ,1142,8,1150,1550,0,2,1,2,0,1,0,0.00,74.19 ,50
01,000,00,012,0412,1218 ,1218,13,1231,1646,0,2,1,2,0,1,0,0.00,74.79 ,50
01,000,00,012,0413,1219 ,1187,4,1191,1513,0,2,1,2,0,1,0,0.00,78.72 ,50
01,000,00,012,0413,1220 ,836,12,848,1096,0,2,1,2,0,1,0,0.00,77.37 ,50
01,000,00,012,0413,1221 ,1280,14,1294,1646,0,2,1,2,0,1,0,0.00,78.61 ,50
01,000,00,012,0414,1222 ,1156,20,1176,1569,0,2,1,2,0,1,0,0.00,74.95 ,50
01,000,00,012,0414,1223 ,1177,9,1186,1552,0,2,1,2,0,1,0,0.00,76.42 ,50
01,000,00,012,0414,1224 ,1120,7,1127,1525,0,2,1,2,0,1,0,0.00,73.90 ,50
01,000,00,012,0415,1225 ,968,6,974,1283,0,2,1,2,0,1,0,0.00,75.92 ,50
01,000,00,012,0415,1226 ,1079,5,1084,1379,0,2,1,2,0,1,0,0.00,78.61 ,50
01,000,00,012,0415,1227 ,1010,8,1018,1359,0,2,1,2,0,1,0,0.00,74.91 ,50
01,000,00,012,0416,1228 ,975,8,983,1295,0,2,1,2,0,1,0,0.00,75.91 ,50
01,000,00,012,0416,1229 ,1104,11,1115,1491,0,2,1,2,0,1,0,0.00,74.78 ,50
01,000,00,012,0416,1230 ,786,5,791,1063,0,2,1,2,0,1,0,0.00,74.41 ,50
01,000,00,012,0417,1231 ,1097,10,1107,1429,0,2,1,2,0,1,0,0.00,77.47 ,50
01,000,00,012,0417,1232 ,1138,10,1148,1460,0,2,1,2,0,1,0,0.00,78.63 ,50
01,000,00,012,0417,1233 ,1213,15,1228,1526,0,2,1,2,0,1,0,0.00,80.47 ,50
01,000,00,012,0418,1234 ,984,16,1000,1298,0,2,1,2,0,1,0,0.00,77.04 ,50
01,000,00,012,0418,1235 ,960,13,973,1266,0,2,1,2,0,1,0,0.00,76.86 ,50
01,000,00,012,0418,1236 ,1051,11,1062,1397,0,2,1,2,0,1,0,0.00,76.02 ,50
01,000,00,012,0419,1237 ,1092,6,1098,1383,0,2,1,2,0,1,0,0.00,79.39 ,50
01,000,00,012,0419,1238 ,1026,8,1034,1313,0,2,1,2,0,1,0,0.00,78.75 ,50
01,000,00,012,0420,1239 ,1101,8,1109,1457,0,2,1,2,0,1,0,0.00,76.12 ,50
01,000,00,012,0420,1240 ,1249,12,1261,1653,0,2,1,2,0,1,0,0.00,76.29 ,50
01,000,00,012,0421,1241 ,1167,10,1177,1451,0,2,1,2,0,1,0,0.00,81.12 ,50
01,000,00,012,0421,1242 ,1084,8,1092,1418,0,2,1,2,0,1,0,0.00,77.01 ,50
01,000,00,012,0421,1243 ,1243,6,1249,1651,0,2,1,2,0,1,0,0.00,75.65 ,50
01,000,00,012,0422,1244 ,1104,10,1114,1399,0,2,1,2,0,1,0,0.00,79.63 ,50
01,000,00,012,0422,1245 ,970,9,979,1282,0,2,1,2,0,1,0,0.00,76.37 ,50
01,000,00,012,0422,1246 ,888,5,893,1163,0,2,1,2,0,1,0,0.00,76.78 ,50
01,000,00,012,0422,1247 ,974,5,979,1271,0,2,1,2,0,1,0,0.00,77.03 ,50
01,000,00,012,0423,1248 ,890,10,900,1190,0,2,1,2,0,1,0,0.00,75.63 ,50
01,000,00,012,0423,1249 ,910,10,920,1267,0,2,1,2,0,1,0,0.00,72.61 ,50
01,000,00,012,0423,1250 ,720,14,734,1031,0,2,1,2,0,1,0,0.00,71.19 ,50
01,000,00,012,0424,1251 ,1079,4,1083,1412,0,2,1,2,0,1,0,0.00,76.70 ,50
01,000,00,012,0424,1252 ,1118,11,1129,1478,0,2,1,2,0,1,0,0.00,76.39 ,50
01,000,00,012,0424,1253 ,1129,4,1133,1448,0,2,1,2,0,1,0,0.00,78.25 ,50
01,000,00,012,0425,1254 ,942,7,949,1235,0,2,1,2,0,1,0,0.00,76.84 ,50
01,000,00,012,0425,1255 ,1113,9,1122,1406,0,2,1,2,0,1,0,0.00,79.80 ,50
01,000,00,012,0425,1256 ,1086,9,1095,1329,0,2,1,2,0,1,0,0.00,82.39 ,50
01,000,00,012,0425,1257 ,1060,8,1068,1375,0,2,1,2,0,1,0,0.00,77.67 ,50
01,000,00,012,0426,1258 ,1133,24,1157,1534,0,2,1,2,0,1,0,0.00,75.42 ,50
01,000,00,012,0426,1259 ,1043,10,1053,1370,0,2,1,2,0,1,0,0.00,76.86 ,50
01,000,00,012,0426,1260 ,1140,7,1147,1489,0,2,1,2,0,1,0,0.00,77.03 ,50
01,000,00,012,0426,1261 ,1224,10,1234,1585,0,2,1,2,0,1,0,0.00,77.85 ,50
01,000,00,012,0427,1262 ,1110,13,1123,1446,0,2,1,2,0,1,0,0.00,77.66 ,50
01,000,00,012,0427,1263 ,1190,9,1199,1525,0,2,1,2,0,1,0,0.00,78.62 ,50
01,000,00,012,0427,1264 ,1095,5,1100,1398,0,2,1,2,0,1,0,0.00,78.68 ,50
01,000,00,012,0427,1265 ,1084,19,1103,1372,0,2,1,2,0,1,0,0.00,80.39 ,50
01,000,00,012,0427,1266 ,1066,9,1075,1352,0,2,1,2,0,1,0,0.00,79.51 ,50
01,000,00,012,0428,1267 ,989,7,996,1280,0,2,1,2,0,1,0,0.00,77.81 ,50
01,000,00,012,0428,1268 ,1070,7,1077,1302,0,2,1,2,0,1,0,0.00,82.72 ,50
01,000,00,012,0428,1269 ,909,7,916,1187,0,2,1,2,0,1,0,0.00,77.17 ,50
01,000,00,012,0428,1270 ,962,7,969,1245,0,2,1,2,0,1,0,0.00,77.83 ,50
01,000,00,012,0428,1271 ,1012,10,1022,1277,0,2,1,2,0,1,0,0.00,80.03 ,50
01,000,00,012,0429,1272 ,932,6,938,1177,0,2,1,2,0,1,0,0.00,79.69 ,50
01,000,00,012,0429,1273 ,884,5,889,1129,0,2,1,2,0,1,0,0.00,78.74 ,50
01,000,00,012,0429,1274 ,803,11,814,1052,0,2,1,2,0,1,0,0.00,77.38 ,50
01,000,00,012,0429,1275 ,968,7,975,1285,0,2,1,2,0,1,0,0.00,75.88 ,50
01,000,00,012,0429,1276 ,1051,8,1059,1321,0,2,1,2,0,1,0,0.00,80.17 ,50
01,000,00,012,0429,1277 ,1095,9,1104,1401,0,2,1,2,0,1,0,0.00,78.80 ,50
01,000,00,012,0430,1278 ,1174,11,1185,1511,0,2,1,2,0,1,0,0.00,78.42 ,50
01,000,00,012,0430,1279 ,993,9,1002,1258,0,2,1,2,0,1,0,0.00,79.65 ,50
01,000,00,012,0430,1280 ,1051,12,1063,1356,0,2,1,2,0,1,0,0.00,78.39 ,50
01,000,00,012,0430,1281 ,1054,5,1059,1308,0,2,1,2,0,1,0,0.00,80.96 ,50
01,000,00,012,0430,1282 ,912,7,919,1169,0,2,1,2,0,1,0,0.00,78.61 ,50
01,000,00,012,0431,1283 ,608,8,616,784,0,2,1,2,0,1,0,0.00,78.57 ,50
01,000,00,012,0431,1284 ,1257,8,1265,1597,0,2,1,2,0,1,0,0.00,79.21 ,50
01,000,00,012,0431,1285 ,1319,16,1335,1644,0,2,1,2,0,1,0,0.00,81.20 ,50
01,000,00,012,0431,1286 ,1132,12,1144,1437,0,2,1,2,0,1,0,0.00,79.61 ,50
01,000,00,012,0431,1287 ,1186,8,1194,1568,0,2,1,2,0,1,0,0.00,76.15 ,50
01,000,00,012,0432,1288 ,1003,15,1018,1342,0,2,1,2,0,1,0,0.00,75.86 ,50
01,000,00,012,0432,1289 ,1158,7,1165,1571,0,2,1,2,0,1,0,0.00,74.16 ,50
01,000,00,012,0433,1290 ,778,3,781,1163,0,2,1,2,0,1,0,0.00,67.15 ,50
01,000,00,012,0433,1291 ,938,5,943,1212,0,2,1,2,0,1,0,0.00,77.81 ,50
01,000,00,012,0433,1292 ,976,14,990,1311,0,2,1,2,0,1,0,0.00,75.51 ,50
01,000,00,012,0433,1293 ,902,20,922,1214,0,2,1,2,0,1,0,0.00,75.95 ,50
01,000,00,012,0434,1294 ,971,4,975,1259,0,2,1,2,0,1,0,0.00,77.44 ,50
01,000,00,012,0434,1295 ,527,10,537,677,0,2,1,2,0,1,0,0.00,79.32 ,50
01,000,00,012,0435,1296 ,477,3,480,588,0,2,1,2,0,1,0,0.00,81.63 ,50
02,000,00,001,0001,1 ,788,9,797,981,0,2,1,2,0,1,0,0.00,81.24 ,50
02,000,00,001,0002,2 ,1011,11,1022,1310,0,2,1,2,0,1,0,0.00,78.02 ,50
02,000,00,001,0003,3 ,537,3,540,690,0,2,1,2,0,1,0,0.00,78.26 ,50
02,000,00,001,0004,4 ,586,15,601,750,0,2,1,2,0,1,0,0.00,80.13 ,50
02,000,00,001,0005,5 ,1097,6,1103,1386,0,2,1,2,0,1,0,0.00,79.58 ,50
02,000,00,001,0006,6 ,976,8,984,1224,0,2,1,2,0,1,0,0.00,80.39 ,50
02,000,00,001,0007,7 ,564,8,572,714,0,2,1,2,0,1,0,0.00,80.11 ,50
02,000,00,001,0008,8 ,1300,19,1319,1756,0,2,1,2,0,1,0,0.00,75.11 ,50
02,000,00,001,0009,9 ,608,3,611,768,0,2,1,2,0,1,0,0.00,79.56 ,50
02,000,00,001,0010,10 ,606,4,610,770,0,2,1,2,0,1,0,0.00,79.22 ,50
02,000,00,001,0011,11 ,1744,19,1763,2255,0,2,1,2,0,1,0,0.00,78.18 ,50
02,000,00,001,0012,12 ,990,5,995,1311,0,2,1,2,0,1,0,0.00,75.90 ,50
02,000,00,001,0013,13 ,571,4,575,723,0,2,1,2,0,1,0,0.00,79.53 ,50
02,000,00,001,0014,14 ,941,14,955,1237,0,2,1,2,0,1,0,0.00,77.20 ,50
02,000,00,001,0015,15 ,715,5,720,940,0,2,1,2,0,1,0,0.00,76.60 ,50
02,000,00,001,0016,16 ,666,9,675,866,0,2,1,2,0,1,0,0.00,77.94 ,50
02,000,00,001,0017,17 ,1478,12,1490,1924,0,2,1,2,0,1,0,0.00,77.44 ,50
02,000,00,001,0018,18 ,930,6,936,1231,0,2,1,2,0,1,0,0.00,76.04 ,50
02,000,00,001,0019,19 ,849,7,856,1147,0,2,1,2,0,1,0,0.00,74.63 ,50
02,000,00,001,0020,20 ,678,6,684,903,0,2,1,2,0,1,0,0.00,75.75 ,50
02,000,00,001,0021,21 ,838,10,848,1065,0,2,1,2,0,1,0,0.00,79.62 ,50
02,000,00,002,0022,22 ,1613,14,1627,2074,0,2,1,2,0,1,0,0.00,78.45 ,50
02,000,00,002,0023,23 ,806,7,813,997,0,2,1,2,0,1,0,0.00,81.54 ,50
02,000,00,002,0023,24 ,832,11,843,1051,0,2,1,2,0,1,0,0.00,80.21 ,50
02,000,00,002,0024,25 ,1059,9,1068,1347,0,2,1,2,0,1,0,0.00,79.29 ,50
02,000,00,002,0024,26 ,1250,8,1258,1504,0,2,1,2,0,1,0,0.00,83.64 ,50
02,000,00,002,0024,27 ,955,8,963,1198,0,2,1,2,0,1,0,0.00,80.38 ,50
02,000,00,002,0025,28 ,1082,6,1088,1419,0,2,1,2,0,1,0,0.00,76.67 ,50
02,000,00,002,0025,29 ,890,7,897,1128,0,2,1,2,0,1,0,0.00,79.52 ,50
02,000,00,002,0025,30 ,1100,9,1109,1376,0,2,1,2,0,1,0,0.00,80.60 ,50
02,000,00,002,0026,31 ,1168,9,1177,1507,0,2,1,2,0,1,0,0.00,78.10 ,50
02,000,00,002,0027,32 ,680,7,687,884,0,2,1,2,0,1,0,0.00,77.71 ,50
02,000,00,002,0028,33 ,950,15,965,1207,0,2,1,2,0,1,0,0.00,79.95 ,50
02,000,00,002,0029,34 ,860,8,868,1065,0,2,1,2,0,1,0,0.00,81.50 ,50
02,000,00,002,0029,35 ,801,9,810,1000,0,2,1,2,0,1,0,0.00,81.00 ,50
02,000,00,002,0030,36 ,1205,12,1217,1573,0,2,1,2,0,1,0,0.00,77.37 ,50
02,000,00,002,0031,37 ,1152,14,1166,1525,0,2,1,2,0,1,0,0.00,76.46 ,50
02,000,00,002,0031,38 ,1299,11,1310,1649,0,2,1,2,0,1,0,0.00,79.44 ,50
02,000,00,002,0031,39 ,1091,13,1104,1414,0,2,1,2,0,1,0,0.00,78.08 ,50
02,000,00,002,0032,40 ,1133,12,1145,1508,0,2,1,2,0,1,0,0.00,75.93 ,50
02,000,00,002,0033,41 ,1045,7,1052,1340,0,2,1,2,0,1,0,0.00,78.51 ,50
02,000,00,002,0033,42 ,1205,12,1217,1526,0,2,1,2,0,1,0,0.00,79.75 ,50
02,000,00,002,0034,43 ,1643,20,1663,2042,0,2,1,2,0,1,0,0.00,81.44 ,50
02,000,00,002,0035,44 ,740,9,749,981,0,2,1,2,0,1,0,0.00,76.35 ,50
02,000,00,002,0035,45 ,764,6,770,983,0,2,1,2,0,1,0,0.00,78.33 ,50
02,000,00,002,0036,46 ,1321,17,1338,1707,0,2,1,2,0,1,0,0.00,78.38 ,50
02,000,00,002,0036,47 ,1805,19,1824,2351,0,2,1,2,0,1,0,0.00,77.58 ,50
02,000,00,002,0037,48 ,1512,10,1522,1877,0,2,1,2,0,1,0,0.00,81.09 ,50
02,000,00,002,0037,49 ,1630,11,1641,2153,0,2,1,2,0,1,0,0.00,76.22 ,50
02,000,00,002,0037,50 ,1349,8,1357,1694,0,2,1,2,0,1,0,0.00,80.11 ,50
02,000,00,002,0038,51 ,1037,5,1042,1367,0,2,1,2,0,1,0,0.00,76.23 ,50
02,000,00,002,0039,52 ,1163,7,1170,1467,0,2,1,2,0,1,0,0.00,79.75 ,50
02,000,00,002,0039,53 ,1285,9,1294,1631,0,2,1,2,0,1,0,0.00,79.34 ,50
02,000,00,002,0040,54 ,796,2,798,1001,0,2,1,2,0,1,0,0.00,79.72 ,50
02,000,00,002,0040,55 ,989,2,991,1280,0,2,1,2,0,1,0,0.00,77.42 ,50
02,000,00,002,0041,56 ,928,4,932,1186,0,2,1,2,0,1,0,0.00,78.58 ,50
02,000,00,002,0041,57 ,772,8,780,1015,0,2,1,2,0,1,0,0.00,76.85 ,50
02,000,00,002,0042,58 ,702,4,706,916,0,2,1,2,0,1,0,0.00,77.07 ,50
02,000,00,002,0042,59 ,678,11,689,891,0,2,1,2,0,1,0,0.00,77.33 ,50
02,000,00,002,0043,60 ,780,6,786,995,0,2,1,2,0,1,0,0.00,78.99 ,50
02,000,00,002,0044,61 ,742,9,751,969,0,2,1,2,0,1,0,0.00,77.50 ,50
02,000,00,002,0045,62 ,1355,12,1367,1736,0,2,1,2,0,1,0,0.00,78.74 ,50
02,000,00,002,0046,63 ,744,9,753,995,0,2,1,2,0,1,0,0.00,75.68 ,50
02,000,00,002,0046,64 ,691,5,696,913,0,2,1,2,0,1,0,0.00,76.23 ,50
02,000,00,002,0047,65 ,1213,13,1226,1565,0,2,1,2,0,1,0,0.00,78.34 ,50
02,000,00,002,0048,66 ,1317,12,1329,1718,0,2,1,2,0,1,0,0.00,77.36 ,50
02,000,00,002,0049,67 ,1207,19,1226,1605,0,2,1,2,0,1,0,0.00,76.39 ,50
02,000,00,002,0050,68 ,621,11,632,884,0,2,1,2,0,1,0,0.00,71.49 ,50
02,000,00,002,0051,69 ,956,13,969,1270,0,2,1,2,0,1,0,0.00,76.30 ,50
02,000,00,002,0052,70 ,985,8,993,1299,0,2,1,2,0,1,0,0.00,76.44 ,50
02,000,00,002,0053,71 ,857,5,862,1124,0,2,1,2,0,1,0,0.00,76.69 ,50
02,000,00,002,0054,72 ,1277,11,1288,1695,0,2,1,2,0,1,0,0.00,75.99 ,50
02,000,00,002,0055,73 ,937,14,951,1284,0,2,1,2,0,1,0,0.00,74.07 ,50
02,000,00,002,0056,74 ,1113,20,1133,1516,0,2,1,2,0,1,0,0.00,74.74 ,50
02,000,00,002,0057,75 ,1293,15,1308,1796,0,2,1,2,0,1,0,0.00,72.83 ,50
02,000,00,002,0058,76 ,882,8,890,1141,0,2,1,2,0,1,0,0.00,78.00 ,50
02,000,00,002,0059,77 ,420,1,421,524,0,2,1,2,0,1,0,0.00,80.34 ,50
02,000,00,003,0060,78 ,741,11,752,967,0,2,1,2,0,1,0,0.00,77.77 ,50
02,000,00,003,0060,79 ,649,10,659,857,0,2,1,2,0,1,0,0.00,76.90 ,50
02,000,00,003,0061,80 ,1117,14,1131,1399,0,2,1,2,0,1,0,0.00,80.84 ,50
02,000,00,003,0062,81 ,633,6,639,808,0,2,1,2,0,1,0,0.00,79.08 ,50
02,000,00,003,0063,82 ,575,7,582,730,0,2,1,2,0,1,0,0.00,79.73 ,50
02,000,00,003,0064,83 ,528,8,536,657,0,2,1,2,0,1,0,0.00,81.58 ,50
02,000,00,003,0065,84 ,813,10,823,1012,0,2,1,2,0,1,0,0.00,81.32 ,50
02,000,00,003,0066,85 ,830,15,845,1118,0,2,1,2,0,1,0,0.00,75.58 ,50
02,000,00,003,0067,86 ,738,7,745,954,0,2,1,2,0,1,0,0.00,78.09 ,50
02,000,00,003,0068,87 ,916,9,925,1171,0,2,1,2,0,1,0,0.00,78.99 ,50
02,000,00,003,0068,88 ,1089,11,1100,1437,0,2,1,2,0,1,0,0.00,76.55 ,50
02,000,00,003,0069,89 ,1363,14,1377,1763,0,2,1,2,0,1,0,0.00,78.11 ,50
02,000,00,003,0070,90 ,945,17,962,1210,0,2,1,2,0,1,0,0.00,79.50 ,50
02,000,00,003,0070,91 ,586,10,596,764,0,2,1,2,0,1,0,0.00,78.01 ,50
02,000,00,003,0071,92 ,669,8,677,835,0,2,1,2,0,1,0,0.00,81.08 ,50
02,000,00,003,0072,93 ,1567,21,1588,1996,0,2,1,2,0,1,0,0.00,79.56 ,50
02,000,00,003,0073,94 ,1060,15,1075,1366,0,2,1,2,0,1,0,0.00,78.70 ,50
02,000,00,003,0074,95 ,691,4,695,899,0,2,1,2,0,1,0,0.00,77.31 ,50
02,000,00,003,0074,96 ,688,4,692,882,0,2,1,2,0,1,0,0.00,78.46 ,50
02,000,00,003,0075,97 ,971,12,983,1228,0,2,1,2,0,1,0,0.00,80.05 ,50
02,000,00,003,0075,98 ,1104,12,1116,1383,0,2,1,2,0,1,0,0.00,80.69 ,50
02,000,00,003,0076,99 ,1183,2,1185,1478,0,2,1,2,0,1,0,0.00,80.18 ,50
02,000,00,003,0077,100 ,733,2,735,908,0,2,1,2,0,1,0,0.00,80.95 ,50
02,000,00,003,0077,101 ,871,11,882,1096,0,2,1,2,0,1,0,0.00,80.47 ,50
02,000,00,003,0078,102 ,1291,13,1304,1606,0,2,1,2,0,1,0,0.00,81.20 ,50
02,000,00,003,0079,103 ,823,3,826,1005,0,2,1,2,0,1,0,0.00,82.19 ,50
02,000,00,003,0080,104 ,1046,10,1056,1300,0,2,1,2,0,1,0,0.00,81.23 ,50
02,000,00,003,0081,105 ,774,12,786,1053,0,2,1,2,0,1,0,0.00,74.64 ,50
02,000,00,003,0082,106 ,383,4,387,482,0,2,1,2,0,1,0,0.00,80.29 ,50
02,000,00,003,0083,107 ,475,2,477,594,0,2,1,2,0,1,0,0.00,80.30 ,50
02,000,00,003,0084,108 ,506,8,514,616,0,2,1,2,0,1,0,0.00,83.44 ,50
02,000,00,003,0085,109 ,631,3,634,818,0,2,1,2,0,1,0,0.00,77.51 ,50
02,000,00,003,0086,110 ,459,4,463,580,0,2,1,2,0,1,0,0.00,79.83 ,50
02,000,00,003,0087,111 ,672,10,682,829,0,2,1,2,0,1,0,0.00,82.27 ,50
02,000,00,003,0088,112 ,997,7,1004,1242,0,2,1,2,0,1,0,0.00,80.84 ,50
02,000,00,003,0089,113 ,1198,12,1210,1559,0,2,1,2,0,1,0,0.00,77.61 ,50
02,000,00,003,0090,114 ,576,6,582,746,0,2,1,2,0,1,0,0.00,78.02 ,50
02,000,00,003,0090,115 ,537,10,547,671,0,2,1,2,0,1,0,0.00,81.52 ,50
02,000,00,003,0091,116 ,1185,8,1193,1475,0,2,1,2,0,1,0,0.00,80.88 ,50
02,000,00,003,0092,117 ,1572,24,1596,1925,0,2,1,2,0,1,0,0.00,82.91 ,50
02,000,00,003,0093,118 ,1035,3,1038,1259,0,2,1,2,0,1,0,0.00,82.45 ,50
02,000,00,003,0094,119 ,1281,18,1299,1645,0,2,1,2,0,1,0,0.00,78.97 ,50
02,000,00,003,0094,120 ,826,4,830,1054,0,2,1,2,0,1,0,0.00,78.75 ,50
02,000,00,003,0095,121 ,941,12,953,1176,0,2,1,2,0,1,0,0.00,81.04 ,50
02,000,00,003,0095,122 ,806,10,816,1011,0,2,1,2,0,1,0,0.00,80.71 ,50
02,000,00,003,0096,123 ,1287,12,1299,1697,0,2,1,2,0,1,0,0.00,76.55 ,50
02,000,00,003,0097,124 ,846,8,854,1067,0,2,1,2,0,1,0,0.00,80.04 ,50
02,000,00,003,0097,125 ,738,6,744,912,0,2,1,2,0,1,0,0.00,81.58 ,50
02,000,00,003,0098,126 ,1672,13,1685,2111,0,2,1,2,0,1,0,0.00,79.82 ,50
02,000,00,003,0098,127 ,852,7,859,1086,0,2,1,2,0,1,0,0.00,79.10 ,50
02,000,00,003,0098,128 ,852,6,858,1078,0,2,1,2,0,1,0,0.00,79.59 ,50
02,000,00,003,0098,129 ,941,5,946,1172,0,2,1,2,0,1,0,0.00,80.72 ,50
02,000,00,003,0099,130 ,1049,11,1060,1338,0,2,1,2,0,1,0,0.00,79.22 ,50
02,000,00,003,0099,131 ,1310,14,1324,1725,0,2,1,2,0,1,0,0.00,76.75 ,50
02,000,00,003,0099,132 ,1124,10,1134,1536,0,2,1,2,0,1,0,0.00,73.83 ,50
02,000,00,003,0099,133 ,913,9,922,1220,0,2,1,2,0,1,0,0.00,75.57 ,50
02,000,00,003,0099,134 ,1304,4,1308,1754,0,2,1,2,0,1,0,0.00,74.57 ,50
02,000,00,003,0099,135 ,1340,18,1358,1807,0,2,1,2,0,1,0,0.00,75.15 ,50
02,000,00,003,0099,136 ,973,8,981,1220,0,2,1,2,0,1,0,0.00,80.41 ,50
02,000,00,003,0100,137 ,1169,11,1180,1529,0,2,1,2,0,1,0,0.00,77.17 ,50
02,000,00,003,0100,138 ,532,9,541,680,0,2,1,2,0,1,0,0.00,79.56 ,50
02,000,00,003,0100,139 ,1220,20,1240,1613,0,2,1,2,0,1,0,0.00,76.88 ,50
02,000,00,003,0101,140 ,1031,10,1041,1289,0,2,1,2,0,1,0,0.00,80.76 ,50
02,000,00,003,0101,141 ,985,11,996,1272,0,2,1,2,0,1,0,0.00,78.30 ,50
02,000,00,003,0101,142 ,1001,7,1008,1289,0,2,1,2,0,1,0,0.00,78.20 ,50
02,000,00,003,0102,143 ,1442,19,1461,1879,0,2,1,2,0,1,0,0.00,77.75 ,50
02,000,00,003,0102,144 ,1070,12,1082,1401,0,2,1,2,0,1,0,0.00,77.23 ,50
02,000,00,003,0102,145 ,1520,14,1534,2034,0,2,1,2,0,1,0,0.00,75.42 ,50
02,000,00,003,0103,146 ,913,8,921,1308,0,2,1,2,0,1,0,0.00,70.41 ,50
02,000,00,003,0103,147 ,1522,15,1537,2056,0,2,1,2,0,1,0,0.00,74.76 ,50
02,000,00,003,0103,148 ,1081,15,1096,1367,0,2,1,2,0,1,0,0.00,80.18 ,50
02,000,00,004,0104,149 ,1489,13,1502,1881,0,2,1,2,0,1,0,0.00,79.85 ,50
02,000,00,004,0104,150 ,1316,7,1323,1767,0,2,1,2,0,1,0,0.00,74.87 ,50
02,000,00,004,0104,151 ,1769,16,1785,2311,0,2,1,2,0,1,0,0.00,77.24 ,50
02,000,00,004,0105,152 ,1521,11,1532,1993,0,2,1,2,0,1,0,0.00,76.87 ,50
02,000,00,004,0106,153 ,873,6,879,1102,0,2,1,2,0,1,0,0.00,79.76 ,50
02,000,00,004,0106,154 ,1595,12,1607,2183,0,2,1,2,0,1,0,0.00,73.61 ,50
02,000,00,004,0107,155 ,1680,17,1697,2038,0,2,1,2,0,1,0,0.00,83.27 ,50
02,000,00,004,0108,156 ,1035,12,1047,1392,0,2,1,2,0,1,0,0.00,75.22 ,50
02,000,00,004,0108,157 ,917,5,922,1193,0,2,1,2,0,1,0,0.00,77.28 ,50
02,000,00,004,0109,158 ,1545,12,1557,1981,0,2,1,2,0,1,0,0.00,78.60 ,50
02,000,00,004,0110,159 ,1180,13,1193,1522,0,2,1,2,0,1,0,0.00,78.38 ,50
02,000,00,004,0110,160 ,1063,9,1072,1313,0,2,1,2,0,1,0,0.00,81.65 ,50
02,000,00,004,0111,161 ,1298,14,1312,1714,0,2,1,2,0,1,0,0.00,76.55 ,50
02,000,00,004,0112,162 ,1286,10,1296,1646,0,2,1,2,0,1,0,0.00,78.74 ,50
02,000,00,004,0112,163 ,1149,9,1158,1427,0,2,1,2,0,1,0,0.00,81.15 ,50
02,000,00,004,0113,164 ,742,3,745,932,0,2,1,2,0,1,0,0.00,79.94 ,50
02,000,00,004,0113,165 ,887,13,900,1110,0,2,1,2,0,1,0,0.00,81.08 ,50
02,000,00,004,0114,166 ,1016,14,1030,1318,0,2,1,2,0,1,0,0.00,78.15 ,50
02,000,00,004,0114,167 ,1033,11,1044,1303,0,2,1,2,0,1,0,0.00,80.12 ,50
02,000,00,004,0115,168 ,1584,16,1600,2075,0,2,1,2,0,1,0,0.00,77.11 ,50
02,000,00,004,0115,169 ,1818,11,1829,2391,0,2,1,2,0,1,0,0.00,76.50 ,50
02,000,00,004,0115,170 ,1682,10,1692,2163,0,2,1,2,0,1,0,0.00,78.22 ,50
02,000,00,004,0116,171 ,1081,16,1097,1384,0,2,1,2,0,1,0,0.00,79.26 ,50
02,000,00,004,0116,172 ,1094,7,1101,1384,0,2,1,2,0,1,0,0.00,79.55 ,50
02,000,00,004,0117,173 ,1118,15,1133,1471,0,2,1,2,0,1,0,0.00,77.02 ,50
02,000,00,004,0118,174 ,589,4,593,680,0,2,1,2,0,1,0,0.00,87.21 ,50
02,000,00,004,0118,175 ,856,4,860,1081,0,2,1,2,0,1,0,0.00,79.56 ,50
02,000,00,004,0119,176 ,1238,6,1244,1512,0,2,1,2,0,1,0,0.00,82.28 ,50
02,000,00,004,0119,177 ,1220,27,1247,1495,0,2,1,2,0,1,0,0.00,83.41 ,50
02,000,00,004,0120,178 ,1251,7,1258,1537,0,2,1,2,0,1,0,0.00,81.85 ,50
02,000,00,004,0121,179 ,1150,15,1165,1414,0,2,1,2,0,1,0,0.00,82.39 ,50
02,000,00,004,0121,180 ,1159,17,1176,1460,0,2,1,2,0,1,0,0.00,80.55 ,50
02,000,00,004,0122,181 ,1565,11,1576,1988,0,2,1,2,0,1,0,0.00,79.28 ,50
02,000,00,004,0123,182 ,832,8,840,1065,0,2,1,2,0,1,0,0.00,78.87 ,50
02,000,00,004,0123,183 ,830,9,839,1047,0,2,1,2,0,1,0,0.00,80.13 ,50
02,000,00,004,0124,184 ,1387,11,1398,1699,0,2,1,2,0,1,0,0.00,82.28 ,50
02,000,00,004,0125,185 ,1077,7,1084,1315,0,2,1,2,0,1,0,0.00,82.43 ,50
02,000,00,004,0125,186 ,1023,12,1035,1287,0,2,1,2,0,1,0,0.00,80.42 ,50
02,000,00,004,0126,187 ,1177,7,1184,1470,0,2,1,2,0,1,0,0.00,80.54 ,50
02,000,00,004,0127,188 ,955,13,968,1152,0,2,1,2,0,1,0,0.00,84.03 ,50
02,000,00,004,0127,189 ,828,8,836,1048,0,2,1,2,0,1,0,0.00,79.77 ,50
02,000,00,004,0128,190 ,918,2,920,1195,0,2,1,2,0,1,0,0.00,76.99 ,50
02,000,00,004,0128,191 ,889,8,897,1101,0,2,1,2,0,1,0,0.00,81.47 ,50
02,000,00,004,0129,192 ,860,9,869,1060,0,2,1,2,0,1,0,0.00,81.98 ,50
02,000,00,004,0129,193 ,857,3,860,1044,0,2,1,2,0,1,0,0.00,82.38 ,50
02,000,00,004,0130,194 ,1209,11,1220,1513,0,2,1,2,0,1,0,0.00,80.63 ,50
02,000,00,004,0130,195 ,1261,6,1267,1603,0,2,1,2,0,1,0,0.00,79.04 ,50
02,000,00,004,0131,196 ,1323,11,1334,1669,0,2,1,2,0,1,0,0.00,79.93 ,50
02,000,00,004,0132,197 ,1284,8,1292,1652,0,2,1,2,0,1,0,0.00,78.21 ,50
02,000,00,004,0133,198 ,1150,8,1158,1440,0,2,1,2,0,1,0,0.00,80.42 ,50
02,000,00,004,0133,199 ,1118,12,1130,1375,0,2,1,2,0,1,0,0.00,82.18 ,50
02,000,00,004,0134,200 ,1350,9,1359,1730,0,2,1,2,0,1,0,0.00,78.55 ,50
02,000,00,004,0135,201 ,978,8,986,1229,0,2,1,2,0,1,0,0.00,80.23 ,50
02,000,00,004,0135,202 ,819,2,821,1026,0,2,1,2,0,1,0,0.00,80.02 ,50
02,000,00,004,0136,203 ,951,8,959,1196,0,2,1,2,0,1,0,0.00,80.18 ,50
02,000,00,004,0136,204 ,1146,6,1152,1454,0,2,1,2,0,1,0,0.00,79.23 ,50
02,000,00,004,0136,205 ,1104,5,1109,1416,0,2,1,2,0,1,0,0.00,78.32 ,50
02,000,00,004,0137,206 ,846,10,856,1088,0,2,1,2,0,1,0,0.00,78.68 ,50
02,000,00,004,0137,207 ,1206,11,1217,1539,0,2,1,2,0,1,0,0.00,79.08 ,50
02,000,00,004,0138,208 ,686,4,690,814,0,2,1,2,0,1,0,0.00,84.77 ,50
02,000,00,004,0139,209 ,1051,9,1060,1318,0,2,1,2,0,1,0,0.00,80.42 ,50
02,000,00,004,0140,210 ,625,5,630,789,0,2,1,2,0,1,0,0.00,79.85 ,50
02,000,00,005,0141,211 ,844,11,855,1142,0,2,1,2,0,1,0,0.00,74.87 ,50
02,000,00,005,0141,212 ,1086,14,1100,1391,0,2,1,2,0,1,0,0.00,79.08 ,50
02,000,00,005,0142,213 ,1418,15,1433,1827,0,2,1,2,0,1,0,0.00,78.43 ,50
02,000,00,005,0142,214 ,1423,14,1437,1900,0,2,1,2,0,1,0,0.00,75.63 ,50
02,000,00,005,0143,215 ,1158,11,1169,1461,0,2,1,2,0,1,0,0.00,80.01 ,50
02,000,00,005,0143,216 ,1080,12,1092,1445,0,2,1,2,0,1,0,0.00,75.57 ,50
02,000,00,005,0144,217 ,1087,14,1101,1479,0,2,1,2,0,1,0,0.00,74.44 ,50
02,000,00,005,0144,218 ,1122,11,1133,1428,0,2,1,2,0,1,0,0.00,79.34 ,50
02,000,00,005,0145,219 ,1355,30,1385,1736,0,2,1,2,0,1,0,0.00,79.78 ,50
02,000,00,005,0145,220 ,1195,12,1207,1590,0,2,1,2,0,1,0,0.00,75.91 ,50
02,000,00,005,0146,221 ,1113,11,1124,1384,0,2,1,2,0,1,0,0.00,81.21 ,50
02,000,00,005,0146,222 ,1079,9,1088,1303,0,2,1,2,0,1,0,0.00,83.50 ,50
02,000,00,005,0147,223 ,1278,8,1286,1629,0,2,1,2,0,1,0,0.00,78.94 ,50
02,000,00,005,0147,224 ,1163,8,1171,1485,0,2,1,2,0,1,0,0.00,78.86 ,50
02,000,00,005,0147,225 ,1233,16,1249,1533,0,2,1,2,0,1,0,0.00,81.47 ,50
02,000,00,005,0147,226 ,1251,13,1264,1587,0,2,1,2,0,1,0,0.00,79.65 ,50
02,000,00,005,0148,227 ,1707,10,1717,2102,0,2,1,2,0,1,0,0.00,81.68 ,50
02,000,00,005,0148,228 ,1450,15,1465,1869,0,2,1,2,0,1,0,0.00,78.38 ,50
02,000,00,005,0148,229 ,1552,12,1564,1922,0,2,1,2,0,1,0,0.00,81.37 ,50
02,000,00,005,0149,230 ,1542,13,1555,1953,0,2,1,2,0,1,0,0.00,79.62 ,50
02,000,00,005,0149,231 ,1503,11,1514,1928,0,2,1,2,0,1,0,0.00,78.53 ,50
02,000,00,005,0150,232 ,1413,19,1432,1864,0,2,1,2,0,1,0,0.00,76.82 ,50
02,000,00,005,0151,233 ,1078,13,1091,1411,0,2,1,2,0,1,0,0.00,77.32 ,50
02,000,00,005,0152,234 ,1633,16,1649,2015,0,2,1,2,0,1,0,0.00,81.84 ,50
02,000,00,005,0152,235 ,1461,20,1481,1856,0,2,1,2,0,1,0,0.00,79.80 ,50
02,000,00,005,0153,236 ,1145,5,1150,1458,0,2,1,2,0,1,0,0.00,78.88 ,50
02,000,00,005,0153,237 ,1332,16,1348,1635,0,2,1,2,0,1,0,0.00,82.45 ,50
02,000,00,005,0154,238 ,1416,12,1428,1792,0,2,1,2,0,1,0,0.00,79.69 ,50
02,000,00,005,0154,239 ,1313,7,1320,1647,0,2,1,2,0,1,0,0.00,80.15 ,50
02,000,00,005,0155,240 ,1186,4,1190,1488,0,2,1,2,0,1,0,0.00,79.97 ,50
02,000,00,005,0155,241 ,1339,3,1342,1669,0,2,1,2,0,1,0,0.00,80.41 ,50
02,000,00,005,0155,242 ,1257,12,1269,1641,0,2,1,2,0,1,0,0.00,77.33 ,50
02,000,00,005,0156,243 ,1187,14,1201,1581,0,2,1,2,0,1,0,0.00,75.96 ,50
02,000,00,005,0156,244 ,1157,6,1163,1482,0,2,1,2,0,1,0,0.00,78.48 ,50
02,000,00,005,0157,245 ,1378,10,1388,1768,0,2,1,2,0,1,0,0.00,78.51 ,50
02,000,00,005,0157,246 ,1339,12,1351,1822,0,2,1,2,0,1,0,0.00,74.15 ,50
02,000,00,005,0158,247 ,864,6,870,1117,0,2,1,2,0,1,0,0.00,77.89 ,50
02,000,00,005,0158,248 ,742,4,746,984,0,2,1,2,0,1,0,0.00,75.81 ,50
02,000,00,005,0159,249 ,1080,8,1088,1402,0,2,1,2,0,1,0,0.00,77.60 ,50
02,000,00,005,0159,250 ,1089,12,1101,1421,0,2,1,2,0,1,0,0.00,77.48 ,50
02,000,00,005,0159,251 ,983,6,989,1321,0,2,1,2,0,1,0,0.00,74.87 ,50
02,000,00,005,0160,252 ,958,12,970,1222,0,2,1,2,0,1,0,0.00,79.38 ,50
02,000,00,005,0160,253 ,1027,11,1038,1323,0,2,1,2,0,1,0,0.00,78.46 ,50
02,000,00,005,0161,254 ,1715,13,1728,2283,0,2,1,2,0,1,0,0.00,75.69 ,50
02,000,00,005,0162,255 ,1202,11,1213,1534,0,2,1,2,0,1,0,0.00,79.07 ,50
02,000,00,005,0162,256 ,937,9,946,1266,0,2,1,2,0,1,0,0.00,74.72 ,50
02,000,00,005,0162,257 ,1241,11,1252,1571,0,2,1,2,0,1,0,0.00,79.69 ,50
02,000,00,005,0163,258 ,1614,12,1626,2077,0,2,1,2,0,1,0,0.00,78.29 ,50
02,000,00,005,0164,259 ,830,4,834,1091,0,2,1,2,0,1,0,0.00,76.44 ,50
02,000,00,005,0164,260 ,942,3,945,1179,0,2,1,2,0,1,0,0.00,80.15 ,50
02,000,00,005,0165,261 ,1356,11,1367,1748,0,2,1,2,0,1,0,0.00,78.20 ,50
02,000,00,005,0165,262 ,1221,8,1229,1572,0,2,1,2,0,1,0,0.00,78.18 ,50
02,000,00,005,0166,263 ,1124,16,1140,1467,0,2,1,2,0,1,0,0.00,77.71 ,50
02,000,00,005,0166,264 ,1136,5,1141,1412,0,2,1,2,0,1,0,0.00,80.81 ,50
02,000,00,005,0167,265 ,885,7,892,1165,0,2,1,2,0,1,0,0.00,76.57 ,50
02,000,00,005,0167,266 ,1051,6,1057,1378,0,2,1,2,0,1,0,0.00,76.71 ,50
02,000,00,005,0167,267 ,1120,10,1130,1484,0,2,1,2,0,1,0,0.00,76.15 ,50
02,000,00,005,0168,268 ,1202,5,1207,1532,0,2,1,2,0,1,0,0.00,78.79 ,50
02,000,00,005,0168,269 ,1373,17,1390,1741,0,2,1,2,0,1,0,0.00,79.84 ,50
02,000,00,005,0169,270 ,1454,18,1472,1931,0,2,1,2,0,1,0,0.00,76.23 ,50
02,000,00,005,0169,271 ,1545,24,1569,2034,0,2,1,2,0,1,0,0.00,77.14 ,50
02,000,00,005,0170,272 ,1082,10,1092,1382,0,2,1,2,0,1,0,0.00,79.02 ,50
02,000,00,005,0170,273 ,1109,11,1120,1423,0,2,1,2,0,1,0,0.00,78.71 ,50
02,000,00,005,0170,274 ,1346,15,1361,1755,0,2,1,2,0,1,0,0.00,77.55 ,50
02,000,00,005,0171,275 ,1043,4,1047,1360,0,2,1,2,0,1,0,0.00,76.99 ,50
02,000,00,005,0171,276 ,818,7,825,1131,0,2,1,2,0,1,0,0.00,72.94 ,50
02,000,00,005,0172,277 ,931,17,948,1315,0,2,1,2,0,1,0,0.00,72.09 ,50
02,000,00,005,0172,278 ,956,13,969,1225,0,2,1,2,0,1,0,0.00,79.10 ,50
02,000,00,005,0173,279 ,1177,13,1190,1664,0,2,1,2,0,1,0,0.00,71.51 ,50
02,000,00,005,0173,280 ,1388,11,1399,1834,0,2,1,2,0,1,0,0.00,76.28 ,50
02,000,00,005,0174,281 ,1547,20,1567,1918,0,2,1,2,0,1,0,0.00,81.70 ,50
02,000,00,005,0175,282 ,1538,21,1559,1981,0,2,1,2,0,1,0,0.00,78.70 ,50
02,000,00,005,0176,283 ,1436,12,1448,1840,0,2,1,2,0,1,0,0.00,78.70 ,50
02,000,00,005,0176,284 ,1104,9,1113,1375,0,2,1,2,0,1,0,0.00,80.95 ,50
02,000,00,005,0177,285 ,921,11,932,1305,0,2,1,2,0,1,0,0.00,71.42 ,50
02,000,00,005,0177,286 ,1029,14,1043,1331,0,2,1,2,0,1,0,0.00,78.36 ,50
02,000,00,005,0178,287 ,1378,15,1393,1866,0,2,1,2,0,1,0,0.00,74.65 ,50
02,000,00,005,0178,288 ,1452,7,1459,1890,0,2,1,2,0,1,0,0.00,77.20 ,50
02,000,00,005,0178,289 ,1275,11,1286,1644,0,2,1,2,0,1,0,0.00,78.22 ,50
02,000,00,005,0179,290 ,1187,11,1198,1556,0,2,1,2,0,1,0,0.00,76.99 ,50
02,000,00,005,0179,291 ,1126,5,1131,1466,0,2,1,2,0,1,0,0.00,77.15 ,50
02,000,00,005,0180,292 ,1131,7,1138,1479,0,2,1,2,0,1,0,0.00,76.94 ,50
02,000,00,005,0181,293 ,1095,15,1110,1427,0,2,1,2,0,1,0,0.00,77.79 ,50
02,000,00,005,0182,294 ,1129,13,1142,1581,0,2,1,2,0,1,0,0.00,72.23 ,50
02,000,00,005,0182,295 ,1170,16,1186,1584,0,2,1,2,0,1,0,0.00,74.87 ,50
02,000,00,005,0183,296 ,1623,15,1638,2274,0,2,1,2,0,1,0,0.00,72.03 ,50
02,000,00,005,0184,297 ,1097,7,1104,1422,0,2,1,2,0,1,0,0.00,77.64 ,50
02,000,00,005,0184,298 ,1185,13,1198,1580,0,2,1,2,0,1,0,0.00,75.82 ,50
02,000,00,005,0185,299 ,1302,12,1314,1698,0,2,1,2,0,1,0,0.00,77.39 ,50
02,000,00,005,0185,300 ,1484,18,1502,1926,0,2,1,2,0,1,0,0.00,77.99 ,50
02,000,00,005,0186,301 ,1367,7,1374,1675,0,2,1,2,0,1,0,0.00,82.03 ,50
02,000,00,005,0186,302 ,1263,12,1275,1638,0,2,1,2,0,1,0,0.00,77.84 ,50
02,000,00,005,0187,303 ,965,6,971,1230,0,2,1,2,0,1,0,0.00,78.94 ,50
02,000,00,005,0187,304 ,1139,10,1149,1478,0,2,1,2,0,1,0,0.00,77.74 ,50
02,000,00,005,0188,305 ,1244,10,1254,1589,0,2,1,2,0,1,0,0.00,78.92 ,50
02,000,00,005,0189,306 ,1459,13,1472,1809,0,2,1,2,0,1,0,0.00,81.37 ,50
02,000,00,005,0190,307 ,1198,4,1202,1547,0,2,1,2,0,1,0,0.00,77.70 ,50
02,000,00,005,0191,308 ,928,8,936,1160,0,2,1,2,0,1,0,0.00,80.69 ,50
02,000,00,005,0192,309 ,1107,9,1116,1418,0,2,1,2,0,1,0,0.00,78.70 ,50
02,000,00,005,0192,310 ,1216,6,1222,1563,0,2,1,2,0,1,0,0.00,78.18 ,50
02,000,00,005,0193,311 ,998,10,1008,1248,0,2,1,2,0,1,0,0.00,80.77 ,50
02,000,00,005,0193,312 ,868,7,875,1115,0,2,1,2,0,1,0,0.00,78.48 ,50
02,000,00,005,0194,313 ,1497,7,1504,1964,0,2,1,2,0,1,0,0.00,76.58 ,50
02,000,00,005,0195,314 ,1394,14,1408,1883,0,2,1,2,0,1,0,0.00,74.77 ,50
02,000,00,005,0196,315 ,752,11,763,949,0,2,1,2,0,1,0,0.00,80.40 ,50
02,000,00,005,0197,316 ,960,8,968,1200,0,2,1,2,0,1,0,0.00,80.67 ,50
02,000,00,005,0198,317 ,1447,11,1458,1874,0,2,1,2,0,1,0,0.00,77.80 ,50
02,000,00,005,0199,318 ,771,10,781,964,0,2,1,2,0,1,0,0.00,81.02 ,50
02,000,00,005,0199,319 ,914,6,920,1168,0,2,1,2,0,1,0,0.00,78.77 ,50
02,000,00,005,0200,320 ,1262,14,1276,1606,0,2,1,2,0,1,0,0.00,79.45 ,50
02,000,00,005,0200,321 ,1224,13,1237,1649,0,2,1,2,0,1,0,0.00,75.02 ,50
02,000,00,005,0201,322 ,1492,16,1508,1921,0,2,1,2,0,1,0,0.00,78.50 ,50
02,000,00,005,0201,323 ,1452,20,1472,1964,0,2,1,2,0,1,0,0.00,74.95 ,50
02,000,00,005,0202,324 ,1339,15,1354,1672,0,2,1,2,0,1,0,0.00,80.98 ,50
02,000,00,005,0202,325 ,1386,15,1401,1773,0,2,1,2,0,1,0,0.00,79.02 ,50
02,000,00,005,0203,326 ,1101,13,1114,1418,0,2,1,2,0,1,0,0.00,78.56 ,50
02,000,00,005,0204,327 ,1355,8,1363,1702,0,2,1,2,0,1,0,0.00,80.08 ,50
02,000,00,005,0205,328 ,1513,14,1527,1964,0,2,1,2,0,1,0,0.00,77.75 ,50
02,000,00,005,0206,329 ,884,9,893,1148,0,2,1,2,0,1,0,0.00,77.79 ,50
02,000,00,005,0207,330 ,885,7,892,1138,0,2,1,2,0,1,0,0.00,78.38 ,50
02,000,00,005,0208,331 ,1082,10,1092,1447,0,2,1,2,0,1,0,0.00,75.47 ,50
02,000,00,005,0209,332 ,1141,6,1147,1536,0,2,1,2,0,1,0,0.00,74.67 ,50
02,000,00,005,0210,333 ,678,4,682,926,0,2,1,2,0,1,0,0.00,73.65 ,50
02,000,00,005,0211,334 ,486,7,493,601,0,2,1,2,0,1,0,0.00,82.03 ,50
02,000,00,005,0212,335 ,848,11,859,1184,0,2,1,2,0,1,0,0.00,72.55 ,50
02,000,00,005,0213,336 ,1506,15,1521,2006,0,2,1,2,0,1,0,0.00,75.82 ,50
02,000,00,005,0213,337 ,1544,8,1552,2031,0,2,1,2,0,1,0,0.00,76.42 ,50
02,000,00,005,0214,338 ,988,7,995,1306,0,2,1,2,0,1,0,0.00,76.19 ,50
02,000,00,005,0215,339 ,736,5,741,1034,0,2,1,2,0,1,0,0.00,71.66 ,50
02,000,00,005,0216,340 ,965,7,972,1274,0,2,1,2,0,1,0,0.00,76.30 ,50
02,000,00,005,0217,341 ,897,3,900,1149,0,2,1,2,0,1,0,0.00,78.33 ,50
02,000,00,005,0218,342 ,795,9,804,998,0,2,1,2,0,1,0,0.00,80.56 ,50
02,000,00,005,0218,343 ,900,15,915,1146,0,2,1,2,0,1,0,0.00,79.84 ,50
02,000,00,005,0219,344 ,946,7,953,1230,0,2,1,2,0,1,0,0.00,77.48 ,50
02,000,00,005,0220,345 ,349,4,353,449,0,2,1,2,0,1,0,0.00,78.62 ,50
02,000,00,005,0221,346 ,1124,14,1138,1451,0,2,1,2,0,1,0,0.00,78.43 ,50
02,000,00,005,0221,347 ,1028,4,1032,1315,0,2,1,2,0,1,0,0.00,78.48 ,50
02,000,00,005,0222,348 ,1396,11,1407,1876,0,2,1,2,0,1,0,0.00,75.00 ,50
02,000,00,005,0223,349 ,625,9,634,788,0,2,1,2,0,1,0,0.00,80.46 ,50
02,000,00,005,0224,350 ,1023,16,1039,1306,0,2,1,2,0,1,0,0.00,79.56 ,50
02,000,00,005,0225,351 ,955,7,962,1226,0,2,1,2,0,1,0,0.00,78.47 ,50
02,000,00,005,0226,352 ,1054,12,1066,1378,0,2,1,2,0,1,0,0.00,77.36 ,50
02,000,00,005,0227,353 ,1005,10,1015,1320,0,2,1,2,0,1,0,0.00,76.89 ,50
02,000,00,005,0228,354 ,975,14,989,1302,0,2,1,2,0,1,0,0.00,75.96 ,50
02,000,00,005,0228,355 ,934,9,943,1232,0,2,1,2,0,1,0,0.00,76.54 ,50
02,000,00,006,0229,356 ,728,7,735,930,0,2,1,2,0,1,0,0.00,79.03 ,50
02,000,00,006,0229,357 ,775,5,780,988,0,2,1,2,0,1,0,0.00,78.95 ,50
02,000,00,006,0230,358 ,693,6,699,875,0,2,1,2,0,1,0,0.00,79.89 ,50
02,000,00,006,0230,359 ,1074,8,1082,1388,0,2,1,2,0,1,0,0.00,77.95 ,50
02,000,00,006,0231,360 ,522,7,529,730,0,2,1,2,0,1,0,0.00,72.47 ,50
02,000,00,006,0232,361 ,941,10,951,1247,0,2,1,2,0,1,0,0.00,76.26 ,50
02,000,00,006,0233,362 ,823,8,831,1062,0,2,1,2,0,1,0,0.00,78.25 ,50
02,000,00,006,0234,363 ,788,12,800,992,0,2,1,2,0,1,0,0.00,80.65 ,50
02,000,00,006,0235,364 ,780,6,786,990,0,2,1,2,0,1,0,0.00,79.39 ,50
02,000,00,006,0236,365 ,996,3,999,1292,0,2,1,2,0,1,0,0.00,77.32 ,50
02,000,00,006,0237,366 ,1119,8,1127,1402,0,2,1,2,0,1,0,0.00,80.39 ,50
02,000,00,006,0238,367 ,947,9,956,1211,0,2,1,2,0,1,0,0.00,78.94 ,50
02,000,00,006,0239,368 ,714,12,726,925,0,2,1,2,0,1,0,0.00,78.49 ,50
02,000,00,006,0240,369 ,747,6,753,928,0,2,1,2,0,1,0,0.00,81.14 ,50
02,000,00,006,0241,370 ,679,2,681,904,0,2,1,2,0,1,0,0.00,75.33 ,50
02,000,00,006,0242,371 ,724,4,728,942,0,2,1,2,0,1,0,0.00,77.28 ,50
02,000,00,006,0243,372 ,833,5,838,1148,0,2,1,2,0,1,0,0.00,73.00 ,50
02,000,00,006,0243,373 ,945,7,952,1304,0,2,1,2,0,1,0,0.00,73.01 ,50
02,000,00,006,0244,374 ,800,8,808,1021,0,2,1,2,0,1,0,0.00,79.14 ,50
02,000,00,006,0244,375 ,994,12,1006,1237,0,2,1,2,0,1,0,0.00,81.33 ,50
02,000,00,006,0245,376 ,677,11,688,908,0,2,1,2,0,1,0,0.00,75.77 ,50
02,000,00,006,0245,377 ,691,4,695,940,0,2,1,2,0,1,0,0.00,73.94 ,50
02,000,00,006,0246,378 ,463,1,464,588,0,2,1,2,0,1,0,0.00,78.91 ,50
02,000,00,006,0247,379 ,642,3,645,883,0,2,1,2,0,1,0,0.00,73.05 ,50
02,000,00,006,0247,380 ,891,10,901,1175,0,2,1,2,0,1,0,0.00,76.68 ,50
02,000,00,006,0248,381 ,1155,5,1160,1477,0,2,1,2,0,1,0,0.00,78.54 ,50
02,000,00,006,0249,382 ,859,9,868,1109,0,2,1,2,0,1,0,0.00,78.27 ,50
02,000,00,006,0249,383 ,873,8,881,1160,0,2,1,2,0,1,0,0.00,75.95 ,50
02,000,00,006,0250,384 ,709,6,715,954,0,2,1,2,0,1,0,0.00,74.95 ,50
02,000,00,006,0251,385 ,610,4,614,828,0,2,1,2,0,1,0,0.00,74.15 ,50
02,000,00,006,0252,386 ,811,4,815,1003,0,2,1,2,0,1,0,0.00,81.26 ,50
02,000,00,006,0252,387 ,968,8,976,1244,0,2,1,2,0,1,0,0.00,78.46 ,50
02,000,00,006,0253,388 ,930,11,941,1194,0,2,1,2,0,1,0,0.00,78.81 ,50
02,000,00,006,0254,389 ,618,7,625,791,0,2,1,2,0,1,0,0.00,79.01 ,50
02,000,00,006,0255,390 ,914,10,924,1198,0,2,1,2,0,1,0,0.00,77.13 ,50
02,000,00,006,0256,391 ,648,2,650,815,0,2,1,2,0,1,0,0.00,79.75 ,50
02,000,00,006,0256,392 ,604,10,614,785,0,2,1,2,0,1,0,0.00,78.22 ,50
02,000,00,006,0257,393 ,934,8,942,1264,0,2,1,2,0,1,0,0.00,74.53 ,50
02,000,00,006,0258,394 ,668,3,671,845,0,2,1,2,0,1,0,0.00,79.41 ,50
02,000,00,006,0259,395 ,840,9,849,1111,0,2,1,2,0,1,0,0.00,76.42 ,50
02,000,00,006,0259,396 ,783,5,788,982,0,2,1,2,0,1,0,0.00,80.24 ,50
02,000,00,006,0260,397 ,989,10,999,1303,0,2,1,2,0,1,0,0.00,76.67 ,50
02,000,00,006,0260,398 ,1040,10,1050,1326,0,2,1,2,0,1,0,0.00,79.19 ,50
02,000,00,007,0261,399 ,692,4,696,921,0,2,1,2,0,1,0,0.00,75.57 ,50
02,000,00,007,0262,400 ,948,8,956,1194,0,2,1,2,0,1,0,0.00,80.07 ,50
02,000,00,007,0263,401 ,1190,5,1195,1600,0,2,1,2,0,1,0,0.00,74.69 ,50
02,000,00,007,0264,402 ,808,13,821,1087,0,2,1,2,0,1,0,0.00,75.53 ,50
02,000,00,007,0265,403 ,1054,5,1059,1336,0,2,1,2,0,1,0,0.00,79.27 ,50
02,000,00,007,0266,404 ,742,4,746,987,0,2,1,2,0,1,0,0.00,75.58 ,50
02,000,00,007,0267,405 ,653,2,655,863,0,2,1,2,0,1,0,0.00,75.90 ,50
02,000,00,007,0268,406 ,1168,9,1177,1469,0,2,1,2,0,1,0,0.00,80.12 ,50
02,000,00,007,0268,407 ,949,6,955,1276,0,2,1,2,0,1,0,0.00,74.84 ,50
02,000,00,007,0269,408 ,893,8,901,1135,0,2,1,2,0,1,0,0.00,79.38 ,50
02,000,00,007,0270,409 ,1090,8,1098,1417,0,2,1,2,0,1,0,0.00,77.49 ,50
02,000,00,007,0271,410 ,572,5,577,768,0,2,1,2,0,1,0,0.00,75.13 ,50
02,000,00,007,0272,411 ,773,4,777,1002,0,2,1,2,0,1,0,0.00,77.54 ,50
02,000,00,007,0273,412 ,776,3,779,1062,0,2,1,2,0,1,0,0.00,73.35 ,50
02,000,00,007,0274,413 ,1467,7,1474,1812,0,2,1,2,0,1,0,0.00,81.35 ,50
02,000,00,007,0275,414 ,935,10,945,1217,0,2,1,2,0,1,0,0.00,77.65 ,50
02,000,00,007,0276,415 ,1290,8,1298,1727,0,2,1,2,0,1,0,0.00,75.16 ,50
02,000,00,007,0277,416 ,1033,17,1050,1361,0,2,1,2,0,1,0,0.00,77.15 ,50
02,000,00,007,0278,417 ,778,7,785,1093,0,2,1,2,0,1,0,0.00,71.82 ,50
02,000,00,007,0279,418 ,970,7,977,1280,0,2,1,2,0,1,0,0.00,76.33 ,50
02,000,00,007,0280,419 ,1050,6,1056,1378,0,2,1,2,0,1,0,0.00,76.63 ,50
02,000,00,008,0281,420 ,486,3,489,651,0,2,1,2,0,1,0,0.00,75.12 ,50
02,000,00,008,0282,421 ,994,5,999,1360,0,2,1,2,0,1,0,0.00,73.46 ,50
02,000,00,008,0283,422 ,1022,13,1035,1411,0,2,1,2,0,1,0,0.00,73.35 ,50
02,000,00,008,0284,423 ,1158,14,1172,1568,0,2,1,2,0,1,0,0.00,74.74 ,50
02,000,00,008,0285,424 ,979,10,989,1340,0,2,1,2,0,1,0,0.00,73.81 ,50
02,000,00,008,0286,425 ,1119,13,1132,1489,0,2,1,2,0,1,0,0.00,76.02 ,50
02,000,00,008,0287,426 ,1173,11,1184,1519,0,2,1,2,0,1,0,0.00,77.95 ,50
02,000,00,008,0288,427 ,624,11,635,797,0,2,1,2,0,1,0,0.00,79.67 ,50
02,000,00,008,0289,428 ,1317,7,1324,1654,0,2,1,2,0,1,0,0.00,80.05 ,50
02,000,00,008,0290,429 ,1111,9,1120,1604,0,2,1,2,0,1,0,0.00,69.83 ,50
02,000,00,008,0291,430 ,1081,9,1090,1377,0,2,1,2,0,1,0,0.00,79.16 ,50
02,000,00,008,0292,431 ,1210,16,1226,1537,0,2,1,2,0,1,0,0.00,79.77 ,50
02,000,00,008,0293,432 ,1357,5,1362,1761,0,2,1,2,0,1,0,0.00,77.34 ,50
02,000,00,008,0294,433 ,1305,13,1318,1720,0,2,1,2,0,1,0,0.00,76.63 ,50
02,000,00,008,0295,434 ,772,7,779,999,0,2,1,2,0,1,0,0.00,77.98 ,50
02,000,00,008,0295,435 ,819,3,822,1037,0,2,1,2,0,1,0,0.00,79.27 ,50
02,000,00,008,0296,436 ,997,14,1011,1311,0,2,1,2,0,1,0,0.00,77.12 ,50
02,000,00,008,0297,437 ,1200,12,1212,1641,0,2,1,2,0,1,0,0.00,73.86 ,50
02,000,00,008,0297,438 ,976,8,984,1363,0,2,1,2,0,1,0,0.00,72.19 ,50
02,000,00,008,0298,439 ,956,9,965,1210,0,2,1,2,0,1,0,0.00,79.75 ,50
02,000,00,008,0298,440 ,939,11,950,1230,0,2,1,2,0,1,0,0.00,77.24 ,50
02,000,00,008,0299,441 ,967,14,981,1252,0,2,1,2,0,1,0,0.00,78.35 ,50
02,000,00,008,0299,442 ,886,10,896,1187,0,2,1,2,0,1,0,0.00,75.48 ,50
02,000,00,008,0300,443 ,757,16,773,1012,0,2,1,2,0,1,0,0.00,76.38 ,50
02,000,00,008,0300,444 ,949,12,961,1203,0,2,1,2,0,1,0,0.00,79.88 ,50
02,000,00,008,0301,445 ,790,7,797,1000,0,2,1,2,0,1,0,0.00,79.70 ,50
02,000,00,008,0302,446 ,1069,9,1078,1357,0,2,1,2,0,1,0,0.00,79.44 ,50
02,000,00,008,0302,447 ,967,10,977,1300,0,2,1,2,0,1,0,0.00,75.15 ,50
02,000,00,008,0303,448 ,1172,9,1181,1482,0,2,1,2,0,1,0,0.00,79.69 ,50
02,000,00,008,0304,449 ,1527,10,1537,1937,0,2,1,2,0,1,0,0.00,79.35 ,50
02,000,00,008,0305,450 ,1200,12,1212,1535,0,2,1,2,0,1,0,0.00,78.96 ,50
02,000,00,008,0306,451 ,638,8,646,840,0,2,1,2,0,1,0,0.00,76.90 ,50
02,000,00,008,0307,452 ,1096,7,1103,1415,0,2,1,2,0,1,0,0.00,77.95 ,50
02,000,00,008,0308,453 ,1157,14,1171,1501,0,2,1,2,0,1,0,0.00,78.01 ,50
02,000,00,008,0308,454 ,1258,11,1269,1664,0,2,1,2,0,1,0,0.00,76.26 ,50
02,000,00,008,0309,455 ,891,8,899,1146,0,2,1,2,0,1,0,0.00,78.45 ,50
02,000,00,008,0309,456 ,721,13,734,947,0,2,1,2,0,1,0,0.00,77.51 ,50
02,000,00,008,0310,457 ,1226,19,1245,1557,0,2,1,2,0,1,0,0.00,79.96 ,50
02,000,00,008,0310,458 ,1460,10,1470,1827,0,2,1,2,0,1,0,0.00,80.46 ,50
02,000,00,008,0311,459 ,1329,8,1337,1671,0,2,1,2,0,1,0,0.00,80.01 ,50
02,000,00,008,0312,460 ,1205,7,1212,1532,0,2,1,2,0,1,0,0.00,79.11 ,50
02,000,00,008,0312,461 ,948,9,957,1258,0,2,1,2,0,1,0,0.00,76.07 ,50
02,000,00,008,0313,462 ,888,5,893,1142,0,2,1,2,0,1,0,0.00,78.20 ,50
02,000,00,008,0313,463 ,938,5,943,1262,0,2,1,2,0,1,0,0.00,74.72 ,50
02,000,00,008,0314,464 ,1078,20,1098,1486,0,2,1,2,0,1,0,0.00,73.89 ,50
02,000,00,008,0315,465 ,1283,5,1288,1655,0,2,1,2,0,1,0,0.00,77.82 ,50
02,000,00,008,0316,466 ,1569,13,1582,1973,0,2,1,2,0,1,0,0.00,80.18 ,50
02,000,00,008,0317,467 ,760,8,768,995,0,2,1,2,0,1,0,0.00,77.19 ,50
02,000,00,008,0317,468 ,1012,8,1020,1373,0,2,1,2,0,1,0,0.00,74.29 ,50
02,000,00,008,0318,469 ,1383,19,1402,1806,0,2,1,2,0,1,0,0.00,77.63 ,50
02,000,00,008,0319,470 ,1267,10,1277,1580,0,2,1,2,0,1,0,0.00,80.82 ,50
02,000,00,008,0320,471 ,916,8,924,1172,0,2,1,2,0,1,0,0.00,78.84 ,50
02,000,00,008,0320,472 ,906,8,914,1224,0,2,1,2,0,1,0,0.00,74.67 ,50
02,000,00,008,0321,473 ,1359,12,1371,1793,0,2,1,2,0,1,0,0.00,76.46 ,50
02,000,00,008,0322,474 ,1299,6,1305,1696,0,2,1,2,0,1,0,0.00,76.95 ,50
02,000,00,008,0322,475 ,1384,12,1396,1803,0,2,1,2,0,1,0,0.00,77.43 ,50
02,000,00,008,0323,476 ,757,8,765,967,0,2,1,2,0,1,0,0.00,79.11 ,50
02,000,00,008,0323,477 ,766,12,778,993,0,2,1,2,0,1,0,0.00,78.35 ,50
02,000,00,008,0324,478 ,1126,8,1134,1408,0,2,1,2,0,1,0,0.00,80.54 ,50
02,000,00,008,0325,479 ,1596,12,1608,2001,0,2,1,2,0,1,0,0.00,80.36 ,50
02,000,00,008,0325,480 ,1508,10,1518,1920,0,2,1,2,0,1,0,0.00,79.06 ,50
02,000,00,008,0326,481 ,828,8,836,1067,0,2,1,2,0,1,0,0.00,78.35 ,50
02,000,00,008,0326,482 ,817,3,820,1072,0,2,1,2,0,1,0,0.00,76.49 ,50
02,000,00,008,0327,483 ,959,13,972,1241,0,2,1,2,0,1,0,0.00,78.32 ,50
02,000,00,008,0328,484 ,1256,12,1268,1600,0,2,1,2,0,1,0,0.00,79.25 ,50
02,000,00,008,0329,485 ,1040,6,1046,1364,0,2,1,2,0,1,0,0.00,76.69 ,50
02,000,00,008,0329,486 ,1185,8,1193,1531,0,2,1,2,0,1,0,0.00,77.92 ,50
02,000,00,008,0330,487 ,1117,8,1125,1435,0,2,1,2,0,1,0,0.00,78.40 ,50
02,000,00,008,0331,488 ,833,10,843,1082,0,2,1,2,0,1,0,0.00,77.91 ,50
02,000,00,008,0332,489 ,1497,16,1513,1938,0,2,1,2,0,1,0,0.00,78.07 ,50
02,000,00,008,0333,490 ,1036,12,1048,1321,0,2,1,2,0,1,0,0.00,79.33 ,50
02,000,00,008,0333,491 ,747,9,756,944,0,2,1,2,0,1,0,0.00,80.08 ,50
02,000,00,008,0334,492 ,1133,9,1142,1478,0,2,1,2,0,1,0,0.00,77.27 ,50
02,000,00,008,0334,493 ,1056,8,1064,1436,0,2,1,2,0,1,0,0.00,74.09 ,50
02,000,00,008,0335,494 ,1066,16,1082,1399,0,2,1,2,0,1,0,0.00,77.34 ,50
02,000,00,008,0335,495 ,1172,15,1187,1591,0,2,1,2,0,1,0,0.00,74.61 ,50
02,000,00,008,0336,496 ,808,14,822,1057,0,2,1,2,0,1,0,0.00,77.77 ,50
02,000,00,008,0336,497 ,819,8,827,1131,0,2,1,2,0,1,0,0.00,73.12 ,50
02,000,00,008,0337,498 ,958,5,963,1273,0,2,1,2,0,1,0,0.00,75.65 ,50
02,000,00,008,0337,499 ,878,8,886,1151,0,2,1,2,0,1,0,0.00,76.98 ,50
02,000,00,008,0338,500 ,904,14,918,1174,0,2,1,2,0,1,0,0.00,78.19 ,50
02,000,00,008,0338,501 ,787,5,792,1064,0,2,1,2,0,1,0,0.00,74.44 ,50
02,000,00,008,0339,502 ,1180,9,1189,1536,0,2,1,2,0,1,0,0.00,77.41 ,50
02,000,00,008,0340,503 ,1622,18,1640,2150,0,2,1,2,0,1,0,0.00,76.28 ,50
02,000,00,008,0341,504 ,1346,11,1357,1736,0,2,1,2,0,1,0,0.00,78.17 ,50
02,000,00,008,0341,505 ,1509,17,1526,2031,0,2,1,2,0,1,0,0.00,75.14 ,50
02,000,00,008,0342,506 ,1455,14,1469,1859,0,2,1,2,0,1,0,0.00,79.02 ,50
02,000,00,008,0342,507 ,1523,11,1534,1963,0,2,1,2,0,1,0,0.00,78.15 ,50
02,000,00,008,0343,508 ,1296,10,1306,1670,0,2,1,2,0,1,0,0.00,78.20 ,50
02,000,00,008,0343,509 ,1282,11,1293,1631,0,2,1,2,0,1,0,0.00,79.28 ,50
02,000,00,008,0344,510 ,1469,13,1482,1887,0,2,1,2,0,1,0,0.00,78.54 ,50
02,000,00,008,0344,511 ,1259,14,1273,1610,0,2,1,2,0,1,0,0.00,79.07 ,50
02,000,00,008,0345,512 ,685,5,690,858,0,2,1,2,0,1,0,0.00,80.42 ,50
02,000,00,008,0345,513 ,893,8,901,1121,0,2,1,2,0,1,0,0.00,80.37 ,50
02,000,00,008,0346,514 ,952,7,959,1173,0,2,1,2,0,1,0,0.00,81.76 ,50
02,000,00,008,0346,515 ,834,10,844,1076,0,2,1,2,0,1,0,0.00,78.44 ,50
02,000,00,008,0347,516 ,1348,10,1358,1734,0,2,1,2,0,1,0,0.00,78.32 ,50
02,000,00,008,0347,517 ,1401,7,1408,1757,0,2,1,2,0,1,0,0.00,80.14 ,50
02,000,00,008,0348,518 ,1430,9,1439,1839,0,2,1,2,0,1,0,0.00,78.25 ,50
02,000,00,008,0349,519 ,878,11,889,1138,0,2,1,2,0,1,0,0.00,78.12 ,50
02,000,00,008,0349,520 ,793,7,800,1010,0,2,1,2,0,1,0,0.00,79.21 ,50
02,000,00,009,0350,521 ,1060,10,1070,1431,0,2,1,2,0,1,0,0.00,74.77 ,50
02,000,00,009,0350,522 ,1315,9,1324,1721,0,2,1,2,0,1,0,0.00,76.93 ,50
02,000,00,009,0350,523 ,1291,17,1308,1795,0,2,1,2,0,1,0,0.00,72.87 ,50
02,000,00,009,0350,524 ,1377,15,1392,1895,0,2,1,2,0,1,0,0.00,73.46 ,50
02,000,00,009,0351,525 ,1099,15,1114,1463,0,2,1,2,0,1,0,0.00,76.14 ,50
02,000,00,009,0351,526 ,601,7,608,889,0,2,1,2,0,1,0,0.00,68.39 ,50
02,000,00,009,0352,527 ,1182,11,1193,1503,0,2,1,2,0,1,0,0.00,79.37 ,50
02,000,00,009,0352,528 ,1376,13,1389,1827,0,2,1,2,0,1,0,0.00,76.03 ,50
02,000,00,009,0353,529 ,829,13,842,1083,0,2,1,2,0,1,0,0.00,77.75 ,50
02,000,00,009,0353,530 ,601,10,611,796,0,2,1,2,0,1,0,0.00,76.76 ,50
02,000,00,009,0354,531 ,1133,17,1150,1518,0,2,1,2,0,1,0,0.00,75.76 ,50
02,000,00,009,0355,532 ,903,17,920,1267,0,2,1,2,0,1,0,0.00,72.61 ,50
02,000,00,009,0355,533 ,689,7,696,973,0,2,1,2,0,1,0,0.00,71.53 ,50
02,000,00,009,0356,534 ,1184,12,1196,1645,0,2,1,2,0,1,0,0.00,72.71 ,50
02,000,00,009,0357,535 ,664,4,668,897,0,2,1,2,0,1,0,0.00,74.47 ,50
02,000,00,009,0358,536 ,1321,7,1328,1805,0,2,1,2,0,1,0,0.00,73.57 ,50
02,000,00,009,0359,537 ,1145,10,1155,1531,0,2,1,2,0,1,0,0.00,75.44 ,50
02,000,00,009,0360,538 ,907,10,917,1256,0,2,1,2,0,1,0,0.00,73.01 ,50
02,000,00,009,0360,539 ,1139,5,1144,1544,0,2,1,2,0,1,0,0.00,74.09 ,50
02,000,00,009,0361,540 ,1070,12,1082,1420,0,2,1,2,0,1,0,0.00,76.20 ,50
02,000,00,009,0362,541 ,611,3,614,817,0,2,1,2,0,1,0,0.00,75.15 ,50
02,000,00,009,0363,542 ,734,14,748,990,0,2,1,2,0,1,0,0.00,75.56 ,50
02,000,00,009,0364,543 ,1407,20,1427,1756,0,2,1,2,0,1,0,0.00,81.26 ,50
02,000,00,009,0365,544 ,1518,19,1537,1903,0,2,1,2,0,1,0,0.00,80.77 ,50
02,000,00,009,0366,545 ,1108,13,1121,1402,0,2,1,2,0,1,0,0.00,79.96 ,50
02,000,00,009,0366,546 ,798,16,814,1049,0,2,1,2,0,1,0,0.00,77.60 ,50
02,000,00,009,0367,547 ,632,7,639,845,0,2,1,2,0,1,0,0.00,75.62 ,50
02,000,00,009,0367,548 ,797,8,805,1106,0,2,1,2,0,1,0,0.00,72.78 ,50
02,000,00,009,0368,549 ,1314,17,1331,1711,0,2,1,2,0,1,0,0.00,77.79 ,50
02,000,00,009,0368,550 ,1205,13,1218,1603,0,2,1,2,0,1,0,0.00,75.98 ,50
02,000,00,009,0369,551 ,673,9,682,861,0,2,1,2,0,1,0,0.00,79.21 ,50
02,000,00,009,0370,552 ,782,13,795,995,0,2,1,2,0,1,0,0.00,79.90 ,50
02,000,00,009,0371,553 ,948,16,964,1214,0,2,1,2,0,1,0,0.00,79.41 ,50
02,000,00,009,0372,554 ,978,11,989,1252,0,2,1,2,0,1,0,0.00,78.99 ,50
02,000,00,009,0373,555 ,2029,42,2071,2563,0,2,1,2,0,1,0,0.00,80.80 ,50
02,000,00,009,0374,556 ,1584,18,1602,1934,0,2,1,2,0,1,0,0.00,82.83 ,50
02,000,00,009,0375,557 ,164,2,166,229,0,2,1,2,0,1,0,0.00,72.49 ,50
02,000,00,009,0376,558 ,1192,10,1202,1519,0,2,1,2,0,1,0,0.00,79.13 ,50
02,000,00,009,0376,559 ,1167,8,1175,1519,0,2,1,2,0,1,0,0.00,77.35 ,50
02,000,00,009,0377,560 ,1486,14,1500,1816,0,2,1,2,0,1,0,0.00,82.60 ,50
02,000,00,009,0378,561 ,751,9,760,990,0,2,1,2,0,1,0,0.00,76.77 ,50
02,000,00,009,0379,562 ,903,8,911,1190,0,2,1,2,0,1,0,0.00,76.55 ,50
02,000,00,009,0380,563 ,745,12,757,925,0,2,1,2,0,1,0,0.00,81.84 ,50
02,000,00,009,0380,564 ,882,6,888,1197,0,2,1,2,0,1,0,0.00,74.19 ,50
02,000,00,009,0381,565 ,833,8,841,1048,0,2,1,2,0,1,0,0.00,80.25 ,50
02,000,00,009,0381,566 ,828,7,835,1086,0,2,1,2,0,1,0,0.00,76.89 ,50
02,000,00,009,0382,567 ,842,7,849,1204,0,2,1,2,0,1,0,0.00,70.51 ,50
02,000,00,009,0382,568 ,716,11,727,992,0,2,1,2,0,1,0,0.00,73.29 ,50
02,000,00,009,0383,569 ,1113,12,1125,1490,0,2,1,2,0,1,0,0.00,75.50 ,50
02,000,00,009,0383,570 ,1081,10,1091,1412,0,2,1,2,0,1,0,0.00,77.27 ,50
02,000,00,009,0384,571 ,1181,10,1191,1550,0,2,1,2,0,1,0,0.00,76.84 ,50
02,000,00,009,0384,572 ,1171,14,1185,1615,0,2,1,2,0,1,0,0.00,73.37 ,50
02,000,00,009,0385,573 ,1387,13,1400,1869,0,2,1,2,0,1,0,0.00,74.91 ,50
02,000,00,009,0386,574 ,1000,9,1009,1298,0,2,1,2,0,1,0,0.00,77.73 ,50
02,000,00,009,0386,575 ,943,9,952,1226,0,2,1,2,0,1,0,0.00,77.65 ,50
02,000,00,009,0387,576 ,1052,9,1061,1330,0,2,1,2,0,1,0,0.00,79.77 ,50
02,000,00,009,0387,577 ,1048,11,1059,1323,0,2,1,2,0,1,0,0.00,80.05 ,50
02,000,00,009,0388,578 ,1006,11,1017,1324,0,2,1,2,0,1,0,0.00,76.81 ,50
02,000,00,009,0388,579 ,971,10,981,1273,0,2,1,2,0,1,0,0.00,77.06 ,50
02,000,00,009,0389,580 ,735,13,748,1013,0,2,1,2,0,1,0,0.00,73.84 ,50
02,000,00,009,0389,581 ,733,5,738,963,0,2,1,2,0,1,0,0.00,76.64 ,50
02,000,00,009,0390,582 ,847,17,864,1171,0,2,1,2,0,1,0,0.00,73.78 ,50
02,000,00,009,0390,583 ,885,7,892,1173,0,2,1,2,0,1,0,0.00,76.04 ,50
02,000,00,009,0391,584 ,841,6,847,1079,0,2,1,2,0,1,0,0.00,78.50 ,50
02,000,00,009,0391,585 ,736,6,742,970,0,2,1,2,0,1,0,0.00,76.49 ,50
02,000,00,009,0392,586 ,1023,7,1030,1336,0,2,1,2,0,1,0,0.00,77.10 ,50
02,000,00,009,0392,587 ,1164,20,1184,1528,0,2,1,2,0,1,0,0.00,77.49 ,50
02,000,00,009,0393,588 ,1040,8,1048,1353,0,2,1,2,0,1,0,0.00,77.46 ,50
02,000,00,009,0393,589 ,950,5,955,1210,0,2,1,2,0,1,0,0.00,78.93 ,50
02,000,00,009,0394,590 ,1028,16,1044,1386,0,2,1,2,0,1,0,0.00,75.32 ,50
02,000,00,009,0395,591 ,1123,20,1143,1464,0,2,1,2,0,1,0,0.00,78.07 ,50
02,000,00,009,0395,592 ,1227,15,1242,1586,0,2,1,2,0,1,0,0.00,78.31 ,50
02,000,00,009,0395,593 ,1155,7,1162,1470,0,2,1,2,0,1,0,0.00,79.05 ,50
02,000,00,009,0396,594 ,910,7,917,1203,0,2,1,2,0,1,0,0.00,76.23 ,50
02,000,00,009,0396,595 ,869,4,873,1133,0,2,1,2,0,1,0,0.00,77.05 ,50
02,000,00,009,0397,596 ,1459,18,1477,1910,0,2,1,2,0,1,0,0.00,77.33 ,50
02,000,00,009,0397,597 ,1596,4,1600,2013,0,2,1,2,0,1,0,0.00,79.48 ,50
02,000,00,009,0398,598 ,879,7,886,1164,0,2,1,2,0,1,0,0.00,76.12 ,50
02,000,00,009,0398,599 ,961,13,974,1282,0,2,1,2,0,1,0,0.00,75.98 ,50
02,000,00,009,0399,600 ,787,6,793,1022,0,2,1,2,0,1,0,0.00,77.59 ,50
02,000,00,009,0399,601 ,742,10,752,994,0,2,1,2,0,1,0,0.00,75.65 ,50
02,000,00,009,0400,602 ,1075,7,1082,1387,0,2,1,2,0,1,0,0.00,78.01 ,50
02,000,00,009,0400,603 ,1162,13,1175,1486,0,2,1,2,0,1,0,0.00,79.07 ,50
02,000,00,009,0401,604 ,1034,8,1042,1367,0,2,1,2,0,1,0,0.00,76.23 ,50
02,000,00,009,0401,605 ,1243,12,1255,1588,0,2,1,2,0,1,0,0.00,79.03 ,50
02,000,00,009,0402,606 ,1048,6,1054,1377,0,2,1,2,0,1,0,0.00,76.54 ,50
02,000,00,009,0402,607 ,1013,13,1026,1353,0,2,1,2,0,1,0,0.00,75.83 ,50
02,000,00,009,0403,608 ,1117,8,1125,1362,0,2,1,2,0,1,0,0.00,82.60 ,50
02,000,00,009,0403,609 ,1021,12,1033,1279,0,2,1,2,0,1,0,0.00,80.77 ,50
02,000,00,009,0404,610 ,1070,28,1098,1390,0,2,1,2,0,1,0,0.00,78.99 ,50
02,000,00,009,0404,611 ,851,10,861,1132,0,2,1,2,0,1,0,0.00,76.06 ,50
02,000,00,009,0405,612 ,899,13,912,1195,0,2,1,2,0,1,0,0.00,76.32 ,50
02,000,00,009,0405,613 ,907,4,911,1174,0,2,1,2,0,1,0,0.00,77.60 ,50
02,000,00,009,0406,614 ,1381,11,1392,1821,0,2,1,2,0,1,0,0.00,76.44 ,50
02,000,00,009,0407,615 ,684,4,688,886,0,2,1,2,0,1,0,0.00,77.65 ,50
02,000,00,009,0407,616 ,797,10,807,1044,0,2,1,2,0,1,0,0.00,77.30 ,50
02,000,00,009,0408,617 ,1168,16,1184,1512,0,2,1,2,0,1,0,0.00,78.31 ,50
02,000,00,009,0408,618 ,1146,6,1152,1511,0,2,1,2,0,1,0,0.00,76.24 ,50
02,000,00,009,0409,619 ,979,7,986,1236,0,2,1,2,0,1,0,0.00,79.77 ,50
02,000,00,009,0409,620 ,983,13,996,1314,0,2,1,2,0,1,0,0.00,75.80 ,50
02,000,00,010,0410,621 ,966,12,978,1315,0,2,1,2,0,1,0,0.00,74.37 ,50
02,000,00,010,0411,622 ,909,11,920,1234,0,2,1,2,0,1,0,0.00,74.55 ,50
02,000,00,010,0412,623 ,1302,18,1320,1742,0,2,1,2,0,1,0,0.00,75.77 ,50
02,000,00,010,0413,624 ,884,10,894,1161,0,2,1,2,0,1,0,0.00,77.00 ,50
02,000,00,010,0413,625 ,712,11,723,999,0,2,1,2,0,1,0,0.00,72.37 ,50
02,000,00,010,0414,626 ,1006,13,1019,1344,0,2,1,2,0,1,0,0.00,75.82 ,50
02,000,00,010,0414,627 ,948,12,960,1314,0,2,1,2,0,1,0,0.00,73.06 ,50
02,000,00,010,0415,628 ,822,8,830,1071,0,2,1,2,0,1,0,0.00,77.50 ,50
02,000,00,010,0416,629 ,1095,15,1110,1554,0,2,1,2,0,1,0,0.00,71.43 ,50
02,000,00,010,0417,630 ,879,9,888,1205,0,2,1,2,0,1,0,0.00,73.69 ,50
02,000,00,010,0417,631 ,885,13,898,1145,0,2,1,2,0,1,0,0.00,78.43 ,50
02,000,00,010,0418,632 ,1266,13,1279,1643,0,2,1,2,0,1,0,0.00,77.85 ,50
02,000,00,010,0419,633 ,550,2,552,817,0,2,1,2,0,1,0,0.00,67.56 ,50
02,000,00,010,0419,634 ,1114,13,1127,1502,0,2,1,2,0,1,0,0.00,75.03 ,50
02,000,00,010,0420,635 ,1176,12,1188,1569,0,2,1,2,0,1,0,0.00,75.72 ,50
02,000,00,010,0421,636 ,771,10,781,1098,0,2,1,2,0,1,0,0.00,71.13 ,50
02,000,00,010,0422,637 ,698,13,711,890,0,2,1,2,0,1,0,0.00,79.89 ,50
02,000,00,010,0422,638 ,779,8,787,999,0,2,1,2,0,1,0,0.00,78.78 ,50
02,000,00,011,0423,639 ,1319,14,1333,1751,0,2,1,2,0,1,0,0.00,76.13 ,50
02,000,00,011,0424,640 ,1118,6,1124,1322,0,2,1,2,0,1,0,0.00,85.02 ,50
02,000,00,011,0424,641 ,906,8,914,1211,0,2,1,2,0,1,0,0.00,75.47 ,50
02,000,00,011,0425,642 ,1416,7,1423,1747,0,2,1,2,0,1,0,0.00,81.45 ,50
02,000,00,011,0426,643 ,952,11,963,1241,0,2,1,2,0,1,0,0.00,77.60 ,50
02,000,00,011,0426,644 ,1053,11,1064,1387,0,2,1,2,0,1,0,0.00,76.71 ,50
02,000,00,011,0427,645 ,1074,10,1084,1390,0,2,1,2,0,1,0,0.00,77.99 ,50
02,000,00,011,0428,646 ,1049,5,1054,1339,0,2,1,2,0,1,0,0.00,78.72 ,50
02,000,00,011,0429,647 ,1138,8,1146,1445,0,2,1,2,0,1,0,0.00,79.31 ,50
02,000,00,011,0430,648 ,1359,15,1374,1721,0,2,1,2,0,1,0,0.00,79.84 ,50
02,000,00,011,0431,649 ,770,6,776,970,0,2,1,2,0,1,0,0.00,80.00 ,50
02,000,00,011,0431,650 ,750,13,763,959,0,2,1,2,0,1,0,0.00,79.56 ,50
02,000,00,011,0432,651 ,947,11,958,1232,0,2,1,2,0,1,0,0.00,77.76 ,50
02,000,00,011,0432,652 ,975,11,986,1273,0,2,1,2,0,1,0,0.00,77.45 ,50
02,000,00,011,0433,653 ,1088,11,1099,1422,0,2,1,2,0,1,0,0.00,77.29 ,50
02,000,00,011,0433,654 ,613,3,616,745,0,2,1,2,0,1,0,0.00,82.68 ,50
02,000,00,011,0434,655 ,1001,12,1013,1324,0,2,1,2,0,1,0,0.00,76.51 ,50
02,000,00,011,0435,656 ,1370,9,1379,1795,0,2,1,2,0,1,0,0.00,76.82 ,50
02,000,00,011,0435,657 ,1431,21,1452,1899,0,2,1,2,0,1,0,0.00,76.46 ,50
02,000,00,011,0436,658 ,1002,6,1008,1305,0,2,1,2,0,1,0,0.00,77.24 ,50
02,000,00,011,0436,659 ,1214,15,1229,1616,0,2,1,2,0,1,0,0.00,76.05 ,50
02,000,00,011,0437,660 ,849,4,853,1116,0,2,1,2,0,1,0,0.00,76.43 ,50
02,000,00,011,0437,661 ,1083,12,1095,1381,0,2,1,2,0,1,0,0.00,79.29 ,50
02,000,00,011,0438,662 ,585,7,592,723,0,2,1,2,0,1,0,0.00,81.88 ,50
02,000,00,011,0439,663 ,1132,12,1144,1440,0,2,1,2,0,1,0,0.00,79.44 ,50
02,000,00,011,0440,664 ,1101,12,1113,1423,0,2,1,2,0,1,0,0.00,78.22 ,50
02,000,00,011,0440,665 ,1085,14,1099,1452,0,2,1,2,0,1,0,0.00,75.69 ,50
02,000,00,011,0441,666 ,1000,9,1009,1282,0,2,1,2,0,1,0,0.00,78.71 ,50
02,000,00,011,0441,667 ,771,10,781,1044,0,2,1,2,0,1,0,0.00,74.81 ,50
02,000,00,011,0442,668 ,1157,13,1170,1462,0,2,1,2,0,1,0,0.00,80.03 ,50
02,000,00,011,0443,669 ,1625,21,1646,2050,0,2,1,2,0,1,0,0.00,80.29 ,50
02,000,00,011,0444,670 ,1237,8,1245,1554,0,2,1,2,0,1,0,0.00,80.12 ,50
02,000,00,011,0445,671 ,1123,11,1134,1456,0,2,1,2,0,1,0,0.00,77.88 ,50
02,000,00,011,0446,672 ,1052,16,1068,1280,0,2,1,2,0,1,0,0.00,83.44 ,50
02,000,00,011,0447,673 ,956,19,975,1246,0,2,1,2,0,1,0,0.00,78.25 ,50
02,000,00,011,0447,674 ,1138,18,1156,1380,0,2,1,2,0,1,0,0.00,83.77 ,50
02,000,00,011,0448,675 ,733,13,746,938,0,2,1,2,0,1,0,0.00,79.53 ,50
02,000,00,011,0449,676 ,752,9,761,968,0,2,1,2,0,1,0,0.00,78.62 ,50
02,000,00,011,0450,677 ,822,6,828,999,0,2,1,2,0,1,0,0.00,82.88 ,50
02,000,00,011,0450,678 ,1218,19,1237,1664,0,2,1,2,0,1,0,0.00,74.34 ,50
02,000,00,011,0451,679 ,1317,15,1332,1706,0,2,1,2,0,1,0,0.00,78.08 ,50
02,000,00,011,0452,680 ,1075,7,1082,1331,0,2,1,2,0,1,0,0.00,81.29 ,50
02,000,00,011,0453,681 ,1538,17,1555,2033,0,2,1,2,0,1,0,0.00,76.49 ,50
02,000,00,011,0453,682 ,1506,13,1519,2005,0,2,1,2,0,1,0,0.00,75.76 ,50
02,000,00,011,0454,683 ,691,4,695,914,0,2,1,2,0,1,0,0.00,76.04 ,50
02,000,00,011,0454,684 ,888,12,900,1143,0,2,1,2,0,1,0,0.00,78.74 ,50
02,000,00,011,0455,685 ,1413,15,1428,1736,0,2,1,2,0,1,0,0.00,82.26 ,50
02,000,00,011,0456,686 ,1507,18,1525,1863,0,2,1,2,0,1,0,0.00,81.86 ,50
02,000,00,011,0457,687 ,1090,8,1098,1383,0,2,1,2,0,1,0,0.00,79.39 ,50
02,000,00,011,0458,688 ,758,7,765,969,0,2,1,2,0,1,0,0.00,78.95 ,50
02,000,00,011,0458,689 ,821,10,831,1123,0,2,1,2,0,1,0,0.00,74.00 ,50
02,000,00,011,0459,690 ,1455,16,1471,1960,0,2,1,2,0,1,0,0.00,75.05 ,50
02,000,00,011,0460,691 ,1087,9,1096,1363,0,2,1,2,0,1,0,0.00,80.41 ,50
02,000,00,011,0461,692 ,1353,10,1363,1899,0,2,1,2,0,1,0,0.00,71.77 ,50
02,000,00,011,0461,693 ,1245,13,1258,1849,0,2,1,2,0,1,0,0.00,68.04 ,50
02,000,00,011,0462,694 ,1408,12,1420,2026,0,2,1,2,0,1,0,0.00,70.09 ,50
02,000,00,011,0463,695 ,823,12,835,1203,0,2,1,2,0,1,0,0.00,69.41 ,50
02,000,00,011,0463,696 ,660,7,667,936,0,2,1,2,0,1,0,0.00,71.26 ,50
02,000,00,011,0464,697 ,762,15,777,1155,0,2,1,2,0,1,0,0.00,67.27 ,50
02,000,00,011,0464,698 ,886,7,893,1227,0,2,1,2,0,1,0,0.00,72.78 ,50
02,000,00,011,0465,699 ,1018,13,1031,1478,0,2,1,2,0,1,0,0.00,69.76 ,50
02,000,00,011,0465,700 ,625,5,630,900,0,2,1,2,0,1,0,0.00,70.00 ,50
03,001,00,001,0001,1 ,945,9,954,1242,0,2,1,2,0,1,0,0.00,76.81 ,50
03,001,00,001,0002,2 ,994,2,996,1295,0,2,1,2,0,1,0,0.00,76.91 ,50
03,001,00,001,0003,3 ,448,3,451,568,0,2,1,2,0,1,0,0.00,79.40 ,50
03,001,00,001,0004,4 ,882,9,891,1149,0,2,1,2,0,1,0,0.00,77.55 ,50
03,001,00,001,0005,5 ,680,4,684,887,0,2,1,2,0,1,0,0.00,77.11 ,50
03,001,00,001,0005,6 ,568,2,570,765,0,2,1,2,0,1,0,0.00,74.51 ,50
03,001,00,001,0006,7 ,714,3,717,938,0,2,1,2,0,1,0,0.00,76.44 ,50
03,001,00,001,0006,8 ,746,11,757,967,0,2,1,2,0,1,0,0.00,78.28 ,50
03,001,00,001,0006,9 ,629,14,643,873,0,2,1,2,0,1,0,0.00,73.65 ,50
03,001,00,001,0006,10 ,859,4,863,1149,0,2,1,2,0,1,0,0.00,75.11 ,50
03,001,00,001,0007,11 ,958,10,968,1271,0,2,1,2,0,1,0,0.00,76.16 ,50
03,001,00,001,0007,12 ,917,9,926,1224,0,2,1,2,0,1,0,0.00,75.65 ,50
03,001,00,001,0008,13 ,803,9,812,1014,0,2,1,2,0,1,0,0.00,80.08 ,50
03,001,00,001,0008,14 ,1051,13,1064,1388,0,2,1,2,0,1,0,0.00,76.66 ,50
03,001,00,001,0008,15 ,822,2,824,1108,0,2,1,2,0,1,0,0.00,74.37 ,50
03,001,00,001,0008,16 ,710,10,720,966,0,2,1,2,0,1,0,0.00,74.53 ,50
03,001,00,001,0009,17 ,814,7,821,1053,0,2,1,2,0,1,0,0.00,77.97 ,50
03,001,00,001,0009,18 ,794,7,801,1042,0,2,1,2,0,1,0,0.00,76.87 ,50
03,001,00,001,0009,19 ,780,13,793,1009,0,2,1,2,0,1,0,0.00,78.59 ,50
03,001,00,001,0010,20 ,742,4,746,948,0,2,1,2,0,1,0,0.00,78.69 ,50
03,001,00,001,0010,21 ,793,2,795,1056,0,2,1,2,0,1,0,0.00,75.28 ,50
03,001,00,001,0011,22 ,838,17,855,1197,0,2,1,2,0,1,0,0.00,71.43 ,50
03,001,00,001,0011,23 ,947,13,960,1246,0,2,1,2,0,1,0,0.00,77.05 ,50
03,001,00,001,0011,24 ,864,10,874,1136,0,2,1,2,0,1,0,0.00,76.94 ,50
03,001,00,001,0012,25 ,869,7,876,1091,0,2,1,2,0,1,0,0.00,80.29 ,50
03,001,00,001,0012,26 ,800,4,804,995,0,2,1,2,0,1,0,0.00,80.80 ,50
03,001,00,001,0012,27 ,883,8,891,1164,0,2,1,2,0,1,0,0.00,76.55 ,50
03,001,00,001,0012,28 ,859,8,867,1087,0,2,1,2,0,1,0,0.00,79.76 ,50
03,001,00,001,0013,29 ,965,7,972,1260,0,2,1,2,0,1,0,0.00,77.14 ,50
03,001,00,001,0013,30 ,854,8,862,1105,0,2,1,2,0,1,0,0.00,78.01 ,50
03,001,00,001,0014,31 ,895,10,905,1173,0,2,1,2,0,1,0,0.00,77.15 ,50
03,001,00,001,0014,32 ,761,5,766,961,0,2,1,2,0,1,0,0.00,79.71 ,50
03,001,00,001,0015,33 ,829,8,837,1082,0,2,1,2,0,1,0,0.00,77.36 ,50
03,001,00,001,0015,34 ,829,5,834,1082,0,2,1,2,0,1,0,0.00,77.08 ,50
03,001,00,001,0016,35 ,669,2,671,852,0,2,1,2,0,1,0,0.00,78.76 ,50
03,001,00,001,0016,36 ,1004,7,1011,1243,0,2,1,2,0,1,0,0.00,81.34 ,50
03,001,00,001,0016,37 ,486,5,491,643,0,2,1,2,0,1,0,0.00,76.36 ,50
03,001,00,001,0017,38 ,647,8,655,876,0,2,1,2,0,1,0,0.00,74.77 ,50
03,001,00,001,0017,39 ,489,3,492,613,0,2,1,2,0,1,0,0.00,80.26 ,50
03,001,00,001,0018,40 ,885,7,892,1178,0,2,1,2,0,1,0,0.00,75.72 ,50
03,001,00,001,0018,41 ,936,7,943,1175,0,2,1,2,0,1,0,0.00,80.26 ,50
03,001,00,001,0018,42 ,798,10,808,1013,0,2,1,2,0,1,0,0.00,79.76 ,50
03,001,00,001,0019,43 ,810,8,818,1094,0,2,1,2,0,1,0,0.00,74.77 ,50
03,001,00,001,0019,44 ,789,13,802,1042,0,2,1,2,0,1,0,0.00,76.97 ,50
03,001,00,001,0019,45 ,742,5,747,965,0,2,1,2,0,1,0,0.00,77.41 ,50
03,001,00,001,0020,46 ,798,16,814,1124,0,2,1,2,0,1,0,0.00,72.42 ,50
03,001,00,001,0020,47 ,778,12,790,1045,0,2,1,2,0,1,0,0.00,75.60 ,50
03,001,00,001,0020,48 ,617,4,621,824,0,2,1,2,0,1,0,0.00,75.36 ,50
03,001,00,001,0020,49 ,709,13,722,952,0,2,1,2,0,1,0,0.00,75.84 ,50
03,001,00,001,0021,50 ,935,7,942,1209,0,2,1,2,0,1,0,0.00,77.92 ,50
03,001,00,001,0021,51 ,1028,7,1035,1295,0,2,1,2,0,1,0,0.00,79.92 ,50
03,001,00,001,0021,52 ,724,4,728,956,0,2,1,2,0,1,0,0.00,76.15 ,50
03,001,00,001,0021,53 ,677,4,681,873,0,2,1,2,0,1,0,0.00,78.01 ,50
03,001,00,001,0022,54 ,770,9,779,982,0,2,1,2,0,1,0,0.00,79.33 ,50
03,001,00,001,0022,55 ,800,8,808,1005,0,2,1,2,0,1,0,0.00,80.40 ,50
03,001,00,001,0022,56 ,841,16,857,1174,0,2,1,2,0,1,0,0.00,73.00 ,50
03,001,00,001,0023,57 ,1182,11,1193,1525,0,2,1,2,0,1,0,0.00,78.23 ,50
03,001,00,001,0023,58 ,863,9,872,1099,0,2,1,2,0,1,0,0.00,79.34 ,50
03,001,00,001,0023,59 ,880,12,892,1145,0,2,1,2,0,1,0,0.00,77.90 ,50
03,001,00,001,0024,60 ,708,11,719,902,0,2,1,2,0,1,0,0.00,79.71 ,50
03,001,00,001,0024,61 ,796,5,801,1006,0,2,1,2,0,1,0,0.00,79.62 ,50
03,001,00,001,0024,62 ,892,11,903,1133,0,2,1,2,0,1,0,0.00,79.70 ,50
03,001,00,001,0025,63 ,883,9,892,1192,0,2,1,2,0,1,0,0.00,74.83 ,50
03,001,00,001,0025,64 ,867,8,875,1123,0,2,1,2,0,1,0,0.00,77.92 ,50
03,001,00,001,0025,65 ,1013,15,1028,1334,0,2,1,2,0,1,0,0.00,77.06 ,50
03,001,00,001,0026,66 ,720,7,727,916,0,2,1,2,0,1,0,0.00,79.37 ,50
03,001,00,001,0026,67 ,887,5,892,1152,0,2,1,2,0,1,0,0.00,77.43 ,50
03,001,00,001,0026,68 ,762,7,769,1018,0,2,1,2,0,1,0,0.00,75.54 ,50
03,001,00,001,0027,69 ,663,9,672,873,0,2,1,2,0,1,0,0.00,76.98 ,50
03,001,00,001,0027,70 ,726,7,733,936,0,2,1,2,0,1,0,0.00,78.31 ,50
03,001,00,001,0028,71 ,807,5,812,991,0,2,1,2,0,1,0,0.00,81.94 ,50
03,001,00,001,0028,72 ,800,6,806,1000,0,2,1,2,0,1,0,0.00,80.60 ,50
03,001,00,001,0029,73 ,901,8,909,1152,0,2,1,2,0,1,0,0.00,78.91 ,50
03,001,00,001,0029,74 ,826,11,837,1084,0,2,1,2,0,1,0,0.00,77.21 ,50
03,001,00,001,0030,75 ,744,6,750,959,0,2,1,2,0,1,0,0.00,78.21 ,50
03,001,00,001,0030,76 ,806,7,813,1010,0,2,1,2,0,1,0,0.00,80.50 ,50
03,001,00,001,0031,77 ,811,4,815,1080,0,2,1,2,0,1,0,0.00,75.46 ,50
03,001,00,001,0031,78 ,978,14,992,1303,0,2,1,2,0,1,0,0.00,76.13 ,50
03,001,00,001,0032,79 ,667,10,677,935,0,2,1,2,0,1,0,0.00,72.41 ,50
03,001,00,001,0032,80 ,845,7,852,1107,0,2,1,2,0,1,0,0.00,76.96 ,50
03,001,00,001,0033,81 ,495,8,503,713,0,2,1,2,0,1,0,0.00,70.55 ,50
03,001,00,001,0033,82 ,669,3,672,892,0,2,1,2,0,1,0,0.00,75.34 ,50
03,001,00,001,0033,83 ,780,12,792,1014,0,2,1,2,0,1,0,0.00,78.11 ,50
03,001,00,001,0034,84 ,862,5,867,1133,0,2,1,2,0,1,0,0.00,76.52 ,50
03,001,00,001,0034,85 ,926,9,935,1199,0,2,1,2,0,1,0,0.00,77.98 ,50
03,001,00,001,0034,86 ,910,12,922,1176,0,2,1,2,0,1,0,0.00,78.40 ,50
03,001,00,001,0035,87 ,807,7,814,1056,0,2,1,2,0,1,0,0.00,77.08 ,50
03,001,00,001,0035,88 ,832,9,841,1080,0,2,1,2,0,1,0,0.00,77.87 ,50
03,001,00,001,0035,89 ,662,7,669,833,0,2,1,2,0,1,0,0.00,80.31 ,50
03,001,00,001,0036,90 ,881,11,892,1110,0,2,1,2,0,1,0,0.00,80.36 ,50
03,001,00,001,0036,91 ,651,9,660,886,0,2,1,2,0,1,0,0.00,74.49 ,50
03,001,00,001,0036,92 ,809,9,818,1051,0,2,1,2,0,1,0,0.00,77.83 ,50
03,001,00,001,0036,93 ,664,8,672,850,0,2,1,2,0,1,0,0.00,79.06 ,50
03,001,00,001,0037,94 ,874,6,880,1141,0,2,1,2,0,1,0,0.00,77.13 ,50
03,001,00,001,0037,95 ,655,8,663,900,0,2,1,2,0,1,0,0.00,73.67 ,50
03,001,00,001,0038,96 ,940,15,955,1231,0,2,1,2,0,1,0,0.00,77.58 ,50
03,001,00,001,0038,97 ,984,12,996,1294,0,2,1,2,0,1,0,0.00,76.97 ,50
03,001,00,001,0039,98 ,842,11,853,1093,0,2,1,2,0,1,0,0.00,78.04 ,50
03,001,00,001,0039,99 ,826,12,838,1091,0,2,1,2,0,1,0,0.00,76.81 ,50
03,001,00,001,0040,100 ,915,15,930,1169,0,2,1,2,0,1,0,0.00,79.56 ,50
03,001,00,001,0040,101 ,971,5,976,1278,0,2,1,2,0,1,0,0.00,76.37 ,50
03,001,00,001,0041,102 ,747,9,756,986,0,2,1,2,0,1,0,0.00,76.67 ,50
03,001,00,001,0041,103 ,1065,12,1077,1345,0,2,1,2,0,1,0,0.00,80.07 ,50
03,001,00,001,0041,104 ,974,10,984,1245,0,2,1,2,0,1,0,0.00,79.04 ,50
03,001,00,001,0042,105 ,598,4,602,782,0,2,1,2,0,1,0,0.00,76.98 ,50
03,001,00,001,0042,106 ,572,8,580,754,0,2,1,2,0,1,0,0.00,76.92 ,50
03,001,00,001,0042,107 ,803,6,809,1078,0,2,1,2,0,1,0,0.00,75.05 ,50
03,001,00,001,0043,108 ,981,9,990,1330,0,2,1,2,0,1,0,0.00,74.44 ,50
03,001,00,001,0043,109 ,1062,11,1073,1399,0,2,1,2,0,1,0,0.00,76.70 ,50
03,001,00,001,0044,110 ,994,10,1004,1343,0,2,1,2,0,1,0,0.00,74.76 ,50
03,001,00,001,0044,111 ,845,4,849,1110,0,2,1,2,0,1,0,0.00,76.49 ,50
03,001,00,001,0045,112 ,957,6,963,1319,0,2,1,2,0,1,0,0.00,73.01 ,50
03,001,00,001,0045,113 ,901,4,905,1268,0,2,1,2,0,1,0,0.00,71.37 ,50
03,001,00,001,0046,114 ,480,7,487,608,0,2,1,2,0,1,0,0.00,80.10 ,50
03,001,00,001,0046,115 ,548,6,554,731,0,2,1,2,0,1,0,0.00,75.79 ,50
03,001,00,001,0046,116 ,983,10,993,1302,0,2,1,2,0,1,0,0.00,76.27 ,50
03,001,00,001,0047,117 ,626,8,634,869,0,2,1,2,0,1,0,0.00,72.96 ,50
03,001,00,001,0047,118 ,806,12,818,1038,0,2,1,2,0,1,0,0.00,78.81 ,50
03,001,00,001,0047,119 ,882,6,888,1162,0,2,1,2,0,1,0,0.00,76.42 ,50
03,001,00,001,0047,120 ,833,7,840,1090,0,2,1,2,0,1,0,0.00,77.06 ,50
03,001,00,001,0048,121 ,864,10,874,1150,0,2,1,2,0,1,0,0.00,76.00 ,50
03,001,00,001,0048,122 ,998,6,1004,1330,0,2,1,2,0,1,0,0.00,75.49 ,50
03,001,00,001,0049,123 ,948,7,955,1240,0,2,1,2,0,1,0,0.00,77.02 ,50
03,001,00,001,0049,124 ,1029,11,1040,1333,0,2,1,2,0,1,0,0.00,78.02 ,50
03,001,00,001,0050,125 ,668,7,675,913,0,2,1,2,0,1,0,0.00,73.93 ,50
03,001,00,001,0050,126 ,806,6,812,1074,0,2,1,2,0,1,0,0.00,75.61 ,50
03,001,00,001,0050,127 ,787,7,794,1008,0,2,1,2,0,1,0,0.00,78.77 ,50
03,001,00,001,0051,128 ,828,10,838,1120,0,2,1,2,0,1,0,0.00,74.82 ,50
03,001,00,001,0051,129 ,674,8,682,936,0,2,1,2,0,1,0,0.00,72.86 ,50
03,001,00,001,0052,130 ,880,9,889,1165,0,2,1,2,0,1,0,0.00,76.31 ,50
03,001,00,001,0052,131 ,1009,6,1015,1341,0,2,1,2,0,1,0,0.00,75.69 ,50
03,001,00,001,0053,132 ,854,8,862,1100,0,2,1,2,0,1,0,0.00,78.36 ,50
03,001,00,001,0053,133 ,806,9,815,1113,0,2,1,2,0,1,0,0.00,73.23 ,50
03,001,00,001,0054,134 ,913,5,918,1226,0,2,1,2,0,1,0,0.00,74.88 ,50
03,001,00,001,0054,135 ,866,11,877,1151,0,2,1,2,0,1,0,0.00,76.19 ,50
03,001,00,001,0054,136 ,763,10,773,1013,0,2,1,2,0,1,0,0.00,76.31 ,50
03,001,00,001,0055,137 ,917,9,926,1223,0,2,1,2,0,1,0,0.00,75.72 ,50
03,001,00,001,0055,138 ,799,4,803,1018,0,2,1,2,0,1,0,0.00,78.88 ,50
03,001,00,001,0056,139 ,782,3,785,980,0,2,1,2,0,1,0,0.00,80.10 ,50
03,001,00,001,0056,140 ,782,8,790,1015,0,2,1,2,0,1,0,0.00,77.83 ,50
03,001,00,001,0057,141 ,810,9,819,1084,0,2,1,2,0,1,0,0.00,75.55 ,50
03,001,00,001,0057,142 ,726,9,735,924,0,2,1,2,0,1,0,0.00,79.55 ,50
03,001,00,001,0057,143 ,700,8,708,923,0,2,1,2,0,1,0,0.00,76.71 ,50
03,001,00,001,0058,144 ,947,16,963,1299,0,2,1,2,0,1,0,0.00,74.13 ,50
03,001,00,001,0058,145 ,1011,7,1018,1307,0,2,1,2,0,1,0,0.00,77.89 ,50
03,001,00,001,0059,146 ,829,13,842,1150,0,2,1,2,0,1,0,0.00,73.22 ,50
03,001,00,001,0059,147 ,769,8,777,1049,0,2,1,2,0,1,0,0.00,74.07 ,50
03,001,00,001,0059,148 ,949,9,958,1303,0,2,1,2,0,1,0,0.00,73.52 ,50
03,001,00,001,0060,149 ,574,4,578,787,0,2,1,2,0,1,0,0.00,73.44 ,50
03,001,00,001,0060,150 ,739,8,747,970,0,2,1,2,0,1,0,0.00,77.01 ,50
03,001,00,001,0061,151 ,945,8,953,1202,0,2,1,2,0,1,0,0.00,79.28 ,50
03,001,00,001,0061,152 ,660,6,666,884,0,2,1,2,0,1,0,0.00,75.34 ,50
03,001,00,001,0061,153 ,950,12,962,1210,0,2,1,2,0,1,0,0.00,79.50 ,50
03,001,00,001,0061,154 ,628,8,636,847,0,2,1,2,0,1,0,0.00,75.09 ,50
03,001,00,001,0062,155 ,912,1,913,1180,0,2,1,2,0,1,0,0.00,77.37 ,50
03,001,00,001,0062,156 ,931,10,941,1165,0,2,1,2,0,1,0,0.00,80.77 ,50
03,001,00,001,0062,157 ,771,9,780,967,0,2,1,2,0,1,0,0.00,80.66 ,50
03,001,00,001,0063,158 ,817,15,832,1055,0,2,1,2,0,1,0,0.00,78.86 ,50
03,001,00,001,0063,159 ,824,10,834,1069,0,2,1,2,0,1,0,0.00,78.02 ,50
03,001,00,001,0063,160 ,706,11,717,910,0,2,1,2,0,1,0,0.00,78.79 ,50
03,001,00,001,0064,161 ,860,5,865,1156,0,2,1,2,0,1,0,0.00,74.83 ,50
03,001,00,001,0064,162 ,950,12,962,1262,0,2,1,2,0,1,0,0.00,76.23 ,50
03,001,00,001,0065,163 ,976,8,984,1263,0,2,1,2,0,1,0,0.00,77.91 ,50
03,001,00,001,0065,164 ,936,8,944,1235,0,2,1,2,0,1,0,0.00,76.44 ,50
03,001,00,001,0065,165 ,954,7,961,1274,0,2,1,2,0,1,0,0.00,75.43 ,50
03,001,00,001,0066,166 ,603,4,607,807,0,2,1,2,0,1,0,0.00,75.22 ,50
03,001,00,001,0066,167 ,606,2,608,776,0,2,1,2,0,1,0,0.00,78.35 ,50
03,001,00,001,0067,168 ,955,13,968,1213,0,2,1,2,0,1,0,0.00,79.80 ,50
03,001,00,001,0067,169 ,755,16,771,983,0,2,1,2,0,1,0,0.00,78.43 ,50
03,001,00,001,0068,170 ,774,11,785,1044,0,2,1,2,0,1,0,0.00,75.19 ,50
03,001,00,001,0068,171 ,743,12,755,1012,0,2,1,2,0,1,0,0.00,74.60 ,50
03,001,00,001,0069,172 ,1048,13,1061,1336,0,2,1,2,0,1,0,0.00,79.42 ,50
03,001,00,001,0069,173 ,854,12,866,1061,0,2,1,2,0,1,0,0.00,81.62 ,50
03,001,00,001,0070,174 ,674,10,684,861,0,2,1,2,0,1,0,0.00,79.44 ,50
03,001,00,001,0070,175 ,805,8,813,1051,0,2,1,2,0,1,0,0.00,77.35 ,50
03,001,00,001,0070,176 ,707,8,715,929,0,2,1,2,0,1,0,0.00,76.96 ,50
03,001,00,001,0070,177 ,820,8,828,1125,0,2,1,2,0,1,0,0.00,73.60 ,50
03,001,00,001,0071,178 ,927,8,935,1246,0,2,1,2,0,1,0,0.00,75.04 ,50
03,001,00,001,0071,179 ,876,12,888,1118,0,2,1,2,0,1,0,0.00,79.43 ,50
03,001,00,001,0072,180 ,819,9,828,1049,0,2,1,2,0,1,0,0.00,78.93 ,50
03,001,00,001,0072,181 ,867,7,874,1069,0,2,1,2,0,1,0,0.00,81.76 ,50
03,001,00,001,0073,182 ,743,12,755,976,0,2,1,2,0,1,0,0.00,77.36 ,50
03,001,00,001,0073,183 ,945,15,960,1236,0,2,1,2,0,1,0,0.00,77.67 ,50
03,001,00,001,0073,184 ,866,11,877,1139,0,2,1,2,0,1,0,0.00,77.00 ,50
03,001,00,001,0074,185 ,925,11,936,1199,0,2,1,2,0,1,0,0.00,78.07 ,50
03,001,00,001,0074,186 ,883,15,898,1180,0,2,1,2,0,1,0,0.00,76.10 ,50
03,001,00,001,0075,187 ,988,7,995,1344,0,2,1,2,0,1,0,0.00,74.03 ,50
03,001,00,001,0075,188 ,978,7,985,1285,0,2,1,2,0,1,0,0.00,76.65 ,50
03,001,00,001,0076,189 ,511,5,516,652,0,2,1,2,0,1,0,0.00,79.14 ,50
03,001,00,001,0076,190 ,529,5,534,729,0,2,1,2,0,1,0,0.00,73.25 ,50
03,001,00,001,0077,191 ,859,5,864,1134,0,2,1,2,0,1,0,0.00,76.19 ,50
03,001,00,001,0077,192 ,722,6,728,943,0,2,1,2,0,1,0,0.00,77.20 ,50
03,001,00,001,0078,193 ,876,14,890,1214,0,2,1,2,0,1,0,0.00,73.31 ,50
03,001,00,001,0078,194 ,958,17,975,1281,0,2,1,2,0,1,0,0.00,76.11 ,50
03,001,00,001,0079,195 ,683,7,690,980,0,2,1,2,0,1,0,0.00,70.41 ,50
03,001,00,001,0079,196 ,724,12,736,971,0,2,1,2,0,1,0,0.00,75.80 ,50
03,001,00,001,0079,197 ,715,8,723,934,0,2,1,2,0,1,0,0.00,77.41 ,50
03,001,00,001,0080,198 ,642,9,651,867,0,2,1,2,0,1,0,0.00,75.09 ,50
03,001,00,001,0080,199 ,897,5,902,1190,0,2,1,2,0,1,0,0.00,75.80 ,50
03,001,00,001,0080,200 ,842,6,848,1083,0,2,1,2,0,1,0,0.00,78.30 ,50
03,001,00,001,0080,201 ,617,3,620,823,0,2,1,2,0,1,0,0.00,75.33 ,50
03,001,00,001,0081,202 ,691,11,702,914,0,2,1,2,0,1,0,0.00,76.81 ,50
03,001,00,001,0081,203 ,660,3,663,837,0,2,1,2,0,1,0,0.00,79.21 ,50
03,001,00,001,0081,204 ,717,5,722,979,0,2,1,2,0,1,0,0.00,73.75 ,50
03,001,00,001,0082,205 ,810,12,822,1039,0,2,1,2,0,1,0,0.00,79.11 ,50
03,001,00,001,0082,206 ,656,4,660,849,0,2,1,2,0,1,0,0.00,77.74 ,50
03,001,00,001,0083,207 ,756,9,765,992,0,2,1,2,0,1,0,0.00,77.12 ,50
03,001,00,001,0083,208 ,914,11,925,1155,0,2,1,2,0,1,0,0.00,80.09 ,50
03,001,00,001,0083,209 ,817,15,832,1071,0,2,1,2,0,1,0,0.00,77.68 ,50
03,001,00,001,0084,210 ,493,4,497,684,0,2,1,2,0,1,0,0.00,72.66 ,50
03,001,00,001,0084,211 ,576,7,583,760,0,2,1,2,0,1,0,0.00,76.71 ,50
03,001,00,001,0085,212 ,909,12,921,1246,0,2,1,2,0,1,0,0.00,73.92 ,50
03,001,00,001,0085,213 ,935,10,945,1256,0,2,1,2,0,1,0,0.00,75.24 ,50
03,001,00,001,0086,214 ,701,3,704,942,0,2,1,2,0,1,0,0.00,74.73 ,50
03,001,00,001,0086,215 ,739,6,745,982,0,2,1,2,0,1,0,0.00,75.87 ,50
03,001,00,001,0087,216 ,602,6,608,801,0,2,1,2,0,1,0,0.00,75.91 ,50
03,001,00,001,0087,217 ,579,5,584,781,0,2,1,2,0,1,0,0.00,74.78 ,50
03,001,00,001,0088,218 ,833,7,840,1140,0,2,1,2,0,1,0,0.00,73.68 ,50
03,001,00,001,0088,219 ,990,8,998,1231,0,2,1,2,0,1,0,0.00,81.07 ,50
03,001,00,001,0089,220 ,845,7,852,1085,0,2,1,2,0,1,0,0.00,78.53 ,50
03,001,00,001,0089,221 ,847,8,855,1135,0,2,1,2,0,1,0,0.00,75.33 ,50
03,001,00,001,0089,222 ,725,5,730,939,0,2,1,2,0,1,0,0.00,77.74 ,50
03,001,00,001,0090,223 ,841,10,851,1138,0,2,1,2,0,1,0,0.00,74.78 ,50
03,001,00,001,0090,224 ,768,11,779,1042,0,2,1,2,0,1,0,0.00,74.76 ,50
03,001,00,001,0091,225 ,986,2,988,1274,0,2,1,2,0,1,0,0.00,77.55 ,50
03,001,00,001,0091,226 ,797,6,803,1076,0,2,1,2,0,1,0,0.00,74.63 ,50
03,001,00,001,0092,227 ,889,10,899,1163,0,2,1,2,0,1,0,0.00,77.30 ,50
03,001,00,001,0092,228 ,945,13,958,1207,0,2,1,2,0,1,0,0.00,79.37 ,50
03,001,00,001,0092,229 ,1025,9,1034,1264,0,2,1,2,0,1,0,0.00,81.80 ,50
03,001,00,001,0093,230 ,916,11,927,1185,0,2,1,2,0,1,0,0.00,78.23 ,50
03,001,00,001,0093,231 ,972,11,983,1269,0,2,1,2,0,1,0,0.00,77.46 ,50
03,001,00,001,0094,232 ,900,12,912,1168,0,2,1,2,0,1,0,0.00,78.08 ,50
03,001,00,001,0094,233 ,796,5,801,1048,0,2,1,2,0,1,0,0.00,76.43 ,50
03,001,00,001,0095,234 ,852,6,858,1059,0,2,1,2,0,1,0,0.00,81.02 ,50
03,001,00,001,0095,235 ,1056,10,1066,1345,0,2,1,2,0,1,0,0.00,79.26 ,50
03,001,00,001,0096,236 ,905,9,914,1183,0,2,1,2,0,1,0,0.00,77.26 ,50
03,001,00,001,0096,237 ,708,12,720,908,0,2,1,2,0,1,0,0.00,79.30 ,50
03,001,00,001,0096,238 ,669,9,678,857,0,2,1,2,0,1,0,0.00,79.11 ,50
03,001,00,001,0096,239 ,761,9,770,998,0,2,1,2,0,1,0,0.00,77.15 ,50
03,001,00,001,0097,240 ,1071,8,1079,1440,0,2,1,2,0,1,0,0.00,74.93 ,50
03,001,00,001,0097,241 ,732,6,738,984,0,2,1,2,0,1,0,0.00,75.00 ,50
03,001,00,001,0097,242 ,850,7,857,1098,0,2,1,2,0,1,0,0.00,78.05 ,50
03,001,00,001,0098,243 ,753,8,761,1004,0,2,1,2,0,1,0,0.00,75.80 ,50
03,001,00,001,0098,244 ,855,11,866,1125,0,2,1,2,0,1,0,0.00,76.98 ,50
03,001,00,001,0098,245 ,812,10,822,1111,0,2,1,2,0,1,0,0.00,73.99 ,50
03,001,00,001,0098,246 ,908,13,921,1186,0,2,1,2,0,1,0,0.00,77.66 ,50
03,001,00,001,0099,247 ,791,7,798,951,0,2,1,2,0,1,0,0.00,83.91 ,50
03,001,00,001,0099,248 ,675,2,677,876,0,2,1,2,0,1,0,0.00,77.28 ,50
03,001,00,001,0099,249 ,706,11,717,917,0,2,1,2,0,1,0,0.00,78.19 ,50
03,001,00,001,0100,250 ,626,6,632,882,0,2,1,2,0,1,0,0.00,71.66 ,50
03,001,00,001,0101,251 ,792,13,805,1042,0,2,1,2,0,1,0,0.00,77.26 ,50
03,001,00,001,0101,252 ,779,9,788,1075,0,2,1,2,0,1,0,0.00,73.30 ,50
03,001,00,001,0102,253 ,902,6,908,1132,0,2,1,2,0,1,0,0.00,80.21 ,50
03,001,00,001,0102,254 ,853,11,864,1123,0,2,1,2,0,1,0,0.00,76.94 ,50
03,001,00,001,0102,255 ,888,9,897,1195,0,2,1,2,0,1,0,0.00,75.06 ,50
03,001,00,001,0103,256 ,802,9,811,1060,0,2,1,2,0,1,0,0.00,76.51 ,50
03,001,00,001,0103,257 ,943,11,954,1238,0,2,1,2,0,1,0,0.00,77.06 ,50
03,001,00,001,0104,258 ,828,9,837,1105,0,2,1,2,0,1,0,0.00,75.75 ,50
03,001,00,001,0104,259 ,866,9,875,1150,0,2,1,2,0,1,0,0.00,76.09 ,50
03,001,00,001,0105,260 ,669,3,672,824,0,2,1,2,0,1,0,0.00,81.55 ,50
03,001,00,001,0105,261 ,621,3,624,806,0,2,1,2,0,1,0,0.00,77.42 ,50
03,001,00,001,0106,262 ,888,16,904,1166,0,2,1,2,0,1,0,0.00,77.53 ,50
03,001,00,001,0106,263 ,887,5,892,1245,0,2,1,2,0,1,0,0.00,71.65 ,50
03,001,00,001,0106,264 ,1044,11,1055,1353,0,2,1,2,0,1,0,0.00,77.97 ,50
03,001,00,001,0107,265 ,520,8,528,665,0,2,1,2,0,1,0,0.00,79.40 ,50
03,001,00,001,0107,266 ,1140,14,1154,1504,0,2,1,2,0,1,0,0.00,76.73 ,50
03,001,00,001,0107,267 ,868,4,872,1160,0,2,1,2,0,1,0,0.00,75.17 ,50
03,001,00,001,0108,268 ,813,15,828,1038,0,2,1,2,0,1,0,0.00,79.77 ,50
03,001,00,001,0108,269 ,741,9,750,948,0,2,1,2,0,1,0,0.00,79.11 ,50
03,001,00,001,0108,270 ,893,17,910,1149,0,2,1,2,0,1,0,0.00,79.20 ,50
03,001,00,001,0109,271 ,889,9,898,1258,0,2,1,2,0,1,0,0.00,71.38 ,50
03,001,00,001,0109,272 ,817,15,832,1201,0,2,1,2,0,1,0,0.00,69.28 ,50
03,001,00,001,0109,273 ,625,8,633,1143,0,2,1,2,0,1,0,0.00,55.38 ,50
03,001,00,001,0110,274 ,813,9,822,1083,0,2,1,2,0,1,0,0.00,75.90 ,50
03,001,00,001,0110,275 ,946,13,959,1291,0,2,1,2,0,1,0,0.00,74.28 ,50
03,001,00,001,0110,276 ,958,12,970,1299,0,2,1,2,0,1,0,0.00,74.67 ,50
03,001,00,001,0111,277 ,843,11,854,1146,0,2,1,2,0,1,0,0.00,74.52 ,50
03,001,00,001,0111,278 ,573,6,579,741,0,2,1,2,0,1,0,0.00,78.14 ,50
03,001,00,001,0111,279 ,554,6,560,698,0,2,1,2,0,1,0,0.00,80.23 ,50
03,001,00,001,0112,280 ,905,11,916,1162,0,2,1,2,0,1,0,0.00,78.83 ,50
03,001,00,001,0112,281 ,958,16,974,1258,0,2,1,2,0,1,0,0.00,77.42 ,50
03,001,00,001,0113,282 ,779,10,789,1052,0,2,1,2,0,1,0,0.00,75.00 ,50
03,001,00,001,0114,283 ,746,13,759,1046,0,2,1,2,0,1,0,0.00,72.56 ,50
03,001,00,001,0114,284 ,667,6,673,919,0,2,1,2,0,1,0,0.00,73.23 ,50
03,001,00,001,0114,285 ,817,8,825,1074,0,2,1,2,0,1,0,0.00,76.82 ,50
03,001,00,001,0114,286 ,725,7,732,988,0,2,1,2,0,1,0,0.00,74.09 ,50
03,001,00,001,0115,287 ,861,27,888,1111,0,2,1,2,0,1,0,0.00,79.93 ,50
03,001,00,001,0115,288 ,954,27,981,1375,0,2,1,2,0,1,0,0.00,71.35 ,50
03,001,00,001,0115,289 ,494,1,495,701,0,2,1,2,0,1,0,0.00,70.61 ,50
03,001,00,001,0116,290 ,888,12,900,1229,0,2,1,2,0,1,0,0.00,73.23 ,50
03,001,00,001,0116,291 ,923,8,931,1217,0,2,1,2,0,1,0,0.00,76.50 ,50
03,001,00,001,0116,292 ,654,9,663,892,0,2,1,2,0,1,0,0.00,74.33 ,50
03,001,00,001,0117,293 ,939,16,955,1265,0,2,1,2,0,1,0,0.00,75.49 ,50
03,001,00,001,0117,294 ,742,5,747,1046,0,2,1,2,0,1,0,0.00,71.41 ,50
03,001,00,001,0118,295 ,651,5,656,928,0,2,1,2,0,1,0,0.00,70.69 ,50
03,001,00,001,0118,296 ,706,10,716,950,0,2,1,2,0,1,0,0.00,75.37 ,50
03,001,00,001,0118,297 ,582,12,594,817,0,2,1,2,0,1,0,0.00,72.71 ,50
03,001,00,001,0118,298 ,690,12,702,986,0,2,1,2,0,1,0,0.00,71.20 ,50
03,001,00,001,0119,299 ,848,8,856,1125,0,2,1,2,0,1,0,0.00,76.09 ,50
03,001,00,001,0119,300 ,914,18,932,1253,0,2,1,2,0,1,0,0.00,74.38 ,50
03,001,00,001,0120,301 ,875,7,882,1146,0,2,1,2,0,1,0,0.00,76.96 ,50
03,001,00,001,0120,302 ,980,13,993,1334,0,2,1,2,0,1,0,0.00,74.44 ,50
03,001,00,001,0120,303 ,1022,9,1031,1334,0,2,1,2,0,1,0,0.00,77.29 ,50
03,001,00,001,0121,304 ,945,9,954,1311,0,2,1,2,0,1,0,0.00,72.77 ,50
03,001,00,001,0121,305 ,838,13,851,1099,0,2,1,2,0,1,0,0.00,77.43 ,50
03,001,00,001,0122,306 ,988,13,1001,1291,0,2,1,2,0,1,0,0.00,77.54 ,50
03,001,00,001,0122,307 ,951,6,957,1284,0,2,1,2,0,1,0,0.00,74.53 ,50
03,001,00,001,0122,308 ,773,8,781,1105,0,2,1,2,0,1,0,0.00,70.68 ,50
03,001,00,001,0123,309 ,961,10,971,1254,0,2,1,2,0,1,0,0.00,77.43 ,50
03,001,00,001,0123,310 ,1022,21,1043,1358,0,2,1,2,0,1,0,0.00,76.80 ,50
03,001,00,001,0123,311 ,809,13,822,1086,0,2,1,2,0,1,0,0.00,75.69 ,50
03,001,00,001,0124,312 ,890,8,898,1163,0,2,1,2,0,1,0,0.00,77.21 ,50
03,001,00,001,0124,313 ,909,8,917,1182,0,2,1,2,0,1,0,0.00,77.58 ,50
03,001,00,001,0125,314 ,814,5,819,1112,0,2,1,2,0,1,0,0.00,73.65 ,50
03,001,00,001,0125,315 ,966,7,973,1252,0,2,1,2,0,1,0,0.00,77.72 ,50
03,001,00,002,0126,316 ,1282,18,1300,1668,0,2,1,2,0,1,0,0.00,77.94 ,50
03,001,00,002,0126,317 ,1024,7,1031,1347,0,2,1,2,0,1,0,0.00,76.54 ,50
03,001,00,002,0127,318 ,1184,14,1198,1516,0,2,1,2,0,1,0,0.00,79.02 ,50
03,001,00,002,0127,319 ,1183,15,1198,1482,0,2,1,2,0,1,0,0.00,80.84 ,50
03,001,00,002,0128,320 ,611,1,612,812,0,2,1,2,0,1,0,0.00,75.37 ,50
03,001,00,002,0128,321 ,703,7,710,948,0,2,1,2,0,1,0,0.00,74.89 ,50
03,001,00,002,0129,322 ,1172,12,1184,1499,0,2,1,2,0,1,0,0.00,78.99 ,50
03,001,00,002,0130,323 ,949,12,961,1218,0,2,1,2,0,1,0,0.00,78.90 ,50
03,001,00,002,0131,324 ,703,6,709,897,0,2,1,2,0,1,0,0.00,79.04 ,50
03,001,00,002,0131,325 ,761,10,771,1013,0,2,1,2,0,1,0,0.00,76.11 ,50
03,001,00,002,0132,326 ,1173,18,1191,1584,0,2,1,2,0,1,0,0.00,75.19 ,50
03,001,00,002,0132,327 ,930,9,939,1197,0,2,1,2,0,1,0,0.00,78.45 ,50
03,001,00,002,0133,328 ,320,1,321,403,0,2,1,2,0,1,0,0.00,79.65 ,50
03,001,00,002,0134,329 ,868,8,876,1167,0,2,1,2,0,1,0,0.00,75.06 ,50
03,001,00,002,0134,330 ,879,7,886,1170,0,2,1,2,0,1,0,0.00,75.73 ,50
03,001,00,002,0135,331 ,1091,9,1100,1413,0,2,1,2,0,1,0,0.00,77.85 ,50
03,001,00,002,0135,332 ,1004,6,1010,1291,0,2,1,2,0,1,0,0.00,78.23 ,50
03,001,00,002,0136,333 ,930,11,941,1219,0,2,1,2,0,1,0,0.00,77.19 ,50
03,001,00,002,0136,334 ,928,6,934,1216,0,2,1,2,0,1,0,0.00,76.81 ,50
03,001,00,002,0137,335 ,922,7,929,1153,0,2,1,2,0,1,0,0.00,80.57 ,50
03,001,00,002,0137,336 ,1016,7,1023,1288,0,2,1,2,0,1,0,0.00,79.43 ,50
03,001,00,002,0138,337 ,1185,12,1197,1592,0,2,1,2,0,1,0,0.00,75.19 ,50
03,001,00,002,0138,338 ,1216,16,1232,1524,0,2,1,2,0,1,0,0.00,80.84 ,50
03,001,00,002,0139,339 ,666,4,670,863,0,2,1,2,0,1,0,0.00,77.64 ,50
03,001,00,002,0139,340 ,807,6,813,1032,0,2,1,2,0,1,0,0.00,78.78 ,50
03,001,00,002,0140,341 ,801,10,811,1006,0,2,1,2,0,1,0,0.00,80.62 ,50
03,001,00,002,0140,342 ,841,9,850,1086,0,2,1,2,0,1,0,0.00,78.27 ,50
03,001,00,002,0141,343 ,1062,11,1073,1376,0,2,1,2,0,1,0,0.00,77.98 ,50
03,001,00,002,0141,344 ,1244,9,1253,1573,0,2,1,2,0,1,0,0.00,79.66 ,50
03,001,00,002,0142,345 ,1495,14,1509,1908,0,2,1,2,0,1,0,0.00,79.09 ,50
03,001,00,002,0142,346 ,1274,14,1288,1614,0,2,1,2,0,1,0,0.00,79.80 ,50
03,001,00,002,0143,347 ,879,13,892,1115,0,2,1,2,0,1,0,0.00,80.00 ,50
03,001,00,002,0143,348 ,866,3,869,1128,0,2,1,2,0,1,0,0.00,77.04 ,50
03,001,00,002,0143,349 ,960,3,963,1235,0,2,1,2,0,1,0,0.00,77.98 ,50
03,001,00,002,0144,350 ,877,8,885,1146,0,2,1,2,0,1,0,0.00,77.23 ,50
03,001,00,002,0144,351 ,926,6,932,1169,0,2,1,2,0,1,0,0.00,79.73 ,50
03,001,00,002,0145,352 ,987,7,994,1257,0,2,1,2,0,1,0,0.00,79.08 ,50
03,001,00,002,0145,353 ,1045,15,1060,1340,0,2,1,2,0,1,0,0.00,79.10 ,50
03,001,00,002,0145,354 ,1091,8,1099,1415,0,2,1,2,0,1,0,0.00,77.67 ,50
03,001,00,002,0146,355 ,946,9,955,1202,0,2,1,2,0,1,0,0.00,79.45 ,50
03,001,00,002,0146,356 ,878,7,885,1143,0,2,1,2,0,1,0,0.00,77.43 ,50
03,001,00,002,0146,357 ,1020,13,1033,1315,0,2,1,2,0,1,0,0.00,78.56 ,50
03,001,00,002,0147,358 ,878,6,884,1079,0,2,1,2,0,1,0,0.00,81.93 ,50
03,001,00,002,0147,359 ,661,6,667,849,0,2,1,2,0,1,0,0.00,78.56 ,50
03,001,00,002,0148,360 ,803,9,812,1099,0,2,1,2,0,1,0,0.00,73.89 ,50
03,001,00,002,0148,361 ,859,9,868,1170,0,2,1,2,0,1,0,0.00,74.19 ,50
03,001,00,002,0148,362 ,976,9,985,1333,0,2,1,2,0,1,0,0.00,73.89 ,50
03,001,00,002,0149,363 ,783,7,790,1162,0,2,1,2,0,1,0,0.00,67.99 ,50
03,001,00,002,0150,364 ,1105,16,1121,1573,0,2,1,2,0,1,0,0.00,71.27 ,50
03,001,00,002,0151,365 ,1015,12,1027,1419,0,2,1,2,0,1,0,0.00,72.37 ,50
03,001,00,002,0152,366 ,1310,13,1323,1733,0,2,1,2,0,1,0,0.00,76.34 ,50
03,001,00,002,0153,367 ,959,10,969,1205,0,2,1,2,0,1,0,0.00,80.41 ,50
03,001,00,002,0154,368 ,846,8,854,1119,0,2,1,2,0,1,0,0.00,76.32 ,50
03,001,00,002,0155,369 ,968,10,978,1393,0,2,1,2,0,1,0,0.00,70.21 ,50
03,001,00,002,0156,370 ,1013,16,1029,1371,0,2,1,2,0,1,0,0.00,75.05 ,50
03,001,00,002,0157,371 ,900,15,915,1240,0,2,1,2,0,1,0,0.00,73.79 ,50
03,001,00,002,0158,372 ,1175,15,1190,1553,0,2,1,2,0,1,0,0.00,76.63 ,50
03,001,00,002,0159,373 ,1069,14,1083,1420,0,2,1,2,0,1,0,0.00,76.27 ,50
03,001,00,002,0160,374 ,690,10,700,947,0,2,1,2,0,1,0,0.00,73.92 ,50
03,001,00,002,0160,375 ,841,6,847,1064,0,2,1,2,0,1,0,0.00,79.61 ,50
03,001,00,002,0161,376 ,1197,11,1208,1639,0,2,1,2,0,1,0,0.00,73.70 ,50
03,001,00,002,0162,377 ,899,6,905,1137,0,2,1,2,0,1,0,0.00,79.60 ,50
03,001,00,002,0163,378 ,785,8,793,1027,0,2,1,2,0,1,0,0.00,77.22 ,50
03,001,00,002,0164,379 ,716,6,722,916,0,2,1,2,0,1,0,0.00,78.82 ,50
03,001,00,002,0164,380 ,601,5,606,772,0,2,1,2,0,1,0,0.00,78.50 ,50
03,001,00,002,0165,381 ,735,4,739,898,0,2,1,2,0,1,0,0.00,82.29 ,50
03,001,00,002,0166,382 ,776,6,782,1041,0,2,1,2,0,1,0,0.00,75.12 ,50
03,001,00,002,0167,383 ,1192,16,1208,1609,0,2,1,2,0,1,0,0.00,75.08 ,50
03,001,00,002,0168,384 ,551,4,555,738,0,2,1,2,0,1,0,0.00,75.20 ,50
03,001,00,002,0169,385 ,795,10,805,1075,0,2,1,2,0,1,0,0.00,74.88 ,50
03,001,00,002,0169,386 ,741,4,745,1005,0,2,1,2,0,1,0,0.00,74.13 ,50
03,001,00,002,0170,387 ,827,9,836,1091,0,2,1,2,0,1,0,0.00,76.63 ,50
03,001,00,002,0170,388 ,727,3,730,960,0,2,1,2,0,1,0,0.00,76.04 ,50
03,001,00,002,0171,389 ,1290,9,1299,1697,0,2,1,2,0,1,0,0.00,76.55 ,50
03,001,00,002,0172,390 ,915,9,924,1216,0,2,1,2,0,1,0,0.00,75.99 ,50
03,001,00,002,0172,391 ,1006,9,1015,1288,0,2,1,2,0,1,0,0.00,78.80 ,50
03,001,00,002,0173,392 ,1425,12,1437,1797,0,2,1,2,0,1,0,0.00,79.97 ,50
03,001,00,002,0173,393 ,1317,12,1329,1664,0,2,1,2,0,1,0,0.00,79.87 ,50
03,001,00,002,0174,394 ,1087,13,1100,1443,0,2,1,2,0,1,0,0.00,76.23 ,50
03,001,00,002,0175,395 ,877,7,884,1119,0,2,1,2,0,1,0,0.00,79.00 ,50
03,001,00,002,0176,396 ,1002,8,1010,1260,0,2,1,2,0,1,0,0.00,80.16 ,50
03,001,00,002,0177,397 ,1200,16,1216,1613,0,2,1,2,0,1,0,0.00,75.39 ,50
03,001,00,002,0178,398 ,1177,14,1191,1539,0,2,1,2,0,1,0,0.00,77.39 ,50
03,001,00,002,0179,399 ,964,6,970,1255,0,2,1,2,0,1,0,0.00,77.29 ,50
03,001,00,002,0179,400 ,905,6,911,1153,0,2,1,2,0,1,0,0.00,79.01 ,50
03,001,00,002,0180,401 ,1070,8,1078,1388,0,2,1,2,0,1,0,0.00,77.67 ,50
03,001,00,002,0181,402 ,766,6,772,1002,0,2,1,2,0,1,0,0.00,77.05 ,50
03,001,00,002,0182,403 ,1248,10,1258,1652,0,2,1,2,0,1,0,0.00,76.15 ,50
03,001,00,002,0183,404 ,691,9,700,875,0,2,1,2,0,1,0,0.00,80.00 ,50
03,001,00,002,0183,405 ,758,11,769,937,0,2,1,2,0,1,0,0.00,82.07 ,50
03,001,00,002,0184,406 ,698,10,708,918,0,2,1,2,0,1,0,0.00,77.12 ,50
03,001,00,002,0184,407 ,694,11,705,932,0,2,1,2,0,1,0,0.00,75.64 ,50
03,001,00,002,0185,408 ,1154,9,1163,1537,0,2,1,2,0,1,0,0.00,75.67 ,50
03,001,00,002,0186,409 ,534,1,535,707,0,2,1,2,0,1,0,0.00,75.67 ,50
03,001,00,002,0187,410 ,1155,9,1164,1579,0,2,1,2,0,1,0,0.00,73.72 ,50
03,001,00,002,0188,411 ,478,3,481,626,0,2,1,2,0,1,0,0.00,76.84 ,50
03,001,00,002,0189,412 ,687,11,698,915,0,2,1,2,0,1,0,0.00,76.28 ,50
03,001,00,002,0189,413 ,627,7,634,827,0,2,1,2,0,1,0,0.00,76.66 ,50
03,001,00,002,0190,414 ,1126,12,1138,1559,0,2,1,2,0,1,0,0.00,73.00 ,50
03,001,00,002,0191,415 ,770,8,778,965,0,2,1,2,0,1,0,0.00,80.62 ,50
03,001,00,002,0191,416 ,715,9,724,924,0,2,1,2,0,1,0,0.00,78.35 ,50
03,001,00,002,0192,417 ,1106,19,1125,1463,0,2,1,2,0,1,0,0.00,76.90 ,50
03,001,00,002,0193,418 ,845,11,856,1111,0,2,1,2,0,1,0,0.00,77.05 ,50
03,001,00,002,0194,419 ,1088,11,1099,1386,0,2,1,2,0,1,0,0.00,79.29 ,50
03,001,00,002,0195,420 ,885,20,905,1204,0,2,1,2,0,1,0,0.00,75.17 ,50
03,001,00,002,0195,421 ,776,10,786,1004,0,2,1,2,0,1,0,0.00,78.29 ,50
03,001,00,002,0196,422 ,997,13,1010,1262,0,2,1,2,0,1,0,0.00,80.03 ,50
03,001,00,002,0196,423 ,749,12,761,1032,0,2,1,2,0,1,0,0.00,73.74 ,50
03,001,00,002,0197,424 ,1191,10,1201,1512,0,2,1,2,0,1,0,0.00,79.43 ,50
03,001,00,002,0198,425 ,903,16,919,1185,0,2,1,2,0,1,0,0.00,77.55 ,50
03,001,00,002,0199,426 ,1122,14,1136,1466,0,2,1,2,0,1,0,0.00,77.49 ,50
03,001,00,002,0200,427 ,853,9,862,1122,0,2,1,2,0,1,0,0.00,76.83 ,50
03,001,00,002,0200,428 ,920,11,931,1190,0,2,1,2,0,1,0,0.00,78.24 ,50
03,001,00,002,0201,429 ,896,20,916,1169,0,2,1,2,0,1,0,0.00,78.36 ,50
03,001,00,002,0201,430 ,798,6,804,1008,0,2,1,2,0,1,0,0.00,79.76 ,50
03,001,00,002,0202,431 ,894,13,907,1133,0,2,1,2,0,1,0,0.00,80.05 ,50
03,001,00,002,0203,432 ,660,5,665,818,0,2,1,2,0,1,0,0.00,81.30 ,50
03,001,00,002,0203,433 ,746,8,754,953,0,2,1,2,0,1,0,0.00,79.12 ,50
03,001,00,002,0204,434 ,1048,15,1063,1351,0,2,1,2,0,1,0,0.00,78.68 ,50
03,001,00,002,0204,435 ,1143,11,1154,1472,0,2,1,2,0,1,0,0.00,78.40 ,50
03,001,00,002,0204,436 ,583,6,589,783,0,2,1,2,0,1,0,0.00,75.22 ,50
03,001,00,002,0205,437 ,1230,14,1244,1566,0,2,1,2,0,1,0,0.00,79.44 ,50
03,001,00,002,0205,438 ,1134,13,1147,1464,0,2,1,2,0,1,0,0.00,78.35 ,50
03,001,00,002,0206,439 ,977,12,989,1321,0,2,1,2,0,1,0,0.00,74.87 ,50
03,001,00,002,0206,440 ,886,6,892,1114,0,2,1,2,0,1,0,0.00,80.07 ,50
03,001,00,002,0206,441 ,924,9,933,1177,0,2,1,2,0,1,0,0.00,79.27 ,50
03,001,00,002,0207,442 ,823,8,831,1100,0,2,1,2,0,1,0,0.00,75.55 ,50
03,001,00,002,0207,443 ,715,6,721,934,0,2,1,2,0,1,0,0.00,77.19 ,50
03,001,00,002,0208,444 ,626,7,633,805,0,2,1,2,0,1,0,0.00,78.63 ,50
03,001,00,002,0208,445 ,644,12,656,844,0,2,1,2,0,1,0,0.00,77.73 ,50
03,001,00,002,0209,446 ,776,13,789,969,0,2,1,2,0,1,0,0.00,81.42 ,50
03,001,00,002,0209,447 ,901,11,912,1151,0,2,1,2,0,1,0,0.00,79.24 ,50
03,001,00,002,0210,448 ,865,8,873,1171,0,2,1,2,0,1,0,0.00,74.55 ,50
03,001,00,002,0210,449 ,899,10,909,1172,0,2,1,2,0,1,0,0.00,77.56 ,50
03,001,00,002,0210,450 ,897,9,906,1165,0,2,1,2,0,1,0,0.00,77.77 ,50
03,001,00,002,0211,451 ,888,8,896,1130,0,2,1,2,0,1,0,0.00,79.29 ,50
03,001,00,002,0211,452 ,896,1,897,1107,0,2,1,2,0,1,0,0.00,81.03 ,50
03,001,00,002,0212,453 ,853,14,867,1115,0,2,1,2,0,1,0,0.00,77.76 ,50
03,001,00,002,0212,454 ,844,5,849,1086,0,2,1,2,0,1,0,0.00,78.18 ,50
03,001,00,002,0213,455 ,1111,9,1120,1439,0,2,1,2,0,1,0,0.00,77.83 ,50
03,001,00,002,0213,456 ,951,9,960,1208,0,2,1,2,0,1,0,0.00,79.47 ,50
03,001,00,002,0214,457 ,851,6,857,1070,0,2,1,2,0,1,0,0.00,80.09 ,50
03,001,00,002,0214,458 ,1136,12,1148,1461,0,2,1,2,0,1,0,0.00,78.58 ,50
03,001,00,002,0215,459 ,853,9,862,1088,0,2,1,2,0,1,0,0.00,79.23 ,50
03,001,00,002,0215,460 ,951,10,961,1233,0,2,1,2,0,1,0,0.00,77.94 ,50
03,001,00,002,0216,461 ,1004,12,1016,1317,0,2,1,2,0,1,0,0.00,77.15 ,50
03,001,00,002,0216,462 ,996,12,1008,1291,0,2,1,2,0,1,0,0.00,78.08 ,50
03,001,00,002,0216,463 ,1084,9,1093,1366,0,2,1,2,0,1,0,0.00,80.01 ,50
03,001,00,002,0217,464 ,845,7,852,1088,0,2,1,2,0,1,0,0.00,78.31 ,50
03,001,00,002,0217,465 ,698,8,706,919,0,2,1,2,0,1,0,0.00,76.82 ,50
03,001,00,002,0218,466 ,1140,14,1154,1448,0,2,1,2,0,1,0,0.00,79.70 ,50
03,001,00,002,0218,467 ,1121,18,1139,1420,0,2,1,2,0,1,0,0.00,80.21 ,50
03,001,00,002,0219,468 ,883,7,890,1149,0,2,1,2,0,1,0,0.00,77.46 ,50
03,001,00,002,0219,469 ,1116,14,1130,1434,0,2,1,2,0,1,0,0.00,78.80 ,50
03,001,00,002,0220,470 ,891,10,901,1180,0,2,1,2,0,1,0,0.00,76.36 ,50
03,001,00,002,0220,471 ,687,3,690,913,0,2,1,2,0,1,0,0.00,75.58 ,50
03,001,00,002,0221,472 ,800,6,806,1010,0,2,1,2,0,1,0,0.00,79.80 ,50
03,001,00,002,0221,473 ,799,4,803,1032,0,2,1,2,0,1,0,0.00,77.81 ,50
03,001,00,002,0222,474 ,1093,10,1103,1425,0,2,1,2,0,1,0,0.00,77.40 ,50
03,001,00,002,0222,475 ,1207,5,1212,1571,0,2,1,2,0,1,0,0.00,77.15 ,50
03,001,00,002,0223,476 ,1271,12,1283,1702,0,2,1,2,0,1,0,0.00,75.38 ,50
03,001,00,002,0223,477 ,1224,17,1241,1641,0,2,1,2,0,1,0,0.00,75.62 ,50
03,001,00,002,0224,478 ,1067,11,1078,1407,0,2,1,2,0,1,0,0.00,76.62 ,50
03,001,00,002,0224,479 ,951,8,959,1273,0,2,1,2,0,1,0,0.00,75.33 ,50
03,001,00,002,0224,480 ,816,10,826,1097,0,2,1,2,0,1,0,0.00,75.30 ,50
03,001,00,002,0225,481 ,1151,14,1165,1503,0,2,1,2,0,1,0,0.00,77.51 ,50
03,001,00,002,0225,482 ,917,10,927,1224,0,2,1,2,0,1,0,0.00,75.74 ,50
03,001,00,002,0226,483 ,1176,13,1189,1492,0,2,1,2,0,1,0,0.00,79.69 ,50
03,001,00,002,0226,484 ,975,15,990,1231,0,2,1,2,0,1,0,0.00,80.42 ,50
03,001,00,002,0226,485 ,1009,13,1022,1307,0,2,1,2,0,1,0,0.00,78.19 ,50
03,001,00,002,0227,486 ,1041,11,1052,1400,0,2,1,2,0,1,0,0.00,75.14 ,50
03,001,00,002,0227,487 ,1312,12,1324,1692,0,2,1,2,0,1,0,0.00,78.25 ,50
03,001,00,002,0227,488 ,1263,19,1282,1637,0,2,1,2,0,1,0,0.00,78.31 ,50
03,001,00,002,0228,489 ,1142,19,1161,1536,0,2,1,2,0,1,0,0.00,75.59 ,50
03,001,00,002,0228,490 ,1201,16,1217,1572,0,2,1,2,0,1,0,0.00,77.42 ,50
03,001,00,002,0228,491 ,1276,6,1282,1703,0,2,1,2,0,1,0,0.00,75.28 ,50
03,001,00,002,0229,492 ,757,9,766,1027,0,2,1,2,0,1,0,0.00,74.59 ,50
03,001,00,002,0229,493 ,821,9,830,1134,0,2,1,2,0,1,0,0.00,73.19 ,50
03,001,00,002,0230,494 ,1007,16,1023,1330,0,2,1,2,0,1,0,0.00,76.92 ,50
03,001,00,002,0230,495 ,918,10,928,1217,0,2,1,2,0,1,0,0.00,76.25 ,50
03,001,00,002,0231,496 ,587,8,595,780,0,2,1,2,0,1,0,0.00,76.28 ,50
03,001,00,002,0231,497 ,901,14,915,1193,0,2,1,2,0,1,0,0.00,76.70 ,50
03,001,00,002,0232,498 ,843,10,853,1074,0,2,1,2,0,1,0,0.00,79.42 ,50
03,001,00,002,0232,499 ,769,10,779,1048,0,2,1,2,0,1,0,0.00,74.33 ,50
03,001,00,002,0233,500 ,656,5,661,831,0,2,1,2,0,1,0,0.00,79.54 ,50
03,001,00,002,0233,501 ,774,8,782,979,0,2,1,2,0,1,0,0.00,79.88 ,50
03,001,00,002,0234,502 ,1083,15,1098,1405,0,2,1,2,0,1,0,0.00,78.15 ,50
03,001,00,002,0234,503 ,1162,6,1168,1508,0,2,1,2,0,1,0,0.00,77.45 ,50
03,001,00,002,0235,504 ,680,10,690,878,0,2,1,2,0,1,0,0.00,78.59 ,50
03,001,00,002,0235,505 ,777,11,788,1008,0,2,1,2,0,1,0,0.00,78.17 ,50
03,001,00,002,0236,506 ,867,7,874,1122,0,2,1,2,0,1,0,0.00,77.90 ,50
03,001,00,002,0236,507 ,788,13,801,1080,0,2,1,2,0,1,0,0.00,74.17 ,50
03,001,00,002,0236,508 ,760,5,765,988,0,2,1,2,0,1,0,0.00,77.43 ,50
03,001,00,002,0237,509 ,737,6,743,965,0,2,1,2,0,1,0,0.00,76.99 ,50
03,001,00,002,0237,510 ,841,8,849,1116,0,2,1,2,0,1,0,0.00,76.08 ,50
03,001,00,002,0238,511 ,958,17,975,1259,0,2,1,2,0,1,0,0.00,77.44 ,50
03,001,00,002,0238,512 ,739,9,748,957,0,2,1,2,0,1,0,0.00,78.16 ,50
03,001,00,002,0239,513 ,566,9,575,724,0,2,1,2,0,1,0,0.00,79.42 ,50
03,001,00,002,0239,514 ,732,5,737,941,0,2,1,2,0,1,0,0.00,78.32 ,50
03,001,00,002,0240,515 ,1046,15,1061,1339,0,2,1,2,0,1,0,0.00,79.24 ,50
03,001,00,002,0240,516 ,639,10,649,833,0,2,1,2,0,1,0,0.00,77.91 ,50
03,001,00,002,0241,517 ,1002,25,1027,1397,0,2,1,2,0,1,0,0.00,73.51 ,50
03,001,00,002,0241,518 ,1137,16,1153,1499,0,2,1,2,0,1,0,0.00,76.92 ,50
03,001,00,002,0241,519 ,974,5,979,1347,0,2,1,2,0,1,0,0.00,72.68 ,50
03,001,00,003,0242,520 ,1042,16,1058,1408,0,2,1,2,0,1,0,0.00,75.14 ,50
03,001,00,003,0242,521 ,503,8,511,668,0,2,1,2,0,1,0,0.00,76.50 ,50
03,001,00,003,0242,522 ,407,4,411,531,0,2,1,2,0,1,0,0.00,77.40 ,50
03,001,00,003,0243,523 ,981,8,989,1348,0,2,1,2,0,1,0,0.00,73.37 ,50
03,001,00,003,0244,524 ,1290,11,1301,1708,0,2,1,2,0,1,0,0.00,76.17 ,50
03,001,00,003,0244,525 ,918,8,926,1172,0,2,1,2,0,1,0,0.00,79.01 ,50
03,001,00,003,0244,526 ,880,9,889,1173,0,2,1,2,0,1,0,0.00,75.79 ,50
03,001,00,003,0245,527 ,1186,11,1197,1507,0,2,1,2,0,1,0,0.00,79.43 ,50
03,001,00,003,0245,528 ,967,7,974,1250,0,2,1,2,0,1,0,0.00,77.92 ,50
03,001,00,003,0246,529 ,697,5,702,908,0,2,1,2,0,1,0,0.00,77.31 ,50
03,001,00,003,0246,530 ,733,4,737,962,0,2,1,2,0,1,0,0.00,76.61 ,50
03,001,00,003,0247,531 ,1113,14,1127,1464,0,2,1,2,0,1,0,0.00,76.98 ,50
03,001,00,003,0247,532 ,995,9,1004,1268,0,2,1,2,0,1,0,0.00,79.18 ,50
03,001,00,003,0248,533 ,1061,9,1070,1400,0,2,1,2,0,1,0,0.00,76.43 ,50
03,001,00,003,0248,534 ,1104,8,1112,1427,0,2,1,2,0,1,0,0.00,77.93 ,50
03,001,00,003,0249,535 ,937,12,949,1242,0,2,1,2,0,1,0,0.00,76.41 ,50
03,001,00,003,0249,536 ,1096,12,1108,1406,0,2,1,2,0,1,0,0.00,78.81 ,50
03,001,00,003,0250,537 ,914,9,923,1204,0,2,1,2,0,1,0,0.00,76.66 ,50
03,001,00,003,0250,538 ,944,9,953,1239,0,2,1,2,0,1,0,0.00,76.92 ,50
03,001,00,003,0250,539 ,930,6,936,1208,0,2,1,2,0,1,0,0.00,77.48 ,50
03,001,00,003,0251,540 ,1183,14,1197,1573,0,2,1,2,0,1,0,0.00,76.10 ,50
03,001,00,003,0251,541 ,1198,18,1216,1594,0,2,1,2,0,1,0,0.00,76.29 ,50
03,001,00,003,0252,542 ,992,8,1000,1291,0,2,1,2,0,1,0,0.00,77.46 ,50
03,001,00,003,0252,543 ,586,6,592,758,0,2,1,2,0,1,0,0.00,78.10 ,50
03,001,00,003,0252,544 ,792,3,795,1012,0,2,1,2,0,1,0,0.00,78.56 ,50
03,001,00,003,0253,545 ,1300,16,1316,1639,0,2,1,2,0,1,0,0.00,80.29 ,50
03,001,00,003,0253,546 ,864,12,876,1120,0,2,1,2,0,1,0,0.00,78.21 ,50
03,001,00,003,0253,547 ,843,9,852,1088,0,2,1,2,0,1,0,0.00,78.31 ,50
03,001,00,003,0254,548 ,1049,17,1066,1393,0,2,1,2,0,1,0,0.00,76.53 ,50
03,001,00,003,0254,549 ,1246,15,1261,1630,0,2,1,2,0,1,0,0.00,77.36 ,50
03,001,00,003,0255,550 ,706,8,714,963,0,2,1,2,0,1,0,0.00,74.14 ,50
03,001,00,003,0255,551 ,1044,15,1059,1384,0,2,1,2,0,1,0,0.00,76.52 ,50
03,001,00,003,0255,552 ,1094,17,1111,1431,0,2,1,2,0,1,0,0.00,77.64 ,50
03,001,00,003,0256,553 ,1052,9,1061,1414,0,2,1,2,0,1,0,0.00,75.04 ,50
03,001,00,003,0256,554 ,1251,12,1263,1618,0,2,1,2,0,1,0,0.00,78.06 ,50
03,001,00,003,0257,555 ,1084,12,1096,1470,0,2,1,2,0,1,0,0.00,74.56 ,50
03,001,00,003,0257,556 ,872,6,878,1127,0,2,1,2,0,1,0,0.00,77.91 ,50
03,001,00,003,0257,557 ,892,13,905,1188,0,2,1,2,0,1,0,0.00,76.18 ,50
03,001,00,003,0258,558 ,653,5,658,863,0,2,1,2,0,1,0,0.00,76.25 ,50
03,001,00,003,0258,559 ,711,9,720,975,0,2,1,2,0,1,0,0.00,73.85 ,50
03,001,00,003,0258,560 ,1246,10,1256,1599,0,2,1,2,0,1,0,0.00,78.55 ,50
03,001,00,003,0259,561 ,984,6,990,1254,0,2,1,2,0,1,0,0.00,78.95 ,50
03,001,00,003,0259,562 ,1368,13,1381,1739,0,2,1,2,0,1,0,0.00,79.41 ,50
03,001,00,003,0260,563 ,1173,10,1183,1602,0,2,1,2,0,1,0,0.00,73.85 ,50
03,001,00,003,0261,564 ,917,4,921,1165,0,2,1,2,0,1,0,0.00,79.06 ,50
03,001,00,003,0261,565 ,984,7,991,1253,0,2,1,2,0,1,0,0.00,79.09 ,50
03,001,00,003,0262,566 ,651,8,659,837,0,2,1,2,0,1,0,0.00,78.73 ,50
03,001,00,003,0262,567 ,856,17,873,1121,0,2,1,2,0,1,0,0.00,77.88 ,50
03,001,00,003,0263,568 ,1001,10,1011,1312,0,2,1,2,0,1,0,0.00,77.06 ,50
03,001,00,003,0263,569 ,1124,6,1130,1435,0,2,1,2,0,1,0,0.00,78.75 ,50
03,001,00,003,0264,570 ,914,10,924,1174,0,2,1,2,0,1,0,0.00,78.71 ,50
03,001,00,003,0264,571 ,834,11,845,1139,0,2,1,2,0,1,0,0.00,74.19 ,50
03,001,00,003,0264,572 ,1140,11,1151,1519,0,2,1,2,0,1,0,0.00,75.77 ,50
03,001,00,003,0265,573 ,998,10,1008,1323,0,2,1,2,0,1,0,0.00,76.19 ,50
03,001,00,003,0265,574 ,1106,13,1119,1447,0,2,1,2,0,1,0,0.00,77.33 ,50
03,001,00,003,0266,575 ,795,4,799,1023,0,2,1,2,0,1,0,0.00,78.10 ,50
03,001,00,003,0266,576 ,738,7,745,999,0,2,1,2,0,1,0,0.00,74.57 ,50
03,001,00,003,0266,577 ,952,13,965,1253,0,2,1,2,0,1,0,0.00,77.02 ,50
03,001,00,003,0267,578 ,1238,12,1250,1594,0,2,1,2,0,1,0,0.00,78.42 ,50
03,001,00,003,0267,579 ,1181,12,1193,1602,0,2,1,2,0,1,0,0.00,74.47 ,50
03,001,00,003,0268,580 ,1023,10,1033,1340,0,2,1,2,0,1,0,0.00,77.09 ,50
03,001,00,003,0268,581 ,1118,7,1125,1444,0,2,1,2,0,1,0,0.00,77.91 ,50
03,001,00,003,0269,582 ,891,16,907,1192,0,2,1,2,0,1,0,0.00,76.09 ,50
03,001,00,003,0269,583 ,786,8,794,1026,0,2,1,2,0,1,0,0.00,77.39 ,50
03,001,00,003,0270,584 ,1073,10,1083,1434,0,2,1,2,0,1,0,0.00,75.52 ,50
03,001,00,003,0270,585 ,809,3,812,992,0,2,1,2,0,1,0,0.00,81.85 ,50
03,001,00,003,0270,586 ,931,7,938,1196,0,2,1,2,0,1,0,0.00,78.43 ,50
03,001,00,003,0271,587 ,1081,4,1085,1470,0,2,1,2,0,1,0,0.00,73.81 ,50
03,001,00,003,0271,588 ,729,9,738,968,0,2,1,2,0,1,0,0.00,76.24 ,50
03,001,00,003,0271,589 ,893,8,901,1146,0,2,1,2,0,1,0,0.00,78.62 ,50
03,001,00,003,0272,590 ,1005,7,1012,1330,0,2,1,2,0,1,0,0.00,76.09 ,50
03,001,00,003,0272,591 ,1245,9,1254,1638,0,2,1,2,0,1,0,0.00,76.56 ,50
03,001,00,003,0273,592 ,800,6,806,996,0,2,1,2,0,1,0,0.00,80.92 ,50
03,001,00,003,0273,593 ,757,5,762,1025,0,2,1,2,0,1,0,0.00,74.34 ,50
03,001,00,003,0274,594 ,802,10,812,1126,0,2,1,2,0,1,0,0.00,72.11 ,50
03,001,00,003,0274,595 ,784,6,790,1032,0,2,1,2,0,1,0,0.00,76.55 ,50
03,001,00,003,0275,596 ,943,4,947,1249,0,2,1,2,0,1,0,0.00,75.82 ,50
03,001,00,003,0275,597 ,777,6,783,1022,0,2,1,2,0,1,0,0.00,76.61 ,50
03,001,00,003,0275,598 ,1068,13,1081,1443,0,2,1,2,0,1,0,0.00,74.91 ,50
03,001,00,003,0276,599 ,1172,8,1180,1541,0,2,1,2,0,1,0,0.00,76.57 ,50
03,001,00,003,0276,600 ,655,4,659,857,0,2,1,2,0,1,0,0.00,76.90 ,50
03,001,00,003,0277,601 ,1107,19,1126,1535,0,2,1,2,0,1,0,0.00,73.36 ,50
03,001,00,003,0277,602 ,1296,20,1316,1804,0,2,1,2,0,1,0,0.00,72.95 ,50
03,001,00,003,0278,603 ,889,10,899,1167,0,2,1,2,0,1,0,0.00,77.04 ,50
03,001,00,003,0278,604 ,935,8,943,1256,0,2,1,2,0,1,0,0.00,75.08 ,50
03,001,00,003,0279,605 ,1108,14,1122,1549,0,2,1,2,0,1,0,0.00,72.43 ,50
03,001,00,003,0279,606 ,1017,14,1031,1377,0,2,1,2,0,1,0,0.00,74.87 ,50
03,001,00,003,0280,607 ,885,6,891,1132,0,2,1,2,0,1,0,0.00,78.71 ,50
03,001,00,003,0280,608 ,1207,17,1224,1634,0,2,1,2,0,1,0,0.00,74.91 ,50
03,001,00,003,0280,609 ,1136,11,1147,1490,0,2,1,2,0,1,0,0.00,76.98 ,50
03,001,00,003,0281,610 ,1145,8,1153,1507,0,2,1,2,0,1,0,0.00,76.51 ,50
03,001,00,003,0281,611 ,1021,18,1039,1378,0,2,1,2,0,1,0,0.00,75.40 ,50
03,001,00,003,0282,612 ,652,10,662,923,0,2,1,2,0,1,0,0.00,71.72 ,50
03,001,00,003,0282,613 ,690,6,696,957,0,2,1,2,0,1,0,0.00,72.73 ,50
03,001,00,003,0282,614 ,749,13,762,1011,0,2,1,2,0,1,0,0.00,75.37 ,50
03,001,00,003,0282,615 ,1034,8,1042,1437,0,2,1,2,0,1,0,0.00,72.51 ,50
03,001,00,003,0283,616 ,570,6,576,776,0,2,1,2,0,1,0,0.00,74.23 ,50
03,001,00,003,0283,617 ,974,5,979,1195,0,2,1,2,0,1,0,0.00,81.92 ,50
03,001,00,003,0284,618 ,1129,17,1146,1495,0,2,1,2,0,1,0,0.00,76.66 ,50
03,001,00,003,0284,619 ,1241,20,1261,1688,0,2,1,2,0,1,0,0.00,74.70 ,50
03,001,00,003,0285,620 ,942,12,954,1256,0,2,1,2,0,1,0,0.00,75.96 ,50
03,001,00,003,0285,621 ,1130,8,1138,1517,0,2,1,2,0,1,0,0.00,75.02 ,50
03,001,00,003,0286,622 ,698,7,705,908,0,2,1,2,0,1,0,0.00,77.64 ,50
03,001,00,003,0286,623 ,818,5,823,1022,0,2,1,2,0,1,0,0.00,80.53 ,50
03,001,00,003,0287,624 ,182,1,183,235,0,2,1,2,0,1,0,0.00,77.87 ,50
03,001,00,003,0288,625 ,834,9,843,1099,0,2,1,2,0,1,0,0.00,76.71 ,50
03,001,00,003,0288,626 ,1215,9,1224,1644,0,2,1,2,0,1,0,0.00,74.45 ,50
03,001,00,003,0288,627 ,1011,15,1026,1388,0,2,1,2,0,1,0,0.00,73.92 ,50
03,001,00,003,0289,628 ,1002,13,1015,1303,0,2,1,2,0,1,0,0.00,77.90 ,50
03,001,00,003,0289,629 ,737,9,746,978,0,2,1,2,0,1,0,0.00,76.28 ,50
03,001,00,003,0290,630 ,1203,15,1218,1626,0,2,1,2,0,1,0,0.00,74.91 ,50
03,001,00,003,0290,631 ,951,11,962,1268,0,2,1,2,0,1,0,0.00,75.87 ,50
03,001,00,003,0291,632 ,1159,10,1169,1533,0,2,1,2,0,1,0,0.00,76.26 ,50
03,001,00,003,0291,633 ,858,5,863,1074,0,2,1,2,0,1,0,0.00,80.35 ,50
03,001,00,003,0292,634 ,822,7,829,1081,0,2,1,2,0,1,0,0.00,76.69 ,50
03,001,00,003,0292,635 ,1248,16,1264,1633,0,2,1,2,0,1,0,0.00,77.40 ,50
03,001,00,003,0293,636 ,695,3,698,943,0,2,1,2,0,1,0,0.00,74.02 ,50
03,001,00,003,0293,637 ,747,9,756,1011,0,2,1,2,0,1,0,0.00,74.78 ,50
03,001,00,003,0294,638 ,1270,10,1280,1697,0,2,1,2,0,1,0,0.00,75.43 ,50
03,001,00,003,0294,639 ,1049,10,1059,1387,0,2,1,2,0,1,0,0.00,76.35 ,50
03,001,00,003,0294,640 ,1159,8,1167,1528,0,2,1,2,0,1,0,0.00,76.37 ,50
03,001,00,003,0295,641 ,867,3,870,1114,0,2,1,2,0,1,0,0.00,78.10 ,50
03,001,00,003,0295,642 ,1297,14,1311,1696,0,2,1,2,0,1,0,0.00,77.30 ,50
03,001,00,003,0296,643 ,1272,16,1288,1756,0,2,1,2,0,1,0,0.00,73.35 ,50
03,001,00,003,0296,644 ,1207,6,1213,1676,0,2,1,2,0,1,0,0.00,72.37 ,50
03,001,00,003,0297,645 ,1242,13,1255,1720,0,2,1,2,0,1,0,0.00,72.97 ,50
03,001,00,003,0297,646 ,950,8,958,1344,0,2,1,2,0,1,0,0.00,71.28 ,50
03,001,00,003,0298,647 ,1146,18,1164,1562,0,2,1,2,0,1,0,0.00,74.52 ,50
03,001,00,003,0298,648 ,947,16,963,1246,0,2,1,2,0,1,0,0.00,77.29 ,50
03,001,00,003,0298,649 ,1061,10,1071,1461,0,2,1,2,0,1,0,0.00,73.31 ,50
03,001,00,003,0299,650 ,443,2,445,561,0,2,1,2,0,1,0,0.00,79.32 ,50
03,001,00,003,0299,651 ,610,11,621,804,0,2,1,2,0,1,0,0.00,77.24 ,50
03,001,00,003,0299,652 ,1041,13,1054,1360,0,2,1,2,0,1,0,0.00,77.50 ,50
03,001,00,003,0299,653 ,976,9,985,1263,0,2,1,2,0,1,0,0.00,77.99 ,50
03,001,00,003,0300,654 ,859,9,868,1111,0,2,1,2,0,1,0,0.00,78.13 ,50
03,001,00,003,0300,655 ,801,10,811,1104,0,2,1,2,0,1,0,0.00,73.46 ,50
03,001,00,003,0301,656 ,1262,15,1277,1686,0,2,1,2,0,1,0,0.00,75.74 ,50
03,001,00,003,0301,657 ,1076,6,1082,1391,0,2,1,2,0,1,0,0.00,77.79 ,50
03,001,00,003,0302,658 ,1056,14,1070,1384,0,2,1,2,0,1,0,0.00,77.31 ,50
03,001,00,003,0302,659 ,1155,11,1166,1516,0,2,1,2,0,1,0,0.00,76.91 ,50
03,001,00,003,0303,660 ,846,8,854,1108,0,2,1,2,0,1,0,0.00,77.08 ,50
03,001,00,003,0303,661 ,905,10,915,1242,0,2,1,2,0,1,0,0.00,73.67 ,50
03,001,00,003,0303,662 ,835,6,841,1069,0,2,1,2,0,1,0,0.00,78.67 ,50
03,001,00,003,0304,663 ,1078,12,1090,1418,0,2,1,2,0,1,0,0.00,76.87 ,50
03,001,00,003,0304,664 ,1272,12,1284,1655,0,2,1,2,0,1,0,0.00,77.58 ,50
03,001,00,003,0305,665 ,700,5,705,908,0,2,1,2,0,1,0,0.00,77.64 ,50
03,001,00,003,0305,666 ,677,7,684,928,0,2,1,2,0,1,0,0.00,73.71 ,50
03,001,00,003,0306,667 ,1279,20,1299,1684,0,2,1,2,0,1,0,0.00,77.14 ,50
03,001,00,003,0306,668 ,1355,13,1368,1704,0,2,1,2,0,1,0,0.00,80.28 ,50
03,001,00,003,0307,669 ,758,12,770,1009,0,2,1,2,0,1,0,0.00,76.31 ,50
03,001,00,003,0307,670 ,961,9,970,1236,0,2,1,2,0,1,0,0.00,78.48 ,50
03,001,00,003,0308,671 ,1002,9,1011,1258,0,2,1,2,0,1,0,0.00,80.37 ,50
03,001,00,003,0308,672 ,649,7,656,861,0,2,1,2,0,1,0,0.00,76.19 ,50
03,001,00,003,0309,673 ,888,4,892,1121,0,2,1,2,0,1,0,0.00,79.57 ,50
03,001,00,003,0309,674 ,1164,11,1175,1561,0,2,1,2,0,1,0,0.00,75.27 ,50
03,001,00,003,0310,675 ,1109,21,1130,1444,0,2,1,2,0,1,0,0.00,78.25 ,50
03,001,00,003,0311,676 ,987,9,996,1307,0,2,1,2,0,1,0,0.00,76.21 ,50
03,001,00,003,0311,677 ,1040,6,1046,1357,0,2,1,2,0,1,0,0.00,77.08 ,50
03,001,00,003,0312,678 ,382,5,387,488,0,2,1,2,0,1,0,0.00,79.30 ,50
03,001,00,003,0313,679 ,1058,13,1071,1446,0,2,1,2,0,1,0,0.00,74.07 ,50
03,001,00,003,0313,680 ,492,7,499,658,0,2,1,2,0,1,0,0.00,75.84 ,50
03,001,00,003,0313,681 ,1061,7,1068,1360,0,2,1,2,0,1,0,0.00,78.53 ,50
03,001,00,003,0314,682 ,825,13,838,1004,0,2,1,2,0,1,0,0.00,83.47 ,50
03,001,00,003,0314,683 ,835,4,839,1021,0,2,1,2,0,1,0,0.00,82.17 ,50
03,001,00,003,0315,684 ,1094,10,1104,1405,0,2,1,2,0,1,0,0.00,78.58 ,50
03,001,00,003,0315,685 ,890,13,903,1143,0,2,1,2,0,1,0,0.00,79.00 ,50
03,001,00,003,0316,686 ,1025,9,1034,1330,0,2,1,2,0,1,0,0.00,77.74 ,50
03,001,00,003,0316,687 ,1219,7,1226,1661,0,2,1,2,0,1,0,0.00,73.81 ,50
03,001,00,003,0317,688 ,405,7,412,580,0,2,1,2,0,1,0,0.00,71.03 ,50
03,001,00,003,0317,689 ,997,12,1009,1370,0,2,1,2,0,1,0,0.00,73.65 ,50
03,001,00,003,0318,690 ,918,17,935,1151,0,2,1,2,0,1,0,0.00,81.23 ,50
03,001,00,003,0318,691 ,750,9,759,1005,0,2,1,2,0,1,0,0.00,75.52 ,50
03,001,00,003,0319,692 ,1025,16,1041,1406,0,2,1,2,0,1,0,0.00,74.04 ,50
03,001,00,003,0319,693 ,1002,4,1006,1360,0,2,1,2,0,1,0,0.00,73.97 ,50
03,001,00,003,0320,694 ,886,12,898,1215,0,2,1,2,0,1,0,0.00,73.91 ,50
03,001,00,003,0320,695 ,1164,10,1174,1515,0,2,1,2,0,1,0,0.00,77.49 ,50
03,001,00,003,0320,696 ,1084,12,1096,1366,0,2,1,2,0,1,0,0.00,80.23 ,50
03,001,00,003,0321,697 ,951,11,962,1292,0,2,1,2,0,1,0,0.00,74.46 ,50
03,001,00,003,0321,698 ,1021,14,1035,1375,0,2,1,2,0,1,0,0.00,75.27 ,50
03,001,00,003,0322,699 ,954,13,967,1263,0,2,1,2,0,1,0,0.00,76.56 ,50
03,001,00,003,0322,700 ,1012,9,1021,1351,0,2,1,2,0,1,0,0.00,75.57 ,50
03,001,00,003,0322,701 ,749,10,759,975,0,2,1,2,0,1,0,0.00,77.85 ,50
03,001,00,003,0323,702 ,1028,7,1035,1362,0,2,1,2,0,1,0,0.00,75.99 ,50
03,001,00,003,0323,703 ,1073,8,1081,1438,0,2,1,2,0,1,0,0.00,75.17 ,50
03,001,00,003,0324,704 ,684,16,700,882,0,2,1,2,0,1,0,0.00,79.37 ,50
03,001,00,003,0324,705 ,697,5,702,916,0,2,1,2,0,1,0,0.00,76.64 ,50
03,001,00,003,0325,706 ,1147,10,1157,1500,0,2,1,2,0,1,0,0.00,77.13 ,50
03,001,00,003,0325,707 ,990,5,995,1261,0,2,1,2,0,1,0,0.00,78.91 ,50
03,001,00,003,0326,708 ,1095,14,1109,1390,0,2,1,2,0,1,0,0.00,79.78 ,50
03,001,00,003,0326,709 ,1248,10,1258,1651,0,2,1,2,0,1,0,0.00,76.20 ,50
03,001,00,003,0327,710 ,1243,12,1255,1609,0,2,1,2,0,1,0,0.00,78.00 ,50
03,001,00,003,0327,711 ,572,12,584,756,0,2,1,2,0,1,0,0.00,77.25 ,50
03,001,00,003,0328,712 ,1274,13,1287,1672,0,2,1,2,0,1,0,0.00,76.97 ,50
03,001,00,003,0328,713 ,1339,19,1358,1784,0,2,1,2,0,1,0,0.00,76.12 ,50
03,001,00,003,0329,714 ,1072,8,1080,1401,0,2,1,2,0,1,0,0.00,77.09 ,50
03,001,00,003,0329,715 ,888,14,902,1171,0,2,1,2,0,1,0,0.00,77.03 ,50
03,001,00,003,0329,716 ,1024,12,1036,1291,0,2,1,2,0,1,0,0.00,80.25 ,50
03,001,00,003,0330,717 ,924,10,934,1175,0,2,1,2,0,1,0,0.00,79.49 ,50
03,001,00,003,0330,718 ,1007,6,1013,1315,0,2,1,2,0,1,0,0.00,77.03 ,50
03,001,00,003,0331,719 ,836,14,850,1115,0,2,1,2,0,1,0,0.00,76.23 ,50
03,001,00,003,0331,720 ,1132,10,1142,1461,0,2,1,2,0,1,0,0.00,78.17 ,50
03,001,00,003,0332,721 ,726,8,734,951,0,2,1,2,0,1,0,0.00,77.18 ,50
03,001,00,003,0332,722 ,855,11,866,1126,0,2,1,2,0,1,0,0.00,76.91 ,50
03,001,00,003,0333,723 ,1155,13,1168,1574,0,2,1,2,0,1,0,0.00,74.21 ,50
03,001,00,003,0334,724 ,1109,17,1126,1443,0,2,1,2,0,1,0,0.00,78.03 ,50
03,001,00,003,0334,725 ,1113,10,1123,1466,0,2,1,2,0,1,0,0.00,76.60 ,50
03,001,00,004,0335,726 ,1233,11,1244,1653,0,2,1,2,0,1,0,0.00,75.26 ,50
03,001,00,004,0336,727 ,836,6,842,1126,0,2,1,2,0,1,0,0.00,74.78 ,50
03,001,00,004,0337,728 ,725,11,736,1013,0,2,1,2,0,1,0,0.00,72.66 ,50
03,001,00,004,0337,729 ,844,5,849,1144,0,2,1,2,0,1,0,0.00,74.21 ,50
03,001,00,004,0338,730 ,1317,14,1331,1743,0,2,1,2,0,1,0,0.00,76.36 ,50
03,001,00,004,0338,731 ,1304,20,1324,1705,0,2,1,2,0,1,0,0.00,77.65 ,50
03,001,00,004,0339,732 ,1225,12,1237,1569,0,2,1,2,0,1,0,0.00,78.84 ,50
03,001,00,004,0339,733 ,1040,19,1059,1378,0,2,1,2,0,1,0,0.00,76.85 ,50
03,001,00,004,0340,734 ,1253,8,1261,1659,0,2,1,2,0,1,0,0.00,76.01 ,50
03,001,00,004,0340,735 ,1279,12,1291,1705,0,2,1,2,0,1,0,0.00,75.72 ,50
03,001,00,004,0341,736 ,1272,12,1284,1663,0,2,1,2,0,1,0,0.00,77.21 ,50
03,001,00,004,0341,737 ,1189,15,1204,1572,0,2,1,2,0,1,0,0.00,76.59 ,50
03,001,00,004,0342,738 ,969,9,978,1265,0,2,1,2,0,1,0,0.00,77.31 ,50
03,001,00,004,0343,739 ,1163,6,1169,1541,0,2,1,2,0,1,0,0.00,75.86 ,50
03,001,00,004,0343,740 ,1041,5,1046,1371,0,2,1,2,0,1,0,0.00,76.29 ,50
03,001,00,004,0344,741 ,1197,11,1208,1646,0,2,1,2,0,1,0,0.00,73.39 ,50
03,001,00,004,0344,742 ,1195,10,1205,1614,0,2,1,2,0,1,0,0.00,74.66 ,50
03,001,00,004,0345,743 ,851,10,861,1140,0,2,1,2,0,1,0,0.00,75.53 ,50
03,001,00,004,0345,744 ,659,3,662,880,0,2,1,2,0,1,0,0.00,75.23 ,50
03,001,00,004,0346,745 ,1118,10,1128,1517,0,2,1,2,0,1,0,0.00,74.36 ,50
03,001,00,004,0346,746 ,1104,12,1116,1461,0,2,1,2,0,1,0,0.00,76.39 ,50
03,001,00,004,0347,747 ,1001,5,1006,1290,0,2,1,2,0,1,0,0.00,77.98 ,50
03,001,00,004,0347,748 ,948,5,953,1273,0,2,1,2,0,1,0,0.00,74.86 ,50
03,001,00,004,0348,749 ,825,4,829,1129,0,2,1,2,0,1,0,0.00,73.43 ,50
03,001,00,004,0348,750 ,1042,5,1047,1386,0,2,1,2,0,1,0,0.00,75.54 ,50
03,001,00,004,0348,751 ,916,5,921,1181,0,2,1,2,0,1,0,0.00,77.98 ,50
03,001,00,004,0349,752 ,861,8,869,1083,0,2,1,2,0,1,0,0.00,80.24 ,50
03,001,00,004,0349,753 ,917,4,921,1183,0,2,1,2,0,1,0,0.00,77.85 ,50
03,001,00,004,0349,754 ,886,6,892,1122,0,2,1,2,0,1,0,0.00,79.50 ,50
03,001,00,004,0350,755 ,1227,5,1232,1601,0,2,1,2,0,1,0,0.00,76.95 ,50
03,001,00,004,0350,756 ,1194,14,1208,1538,0,2,1,2,0,1,0,0.00,78.54 ,50
03,001,00,004,0351,757 ,1048,9,1057,1362,0,2,1,2,0,1,0,0.00,77.61 ,50
03,001,00,004,0351,758 ,1006,10,1016,1294,0,2,1,2,0,1,0,0.00,78.52 ,50
03,001,00,004,0352,759 ,1025,11,1036,1333,0,2,1,2,0,1,0,0.00,77.72 ,50
03,001,00,004,0352,760 ,989,9,998,1299,0,2,1,2,0,1,0,0.00,76.83 ,50
03,001,00,004,0353,761 ,1257,18,1275,1652,0,2,1,2,0,1,0,0.00,77.18 ,50
03,001,00,004,0353,762 ,1299,10,1309,1718,0,2,1,2,0,1,0,0.00,76.19 ,50
03,001,00,004,0354,763 ,982,9,991,1282,0,2,1,2,0,1,0,0.00,77.30 ,50
03,001,00,004,0354,764 ,952,9,961,1247,0,2,1,2,0,1,0,0.00,77.06 ,50
03,001,00,004,0354,765 ,1122,9,1131,1402,0,2,1,2,0,1,0,0.00,80.67 ,50
03,001,00,004,0355,766 ,1192,10,1202,1558,0,2,1,2,0,1,0,0.00,77.15 ,50
03,001,00,004,0355,767 ,1234,9,1243,1525,0,2,1,2,0,1,0,0.00,81.51 ,50
03,001,00,004,0356,768 ,912,7,919,1191,0,2,1,2,0,1,0,0.00,77.16 ,50
03,001,00,004,0356,769 ,980,10,990,1238,0,2,1,2,0,1,0,0.00,79.97 ,50
03,001,00,004,0356,770 ,987,2,989,1212,0,2,1,2,0,1,0,0.00,81.60 ,50
03,001,00,004,0357,771 ,1177,15,1192,1534,0,2,1,2,0,1,0,0.00,77.71 ,50
03,001,00,004,0357,772 ,1247,9,1256,1677,0,2,1,2,0,1,0,0.00,74.90 ,50
03,001,00,004,0358,773 ,836,3,839,1085,0,2,1,2,0,1,0,0.00,77.33 ,50
03,001,00,004,0358,774 ,1078,9,1087,1381,0,2,1,2,0,1,0,0.00,78.71 ,50
03,001,00,004,0359,775 ,1183,5,1188,1493,0,2,1,2,0,1,0,0.00,79.57 ,50
03,001,00,004,0359,776 ,1054,6,1060,1371,0,2,1,2,0,1,0,0.00,77.32 ,50
03,001,00,004,0360,777 ,1210,12,1222,1529,0,2,1,2,0,1,0,0.00,79.92 ,50
03,001,00,004,0360,778 ,1240,4,1244,1540,0,2,1,2,0,1,0,0.00,80.78 ,50
03,001,00,004,0360,779 ,1275,13,1288,1619,0,2,1,2,0,1,0,0.00,79.56 ,50
03,001,00,004,0361,780 ,887,13,900,1164,0,2,1,2,0,1,0,0.00,77.32 ,50
03,001,00,004,0361,781 ,1084,10,1094,1359,0,2,1,2,0,1,0,0.00,80.50 ,50
03,001,00,004,0361,782 ,824,8,832,1057,0,2,1,2,0,1,0,0.00,78.71 ,50
03,001,00,004,0362,783 ,1366,12,1378,1725,0,2,1,2,0,1,0,0.00,79.88 ,50
03,001,00,004,0362,784 ,1178,9,1187,1520,0,2,1,2,0,1,0,0.00,78.09 ,50
03,001,00,004,0362,785 ,1067,10,1077,1391,0,2,1,2,0,1,0,0.00,77.43 ,50
03,001,00,004,0363,786 ,1324,11,1335,1673,0,2,1,2,0,1,0,0.00,79.80 ,50
03,001,00,004,0363,787 ,1217,12,1229,1581,0,2,1,2,0,1,0,0.00,77.74 ,50
03,001,00,004,0364,788 ,959,9,968,1229,0,2,1,2,0,1,0,0.00,78.76 ,50
03,001,00,004,0364,789 ,903,5,908,1202,0,2,1,2,0,1,0,0.00,75.54 ,50
03,001,00,004,0365,790 ,1231,8,1239,1660,0,2,1,2,0,1,0,0.00,74.64 ,50
03,001,00,004,0365,791 ,1238,5,1243,1629,0,2,1,2,0,1,0,0.00,76.30 ,50
03,001,00,004,0366,792 ,1018,6,1024,1307,0,2,1,2,0,1,0,0.00,78.35 ,50
03,001,00,004,0366,793 ,1156,7,1163,1483,0,2,1,2,0,1,0,0.00,78.42 ,50
03,001,00,004,0366,794 ,567,4,571,759,0,2,1,2,0,1,0,0.00,75.23 ,50
03,001,00,004,0367,795 ,814,11,825,1087,0,2,1,2,0,1,0,0.00,75.90 ,50
03,001,00,004,0367,796 ,921,10,931,1208,0,2,1,2,0,1,0,0.00,77.07 ,50
03,001,00,004,0367,797 ,885,10,895,1221,0,2,1,2,0,1,0,0.00,73.30 ,50
03,001,00,004,0368,798 ,1078,7,1085,1446,0,2,1,2,0,1,0,0.00,75.03 ,50
03,001,00,004,0368,799 ,1082,4,1086,1472,0,2,1,2,0,1,0,0.00,73.78 ,50
03,001,00,004,0369,800 ,653,4,657,888,0,2,1,2,0,1,0,0.00,73.99 ,50
03,001,00,004,0369,801 ,715,2,717,968,0,2,1,2,0,1,0,0.00,74.07 ,50
03,001,00,004,0370,802 ,964,6,970,1230,0,2,1,2,0,1,0,0.00,78.86 ,50
03,001,00,004,0370,803 ,899,9,908,1212,0,2,1,2,0,1,0,0.00,74.92 ,50
03,001,00,004,0370,804 ,1205,12,1217,1593,0,2,1,2,0,1,0,0.00,76.40 ,50
03,001,00,004,0371,805 ,1262,12,1274,1672,0,2,1,2,0,1,0,0.00,76.20 ,50
03,001,00,004,0371,806 ,1189,12,1201,1528,0,2,1,2,0,1,0,0.00,78.60 ,50
03,001,00,004,0372,807 ,1035,7,1042,1421,0,2,1,2,0,1,0,0.00,73.33 ,50
03,001,00,004,0372,808 ,1056,12,1068,1383,0,2,1,2,0,1,0,0.00,77.22 ,50
03,001,00,004,0373,809 ,1045,8,1053,1336,0,2,1,2,0,1,0,0.00,78.82 ,50
03,001,00,004,0373,810 ,1088,15,1103,1340,0,2,1,2,0,1,0,0.00,82.31 ,50
03,001,00,004,0374,811 ,959,7,966,1260,0,2,1,2,0,1,0,0.00,76.67 ,50
03,001,00,004,0374,812 ,1173,10,1183,1502,0,2,1,2,0,1,0,0.00,78.76 ,50
03,001,00,004,0375,813 ,1331,5,1336,1733,0,2,1,2,0,1,0,0.00,77.09 ,50
03,001,00,004,0376,814 ,1244,13,1257,1670,0,2,1,2,0,1,0,0.00,75.27 ,50
03,001,00,004,0376,815 ,1257,16,1273,1685,0,2,1,2,0,1,0,0.00,75.55 ,50
03,001,00,004,0377,816 ,1202,10,1212,1574,0,2,1,2,0,1,0,0.00,77.00 ,50
03,001,00,004,0377,817 ,1384,12,1396,1752,0,2,1,2,0,1,0,0.00,79.68 ,50
03,001,00,004,0378,818 ,1338,18,1356,1713,0,2,1,2,0,1,0,0.00,79.16 ,50
03,001,00,004,0378,819 ,1276,14,1290,1689,0,2,1,2,0,1,0,0.00,76.38 ,50
03,001,00,004,0379,820 ,1365,16,1381,1811,0,2,1,2,0,1,0,0.00,76.26 ,50
03,001,00,004,0379,821 ,901,10,911,1166,0,2,1,2,0,1,0,0.00,78.13 ,50
03,001,00,004,0379,822 ,1085,6,1091,1415,0,2,1,2,0,1,0,0.00,77.10 ,50
03,001,00,004,0380,823 ,1173,16,1189,1487,0,2,1,2,0,1,0,0.00,79.96 ,50
03,001,00,004,0380,824 ,1051,18,1069,1388,0,2,1,2,0,1,0,0.00,77.02 ,50
03,001,00,004,0381,825 ,821,20,841,1058,0,2,1,2,0,1,0,0.00,79.49 ,50
03,001,00,004,0382,826 ,653,10,663,864,0,2,1,2,0,1,0,0.00,76.74 ,50
03,001,00,004,0383,827 ,763,24,787,1017,0,2,1,2,0,1,0,0.00,77.38 ,50
03,001,00,004,0384,828 ,595,9,604,788,0,2,1,2,0,1,0,0.00,76.65 ,50
03,001,00,004,0385,829 ,912,8,920,1181,0,2,1,2,0,1,0,0.00,77.90 ,50
03,001,00,004,0385,830 ,1071,15,1086,1385,0,2,1,2,0,1,0,0.00,78.41 ,50
03,001,00,004,0386,831 ,751,5,756,968,0,2,1,2,0,1,0,0.00,78.10 ,50
03,001,00,004,0386,832 ,880,7,887,1180,0,2,1,2,0,1,0,0.00,75.17 ,50
03,001,00,004,0387,833 ,738,7,745,963,0,2,1,2,0,1,0,0.00,77.36 ,50
03,001,00,004,0387,834 ,748,11,759,956,0,2,1,2,0,1,0,0.00,79.39 ,50
03,001,00,004,0388,835 ,1109,9,1118,1532,0,2,1,2,0,1,0,0.00,72.98 ,50
03,001,00,004,0389,836 ,595,12,607,813,0,2,1,2,0,1,0,0.00,74.66 ,50
03,001,00,004,0389,837 ,850,5,855,1094,0,2,1,2,0,1,0,0.00,78.15 ,50
03,001,00,004,0390,838 ,851,5,856,1111,0,2,1,2,0,1,0,0.00,77.05 ,50
03,001,00,004,0390,839 ,810,12,822,1040,0,2,1,2,0,1,0,0.00,79.04 ,50
03,001,00,004,0391,840 ,693,8,701,880,0,2,1,2,0,1,0,0.00,79.66 ,50
03,001,00,004,0391,841 ,735,11,746,947,0,2,1,2,0,1,0,0.00,78.78 ,50
03,001,00,004,0392,842 ,754,13,767,1029,0,2,1,2,0,1,0,0.00,74.54 ,50
03,001,00,004,0392,843 ,980,12,992,1262,0,2,1,2,0,1,0,0.00,78.61 ,50
03,001,00,005,0393,844 ,1050,11,1061,1410,0,2,1,2,0,1,0,0.00,75.25 ,50
03,001,00,005,0393,845 ,1147,6,1153,1465,0,2,1,2,0,1,0,0.00,78.70 ,50
03,001,00,005,0393,846 ,967,11,978,1244,0,2,1,2,0,1,0,0.00,78.62 ,50
03,001,00,005,0394,847 ,1305,10,1315,1651,0,2,1,2,0,1,0,0.00,79.65 ,50
03,001,00,005,0394,848 ,1085,8,1093,1401,0,2,1,2,0,1,0,0.00,78.02 ,50
03,001,00,005,0395,849 ,865,9,874,1153,0,2,1,2,0,1,0,0.00,75.80 ,50
03,001,00,005,0395,850 ,912,9,921,1177,0,2,1,2,0,1,0,0.00,78.25 ,50
03,001,00,005,0395,851 ,899,9,908,1163,0,2,1,2,0,1,0,0.00,78.07 ,50
03,001,00,005,0396,852 ,1214,10,1224,1470,0,2,1,2,0,1,0,0.00,83.27 ,50
03,001,00,005,0397,853 ,1316,12,1328,1641,0,2,1,2,0,1,0,0.00,80.93 ,50
03,001,00,005,0397,854 ,1129,13,1142,1461,0,2,1,2,0,1,0,0.00,78.17 ,50
03,001,00,005,0398,855 ,778,4,782,975,0,2,1,2,0,1,0,0.00,80.21 ,50
03,001,00,005,0398,856 ,773,1,774,973,0,2,1,2,0,1,0,0.00,79.55 ,50
03,001,00,005,0398,857 ,697,6,703,929,0,2,1,2,0,1,0,0.00,75.67 ,50
03,001,00,005,0399,858 ,1019,9,1028,1313,0,2,1,2,0,1,0,0.00,78.29 ,50
03,001,00,005,0399,859 ,1082,11,1093,1397,0,2,1,2,0,1,0,0.00,78.24 ,50
03,001,00,005,0400,860 ,1170,16,1186,1467,0,2,1,2,0,1,0,0.00,80.85 ,50
03,001,00,005,0401,861 ,825,9,834,1076,0,2,1,2,0,1,0,0.00,77.51 ,50
03,001,00,005,0402,862 ,873,6,879,1155,0,2,1,2,0,1,0,0.00,76.10 ,50
03,001,00,005,0402,863 ,890,6,896,1090,0,2,1,2,0,1,0,0.00,82.20 ,50
03,001,00,005,0402,864 ,923,10,933,1172,0,2,1,2,0,1,0,0.00,79.61 ,50
03,001,00,005,0403,865 ,989,13,1002,1285,0,2,1,2,0,1,0,0.00,77.98 ,50
03,001,00,005,0403,866 ,992,4,996,1291,0,2,1,2,0,1,0,0.00,77.15 ,50
03,001,00,005,0404,867 ,937,7,944,1240,0,2,1,2,0,1,0,0.00,76.13 ,50
03,001,00,005,0404,868 ,825,9,834,1110,0,2,1,2,0,1,0,0.00,75.14 ,50
03,001,00,005,0404,869 ,898,5,903,1191,0,2,1,2,0,1,0,0.00,75.82 ,50
03,001,00,005,0405,870 ,987,7,994,1272,0,2,1,2,0,1,0,0.00,78.14 ,50
03,001,00,005,0405,871 ,910,7,917,1213,0,2,1,2,0,1,0,0.00,75.60 ,50
03,001,00,005,0405,872 ,802,14,816,1109,0,2,1,2,0,1,0,0.00,73.58 ,50
03,001,00,005,0406,873 ,868,8,876,1189,0,2,1,2,0,1,0,0.00,73.68 ,50
03,001,00,005,0406,874 ,889,12,901,1211,0,2,1,2,0,1,0,0.00,74.40 ,50
03,001,00,005,0407,875 ,810,14,824,1136,0,2,1,2,0,1,0,0.00,72.54 ,50
03,001,00,005,0407,876 ,870,10,880,1141,0,2,1,2,0,1,0,0.00,77.13 ,50
03,001,00,005,0408,877 ,915,8,923,1230,0,2,1,2,0,1,0,0.00,75.04 ,50
03,001,00,005,0408,878 ,899,14,913,1200,0,2,1,2,0,1,0,0.00,76.08 ,50
03,001,00,005,0409,879 ,674,7,681,862,0,2,1,2,0,1,0,0.00,79.00 ,50
03,001,00,005,0409,880 ,818,10,828,1113,0,2,1,2,0,1,0,0.00,74.39 ,50
03,001,00,005,0409,881 ,956,11,967,1265,0,2,1,2,0,1,0,0.00,76.44 ,50
03,001,00,005,0410,882 ,861,8,869,1118,0,2,1,2,0,1,0,0.00,77.73 ,50
03,001,00,005,0410,883 ,857,9,866,1141,0,2,1,2,0,1,0,0.00,75.90 ,50
03,001,00,005,0410,884 ,742,8,750,1027,0,2,1,2,0,1,0,0.00,73.03 ,50
03,001,00,005,0411,885 ,804,10,814,1097,0,2,1,2,0,1,0,0.00,74.20 ,50
03,001,00,005,0411,886 ,843,12,855,1172,0,2,1,2,0,1,0,0.00,72.95 ,50
03,001,00,005,0411,887 ,840,11,851,1157,0,2,1,2,0,1,0,0.00,73.55 ,50
03,001,00,005,0412,888 ,1028,3,1031,1370,0,2,1,2,0,1,0,0.00,75.26 ,50
03,001,00,005,0412,889 ,675,4,679,888,0,2,1,2,0,1,0,0.00,76.46 ,50
03,001,00,005,0413,890 ,692,2,694,962,0,2,1,2,0,1,0,0.00,72.14 ,50
03,001,00,005,0413,891 ,759,10,769,982,0,2,1,2,0,1,0,0.00,78.31 ,50
03,001,00,005,0413,892 ,761,10,771,1002,0,2,1,2,0,1,0,0.00,76.95 ,50
03,001,00,005,0414,893 ,1133,13,1146,1496,0,2,1,2,0,1,0,0.00,76.60 ,50
03,001,00,005,0415,894 ,871,9,880,1162,0,2,1,2,0,1,0,0.00,75.73 ,50
03,001,00,005,0415,895 ,654,9,663,850,0,2,1,2,0,1,0,0.00,78.00 ,50
03,001,00,005,0416,896 ,870,10,880,1111,0,2,1,2,0,1,0,0.00,79.21 ,50
03,001,00,005,0416,897 ,714,8,722,948,0,2,1,2,0,1,0,0.00,76.16 ,50
03,001,00,005,0416,898 ,716,11,727,925,0,2,1,2,0,1,0,0.00,78.59 ,50
03,001,00,005,0417,899 ,869,11,880,1081,0,2,1,2,0,1,0,0.00,81.41 ,50
03,001,00,005,0417,900 ,869,10,879,1124,0,2,1,2,0,1,0,0.00,78.20 ,50
03,001,00,005,0417,901 ,941,11,952,1293,0,2,1,2,0,1,0,0.00,73.63 ,50
03,001,00,005,0418,902 ,821,5,826,1080,0,2,1,2,0,1,0,0.00,76.48 ,50
03,001,00,005,0418,903 ,874,11,885,1142,0,2,1,2,0,1,0,0.00,77.50 ,50
03,001,00,005,0418,904 ,884,5,889,1156,0,2,1,2,0,1,0,0.00,76.90 ,50
03,001,00,005,0419,905 ,1222,10,1232,1601,0,2,1,2,0,1,0,0.00,76.95 ,50
03,001,00,005,0420,906 ,955,6,961,1216,0,2,1,2,0,1,0,0.00,79.03 ,50
03,001,00,005,0420,907 ,1031,11,1042,1390,0,2,1,2,0,1,0,0.00,74.96 ,50
03,001,00,005,0420,908 ,1080,11,1091,1394,0,2,1,2,0,1,0,0.00,78.26 ,50
03,001,00,005,0421,909 ,879,16,895,1141,0,2,1,2,0,1,0,0.00,78.44 ,50
03,001,00,005,0422,910 ,1266,12,1278,1726,0,2,1,2,0,1,0,0.00,74.04 ,50
03,001,00,005,0423,911 ,556,6,562,711,0,2,1,2,0,1,0,0.00,79.04 ,50
03,001,00,005,0423,912 ,1050,11,1061,1381,0,2,1,2,0,1,0,0.00,76.83 ,50
03,001,00,005,0423,913 ,1079,20,1099,1464,0,2,1,2,0,1,0,0.00,75.07 ,50
03,001,00,005,0424,914 ,1003,16,1019,1316,0,2,1,2,0,1,0,0.00,77.43 ,50
03,001,00,005,0424,915 ,1171,17,1188,1595,0,2,1,2,0,1,0,0.00,74.48 ,50
03,001,00,005,0424,916 ,1109,7,1116,1444,0,2,1,2,0,1,0,0.00,77.29 ,50
03,001,00,005,0425,917 ,841,4,845,1138,0,2,1,2,0,1,0,0.00,74.25 ,50
03,001,00,005,0425,918 ,821,8,829,1150,0,2,1,2,0,1,0,0.00,72.09 ,50
03,001,00,005,0425,919 ,1014,3,1017,1340,0,2,1,2,0,1,0,0.00,75.90 ,50
03,001,00,005,0426,920 ,1245,17,1262,1676,0,2,1,2,0,1,0,0.00,75.30 ,50
03,001,00,005,0427,921 ,970,11,981,1279,0,2,1,2,0,1,0,0.00,76.70 ,50
03,001,00,005,0427,922 ,969,5,974,1262,0,2,1,2,0,1,0,0.00,77.18 ,50
03,001,00,005,0427,923 ,983,13,996,1306,0,2,1,2,0,1,0,0.00,76.26 ,50
03,001,00,005,0428,924 ,592,10,602,769,0,2,1,2,0,1,0,0.00,78.28 ,50
03,001,00,005,0428,925 ,821,8,829,1066,0,2,1,2,0,1,0,0.00,77.77 ,50
03,001,00,005,0429,926 ,914,5,919,1197,0,2,1,2,0,1,0,0.00,76.78 ,50
03,001,00,005,0429,927 ,945,16,961,1293,0,2,1,2,0,1,0,0.00,74.32 ,50
03,001,00,005,0430,928 ,872,8,880,1211,0,2,1,2,0,1,0,0.00,72.67 ,50
03,001,00,005,0430,929 ,805,5,810,1105,0,2,1,2,0,1,0,0.00,73.30 ,50
03,001,00,005,0430,930 ,916,18,934,1212,0,2,1,2,0,1,0,0.00,77.06 ,50
03,001,00,005,0431,931 ,1066,11,1077,1386,0,2,1,2,0,1,0,0.00,77.71 ,50
03,001,00,005,0431,932 ,1118,8,1126,1465,0,2,1,2,0,1,0,0.00,76.86 ,50
03,001,00,005,0432,933 ,1113,11,1124,1506,0,2,1,2,0,1,0,0.00,74.63 ,50
03,001,00,005,0432,934 ,932,6,938,1238,0,2,1,2,0,1,0,0.00,75.77 ,50
03,001,00,005,0432,935 ,1095,8,1103,1408,0,2,1,2,0,1,0,0.00,78.34 ,50
03,001,00,005,0433,936 ,766,9,775,1084,0,2,1,2,0,1,0,0.00,71.49 ,50
03,001,00,005,0433,937 ,731,5,736,961,0,2,1,2,0,1,0,0.00,76.59 ,50
03,001,00,005,0433,938 ,718,12,730,970,0,2,1,2,0,1,0,0.00,75.26 ,50
03,001,00,005,0434,939 ,1073,11,1084,1382,0,2,1,2,0,1,0,0.00,78.44 ,50
03,001,00,005,0434,940 ,986,13,999,1298,0,2,1,2,0,1,0,0.00,76.96 ,50
03,001,00,005,0435,941 ,756,3,759,956,0,2,1,2,0,1,0,0.00,79.39 ,50
03,001,00,005,0435,942 ,749,3,752,994,0,2,1,2,0,1,0,0.00,75.65 ,50
03,001,00,005,0436,943 ,837,4,841,1059,0,2,1,2,0,1,0,0.00,79.41 ,50
03,001,00,005,0436,944 ,1118,7,1125,1410,0,2,1,2,0,1,0,0.00,79.79 ,50
03,001,00,005,0436,945 ,706,7,713,937,0,2,1,2,0,1,0,0.00,76.09 ,50
03,001,00,005,0437,946 ,752,8,760,1003,0,2,1,2,0,1,0,0.00,75.77 ,50
03,001,00,005,0437,947 ,660,7,667,899,0,2,1,2,0,1,0,0.00,74.19 ,50
03,001,00,005,0437,948 ,819,6,825,1117,0,2,1,2,0,1,0,0.00,73.86 ,50
03,001,00,005,0437,949 ,803,10,813,1098,0,2,1,2,0,1,0,0.00,74.04 ,50
03,001,00,005,0438,950 ,1122,18,1140,1437,0,2,1,2,0,1,0,0.00,79.33 ,50
03,001,00,005,0439,951 ,678,9,687,1145,0,2,1,2,0,1,0,0.00,60.00 ,50
03,001,00,005,0439,952 ,807,8,815,1020,0,2,1,2,0,1,0,0.00,79.90 ,50
03,001,00,005,0440,953 ,731,6,737,952,0,2,1,2,0,1,0,0.00,77.42 ,50
03,001,00,005,0440,954 ,764,9,773,978,0,2,1,2,0,1,0,0.00,79.04 ,50
03,001,00,005,0441,955 ,889,9,898,1183,0,2,1,2,0,1,0,0.00,75.91 ,50
03,001,00,005,0441,956 ,1038,7,1045,1410,0,2,1,2,0,1,0,0.00,74.11 ,50
03,001,00,005,0441,957 ,908,17,925,1208,0,2,1,2,0,1,0,0.00,76.57 ,50
03,001,00,005,0442,958 ,882,6,888,1140,0,2,1,2,0,1,0,0.00,77.89 ,50
03,001,00,005,0442,959 ,803,8,811,1062,0,2,1,2,0,1,0,0.00,76.37 ,50
03,001,00,005,0442,960 ,870,11,881,1165,0,2,1,2,0,1,0,0.00,75.62 ,50
03,001,00,005,0442,961 ,709,6,715,915,0,2,1,2,0,1,0,0.00,78.14 ,50
03,001,00,005,0443,962 ,1126,11,1137,1489,0,2,1,2,0,1,0,0.00,76.36 ,50
03,001,00,005,0443,963 ,1166,9,1175,1600,0,2,1,2,0,1,0,0.00,73.44 ,50
03,001,00,005,0444,964 ,1261,10,1271,1655,0,2,1,2,0,1,0,0.00,76.80 ,50
03,001,00,005,0444,965 ,1261,14,1275,1633,0,2,1,2,0,1,0,0.00,78.08 ,50
03,001,00,005,0444,966 ,871,5,876,1181,0,2,1,2,0,1,0,0.00,74.17 ,50
03,001,00,005,0445,967 ,954,11,965,1280,0,2,1,2,0,1,0,0.00,75.39 ,50
03,001,00,005,0445,968 ,1241,6,1247,1585,0,2,1,2,0,1,0,0.00,78.68 ,50
03,001,00,005,0445,969 ,196,1,197,221,0,2,1,2,0,1,0,0.00,89.14 ,50
03,001,00,005,0446,970 ,955,6,961,1308,0,2,1,2,0,1,0,0.00,73.47 ,50
03,001,00,005,0446,971 ,920,9,929,1240,0,2,1,2,0,1,0,0.00,74.92 ,50
03,001,00,005,0446,972 ,778,6,784,1072,0,2,1,2,0,1,0,0.00,73.13 ,50
03,001,00,005,0447,973 ,876,5,881,1209,0,2,1,2,0,1,0,0.00,72.87 ,50
03,001,00,005,0447,974 ,1014,10,1024,1366,0,2,1,2,0,1,0,0.00,74.96 ,50
03,001,00,005,0447,975 ,1001,11,1012,1317,0,2,1,2,0,1,0,0.00,76.84 ,50
03,001,00,005,0448,976 ,569,3,572,749,0,2,1,2,0,1,0,0.00,76.37 ,50
03,001,00,005,0448,977 ,642,1,643,835,0,2,1,2,0,1,0,0.00,77.01 ,50
03,001,00,005,0449,978 ,947,8,955,1274,0,2,1,2,0,1,0,0.00,74.96 ,50
03,001,00,005,0449,979 ,1192,4,1196,1602,0,2,1,2,0,1,0,0.00,74.66 ,50
03,001,00,005,0450,980 ,742,8,750,1076,0,2,1,2,0,1,0,0.00,69.70 ,50
03,001,00,005,0450,981 ,843,11,854,1151,0,2,1,2,0,1,0,0.00,74.20 ,50
03,001,00,005,0450,982 ,721,7,728,994,0,2,1,2,0,1,0,0.00,73.24 ,50
03,001,00,005,0451,983 ,819,5,824,1117,0,2,1,2,0,1,0,0.00,73.77 ,50
03,001,00,005,0451,984 ,780,13,793,1065,0,2,1,2,0,1,0,0.00,74.46 ,50
03,001,00,005,0451,985 ,841,5,846,1162,0,2,1,2,0,1,0,0.00,72.81 ,50
03,001,00,005,0451,986 ,696,8,704,885,0,2,1,2,0,1,0,0.00,79.55 ,50
03,001,00,005,0451,987 ,694,3,697,912,0,2,1,2,0,1,0,0.00,76.43 ,50
03,001,00,005,0452,988 ,886,10,896,1174,0,2,1,2,0,1,0,0.00,76.32 ,50
03,001,00,005,0452,989 ,833,6,839,1109,0,2,1,2,0,1,0,0.00,75.65 ,50
03,001,00,005,0453,990 ,646,6,652,807,0,2,1,2,0,1,0,0.00,80.79 ,50
03,001,00,005,0453,991 ,707,4,711,882,0,2,1,2,0,1,0,0.00,80.61 ,50
03,001,00,005,0454,992 ,782,5,787,1038,0,2,1,2,0,1,0,0.00,75.82 ,50
03,001,00,005,0454,993 ,869,11,880,1127,0,2,1,2,0,1,0,0.00,78.08 ,50
03,001,00,005,0455,994 ,985,12,997,1355,0,2,1,2,0,1,0,0.00,73.58 ,50
03,001,00,005,0455,995 ,800,13,813,1103,0,2,1,2,0,1,0,0.00,73.71 ,50
03,001,00,005,0456,996 ,955,12,967,1303,0,2,1,2,0,1,0,0.00,74.21 ,50
03,001,00,005,0456,997 ,965,15,980,1333,0,2,1,2,0,1,0,0.00,73.52 ,50
03,001,00,005,0456,998 ,957,9,966,1310,0,2,1,2,0,1,0,0.00,73.74 ,50
03,001,00,005,0457,999 ,1081,14,1095,1431,0,2,1,2,0,1,0,0.00,76.52 ,50
03,001,00,005,0457,1000 ,1072,12,1084,1443,0,2,1,2,0,1,0,0.00,75.12 ,50
03,001,00,005,0457,1001 ,1029,13,1042,1353,0,2,1,2,0,1,0,0.00,77.01 ,50
03,001,00,005,0458,1002 ,802,13,815,1066,0,2,1,2,0,1,0,0.00,76.45 ,50
03,001,00,005,0458,1003 ,947,15,962,1311,0,2,1,2,0,1,0,0.00,73.38 ,50
03,001,00,005,0459,1004 ,759,7,766,1007,0,2,1,2,0,1,0,0.00,76.07 ,50
03,001,00,005,0459,1005 ,793,13,806,1095,0,2,1,2,0,1,0,0.00,73.61 ,50
03,001,00,005,0460,1006 ,988,13,1001,1403,0,2,1,2,0,1,0,0.00,71.35 ,50
03,001,00,005,0460,1007 ,1010,10,1020,1475,0,2,1,2,0,1,0,0.00,69.15 ,50
03,001,00,005,0461,1008 ,940,12,952,1230,0,2,1,2,0,1,0,0.00,77.40 ,50
03,001,00,005,0461,1009 ,899,8,907,1187,0,2,1,2,0,1,0,0.00,76.41 ,50
03,001,00,005,0461,1010 ,921,14,935,1257,0,2,1,2,0,1,0,0.00,74.38 ,50
03,001,00,005,0461,1011 ,888,9,897,1231,0,2,1,2,0,1,0,0.00,72.87 ,50
03,001,00,005,0462,1012 ,858,5,863,1124,0,2,1,2,0,1,0,0.00,76.78 ,50
03,001,00,005,0462,1013 ,865,6,871,1177,0,2,1,2,0,1,0,0.00,74.00 ,50
03,001,00,005,0462,1014 ,915,4,919,1228,0,2,1,2,0,1,0,0.00,74.84 ,50
03,001,00,006,0463,1015 ,1025,14,1039,1350,0,2,1,2,0,1,0,0.00,76.96 ,50
03,001,00,006,0464,1016 ,825,6,831,1132,0,2,1,2,0,1,0,0.00,73.41 ,50
03,001,00,006,0465,1017 ,625,9,634,869,0,2,1,2,0,1,0,0.00,72.96 ,50
03,001,00,006,0465,1018 ,814,3,817,1115,0,2,1,2,0,1,0,0.00,73.27 ,50
03,001,00,006,0466,1019 ,883,3,886,1280,0,2,1,2,0,1,0,0.00,69.22 ,50
03,001,00,006,0467,1020 ,668,8,676,889,0,2,1,2,0,1,0,0.00,76.04 ,50
03,001,00,006,0468,1021 ,881,10,891,1118,0,2,1,2,0,1,0,0.00,79.70 ,50
03,001,00,006,0468,1022 ,786,8,794,1054,0,2,1,2,0,1,0,0.00,75.33 ,50
03,001,00,006,0469,1023 ,1056,6,1062,1366,0,2,1,2,0,1,0,0.00,77.75 ,50
03,001,00,006,0469,1024 ,956,2,958,1247,0,2,1,2,0,1,0,0.00,76.82 ,50
03,001,00,006,0469,1025 ,990,8,998,1329,0,2,1,2,0,1,0,0.00,75.09 ,50
03,001,00,006,0470,1026 ,1019,12,1031,1331,0,2,1,2,0,1,0,0.00,77.46 ,50
03,001,00,006,0470,1027 ,1066,5,1071,1386,0,2,1,2,0,1,0,0.00,77.27 ,50
03,001,00,006,0470,1028 ,936,8,944,1222,0,2,1,2,0,1,0,0.00,77.25 ,50
03,001,00,006,0471,1029 ,956,5,961,1272,0,2,1,2,0,1,0,0.00,75.55 ,50
03,001,00,006,0471,1030 ,927,7,934,1254,0,2,1,2,0,1,0,0.00,74.48 ,50
03,001,00,006,0472,1031 ,1003,7,1010,1337,0,2,1,2,0,1,0,0.00,75.54 ,50
03,001,00,006,0472,1032 ,939,9,948,1236,0,2,1,2,0,1,0,0.00,76.70 ,50
03,001,00,006,0472,1033 ,1057,10,1067,1451,0,2,1,2,0,1,0,0.00,73.54 ,50
03,001,00,006,0472,1034 ,975,13,988,1346,0,2,1,2,0,1,0,0.00,73.40 ,50
03,001,00,006,0473,1035 ,854,8,862,1089,0,2,1,2,0,1,0,0.00,79.16 ,50
03,001,00,006,0473,1036 ,1093,13,1106,1461,0,2,1,2,0,1,0,0.00,75.70 ,50
03,001,00,006,0473,1037 ,925,8,933,1278,0,2,1,2,0,1,0,0.00,73.00 ,50
03,001,00,006,0473,1038 ,993,8,1001,1354,0,2,1,2,0,1,0,0.00,73.93 ,50
03,001,00,006,0473,1039 ,748,4,752,972,0,2,1,2,0,1,0,0.00,77.37 ,50
03,001,00,006,0474,1040 ,750,5,755,1026,0,2,1,2,0,1,0,0.00,73.59 ,50
03,001,00,006,0474,1041 ,762,9,771,1061,0,2,1,2,0,1,0,0.00,72.67 ,50
03,001,00,006,0474,1042 ,753,7,760,1012,0,2,1,2,0,1,0,0.00,75.10 ,50
03,001,00,006,0475,1043 ,764,7,771,1030,0,2,1,2,0,1,0,0.00,74.85 ,50
03,001,00,006,0475,1044 ,838,4,842,1131,0,2,1,2,0,1,0,0.00,74.45 ,50
03,001,00,006,0476,1045 ,1008,5,1013,1314,0,2,1,2,0,1,0,0.00,77.09 ,50
03,001,00,006,0476,1046 ,896,4,900,1209,0,2,1,2,0,1,0,0.00,74.44 ,50
03,001,00,006,0476,1047 ,1212,9,1221,1648,0,2,1,2,0,1,0,0.00,74.09 ,50
03,001,00,006,0476,1048 ,1051,4,1055,1392,0,2,1,2,0,1,0,0.00,75.79 ,50
03,001,00,006,0477,1049 ,912,6,918,1232,0,2,1,2,0,1,0,0.00,74.51 ,50
03,001,00,006,0477,1050 ,965,5,970,1273,0,2,1,2,0,1,0,0.00,76.20 ,50
03,001,00,006,0477,1051 ,794,6,800,1062,0,2,1,2,0,1,0,0.00,75.33 ,50
03,001,00,006,0478,1052 ,892,4,896,1194,0,2,1,2,0,1,0,0.00,75.04 ,50
03,001,00,006,0478,1053 ,755,8,763,1008,0,2,1,2,0,1,0,0.00,75.69 ,50
03,001,00,006,0478,1054 ,955,12,967,1309,0,2,1,2,0,1,0,0.00,73.87 ,50
03,001,00,006,0478,1055 ,1146,11,1157,1590,0,2,1,2,0,1,0,0.00,72.77 ,50
03,001,00,006,0479,1056 ,824,6,830,1066,0,2,1,2,0,1,0,0.00,77.86 ,50
03,001,00,006,0479,1057 ,869,7,876,1135,0,2,1,2,0,1,0,0.00,77.18 ,50
03,001,00,006,0479,1058 ,1009,7,1016,1396,0,2,1,2,0,1,0,0.00,72.78 ,50
03,001,00,006,0480,1059 ,838,7,845,1140,0,2,1,2,0,1,0,0.00,74.12 ,50
03,001,00,006,0480,1060 ,926,11,937,1277,0,2,1,2,0,1,0,0.00,73.38 ,50
03,001,00,006,0481,1061 ,1046,8,1054,1391,0,2,1,2,0,1,0,0.00,75.77 ,50
03,001,00,006,0481,1062 ,680,2,682,896,0,2,1,2,0,1,0,0.00,76.12 ,50
03,001,00,006,0481,1063 ,712,8,720,1000,0,2,1,2,0,1,0,0.00,72.00 ,50
03,001,00,006,0482,1064 ,923,3,926,1196,0,2,1,2,0,1,0,0.00,77.42 ,50
03,001,00,006,0482,1065 ,996,8,1004,1323,0,2,1,2,0,1,0,0.00,75.89 ,50
03,001,00,006,0483,1066 ,1038,4,1042,1381,0,2,1,2,0,1,0,0.00,75.45 ,50
03,001,00,006,0483,1067 ,1109,7,1116,1554,0,2,1,2,0,1,0,0.00,71.81 ,50
03,001,00,006,0484,1068 ,524,10,534,825,0,2,1,2,0,1,0,0.00,64.73 ,50
03,001,00,006,0484,1069 ,391,4,395,533,0,2,1,2,0,1,0,0.00,74.11 ,50
03,001,00,006,0485,1070 ,676,8,684,886,0,2,1,2,0,1,0,0.00,77.20 ,50
03,001,00,006,0486,1071 ,864,6,870,1211,0,2,1,2,0,1,0,0.00,71.84 ,50
03,001,00,006,0486,1072 ,915,9,924,1281,0,2,1,2,0,1,0,0.00,72.13 ,50
03,001,00,006,0487,1073 ,836,5,841,1154,0,2,1,2,0,1,0,0.00,72.88 ,50
03,001,00,006,0487,1074 ,782,9,791,1079,0,2,1,2,0,1,0,0.00,73.31 ,50
03,001,00,006,0487,1075 ,835,6,841,1103,0,2,1,2,0,1,0,0.00,76.25 ,50
03,001,00,006,0488,1076 ,866,6,872,1144,0,2,1,2,0,1,0,0.00,76.22 ,50
03,001,00,006,0488,1077 ,952,6,958,1223,0,2,1,2,0,1,0,0.00,78.33 ,50
03,001,00,006,0488,1078 ,818,5,823,1067,0,2,1,2,0,1,0,0.00,77.13 ,50
03,001,00,006,0489,1079 ,1000,9,1009,1337,0,2,1,2,0,1,0,0.00,75.47 ,50
03,001,00,006,0489,1080 ,1272,9,1281,1598,0,2,1,2,0,1,0,0.00,80.16 ,50
03,001,00,006,0490,1081 ,1282,15,1297,1635,0,2,1,2,0,1,0,0.00,79.33 ,50
03,001,00,006,0490,1082 ,1214,7,1221,1600,0,2,1,2,0,1,0,0.00,76.31 ,50
03,001,00,006,0491,1083 ,1011,10,1021,1407,0,2,1,2,0,1,0,0.00,72.57 ,50
03,001,00,006,0491,1084 ,1356,11,1367,1781,0,2,1,2,0,1,0,0.00,76.75 ,50
03,001,00,006,0491,1085 ,1155,10,1165,1547,0,2,1,2,0,1,0,0.00,75.31 ,50
03,001,00,006,0491,1086 ,843,14,857,1226,0,2,1,2,0,1,0,0.00,69.90 ,50
03,001,00,006,0492,1087 ,1287,8,1295,1713,0,2,1,2,0,1,0,0.00,75.60 ,50
03,001,00,006,0492,1088 ,1105,8,1113,1471,0,2,1,2,0,1,0,0.00,75.66 ,50
03,001,00,006,0493,1089 ,809,9,818,1105,0,2,1,2,0,1,0,0.00,74.03 ,50
03,001,00,006,0493,1090 ,1078,13,1091,1474,0,2,1,2,0,1,0,0.00,74.02 ,50
03,001,00,006,0493,1091 ,960,6,966,1240,0,2,1,2,0,1,0,0.00,77.90 ,50
03,001,00,006,0494,1092 ,1077,4,1081,1497,0,2,1,2,0,1,0,0.00,72.21 ,50
03,001,00,006,0494,1093 ,1144,5,1149,1540,0,2,1,2,0,1,0,0.00,74.61 ,50
03,001,00,006,0494,1094 ,967,9,976,1310,0,2,1,2,0,1,0,0.00,74.50 ,50
03,001,00,006,0495,1095 ,975,7,982,1298,0,2,1,2,0,1,0,0.00,75.65 ,50
03,001,00,006,0495,1096 ,1143,11,1154,1535,0,2,1,2,0,1,0,0.00,75.18 ,50
03,001,00,006,0495,1097 ,1103,13,1116,1464,0,2,1,2,0,1,0,0.00,76.23 ,50
03,001,00,006,0496,1098 ,869,12,881,1158,0,2,1,2,0,1,0,0.00,76.08 ,50
03,001,00,006,0496,1099 ,658,10,668,856,0,2,1,2,0,1,0,0.00,78.04 ,50
03,001,00,006,0497,1100 ,322,1,323,491,0,2,1,2,0,1,0,0.00,65.78 ,50
03,001,00,006,0498,1101 ,1274,18,1292,1717,0,2,1,2,0,1,0,0.00,75.25 ,50
03,001,00,006,0498,1102 ,870,8,878,1162,0,2,1,2,0,1,0,0.00,75.56 ,50
03,001,00,006,0498,1103 ,924,6,930,1227,0,2,1,2,0,1,0,0.00,75.79 ,50
03,001,00,006,0499,1104 ,1005,21,1026,1520,0,2,1,2,0,1,0,0.00,67.50 ,50
03,001,00,006,0500,1105 ,1170,37,1207,1701,0,2,1,2,0,1,0,0.00,70.96 ,50
03,001,00,006,0501,1106 ,1454,20,1474,1933,0,2,1,2,0,1,0,0.00,76.25 ,50
03,001,00,006,0501,1107 ,1185,10,1195,1544,0,2,1,2,0,1,0,0.00,77.40 ,50
03,001,00,006,0502,1108 ,752,7,759,1006,0,2,1,2,0,1,0,0.00,75.45 ,50
03,001,00,006,0502,1109 ,807,6,813,1098,0,2,1,2,0,1,0,0.00,74.04 ,50
03,001,00,006,0502,1110 ,1027,9,1036,1388,0,2,1,2,0,1,0,0.00,74.64 ,50
03,001,00,006,0503,1111 ,1106,22,1128,1530,0,2,1,2,0,1,0,0.00,73.73 ,50
03,001,00,006,0503,1112 ,662,10,672,855,0,2,1,2,0,1,0,0.00,78.60 ,50
03,001,00,006,0503,1113 ,866,17,883,1179,0,2,1,2,0,1,0,0.00,74.89 ,50
03,001,00,006,0503,1114 ,1353,10,1363,1775,0,2,1,2,0,1,0,0.00,76.79 ,50
03,001,00,006,0503,1115 ,1037,16,1053,1399,0,2,1,2,0,1,0,0.00,75.27 ,50
03,001,00,006,0503,1116 ,900,9,909,1234,0,2,1,2,0,1,0,0.00,73.66 ,50
03,001,00,006,0504,1117 ,929,7,936,1228,0,2,1,2,0,1,0,0.00,76.22 ,50
03,001,00,006,0504,1118 ,1154,15,1169,1494,0,2,1,2,0,1,0,0.00,78.25 ,50
03,001,00,006,0504,1119 ,1468,17,1485,1996,0,2,1,2,0,1,0,0.00,74.40 ,50
03,001,00,006,0504,1120 ,1207,10,1217,1628,0,2,1,2,0,1,0,0.00,74.75 ,50
03,001,00,006,0505,1121 ,973,10,983,1283,0,2,1,2,0,1,0,0.00,76.62 ,50
03,001,00,006,0505,1122 ,816,7,823,1042,0,2,1,2,0,1,0,0.00,78.98 ,50
03,001,00,006,0505,1123 ,945,9,954,1281,0,2,1,2,0,1,0,0.00,74.47 ,50
03,001,00,006,0506,1124 ,844,4,848,1117,0,2,1,2,0,1,0,0.00,75.92 ,50
03,001,00,006,0506,1125 ,1273,15,1288,1667,0,2,1,2,0,1,0,0.00,77.26 ,50
03,001,00,006,0506,1126 ,897,6,903,1180,0,2,1,2,0,1,0,0.00,76.53 ,50
03,001,00,006,0506,1127 ,673,3,676,890,0,2,1,2,0,1,0,0.00,75.96 ,50
03,001,00,006,0507,1128 ,675,8,683,908,0,2,1,2,0,1,0,0.00,75.22 ,50
03,001,00,006,0507,1129 ,648,3,651,816,0,2,1,2,0,1,0,0.00,79.78 ,50
03,001,00,006,0507,1130 ,884,9,893,1227,0,2,1,2,0,1,0,0.00,72.78 ,50
03,001,00,006,0507,1131 ,1120,9,1129,1544,0,2,1,2,0,1,0,0.00,73.12 ,50
03,001,00,006,0507,1132 ,940,4,944,1301,0,2,1,2,0,1,0,0.00,72.56 ,50
03,001,00,006,0508,1133 ,1167,16,1183,1562,0,2,1,2,0,1,0,0.00,75.74 ,50
03,001,00,006,0508,1134 ,866,12,878,1178,0,2,1,2,0,1,0,0.00,74.53 ,50
03,001,00,006,0508,1135 ,818,14,832,1077,0,2,1,2,0,1,0,0.00,77.25 ,50
03,001,00,006,0509,1136 ,1036,8,1044,1442,0,2,1,2,0,1,0,0.00,72.40 ,50
03,001,00,006,0509,1137 ,927,7,934,1201,0,2,1,2,0,1,0,0.00,77.77 ,50
03,001,00,006,0509,1138 ,845,9,854,1118,0,2,1,2,0,1,0,0.00,76.39 ,50
03,001,00,006,0510,1139 ,1310,6,1316,1811,0,2,1,2,0,1,0,0.00,72.67 ,50
03,001,00,006,0510,1140 ,1034,7,1041,1371,0,2,1,2,0,1,0,0.00,75.93 ,50
03,001,00,006,0511,1141 ,504,7,511,687,0,2,1,2,0,1,0,0.00,74.38 ,50
03,001,00,006,0511,1142 ,280,0,280,405,0,2,1,2,0,1,0,0.00,69.14 ,50
03,001,00,006,0512,1143 ,1281,11,1292,1713,0,2,1,2,0,1,0,0.00,75.42 ,50
03,001,00,006,0512,1144 ,787,4,791,1049,0,2,1,2,0,1,0,0.00,75.41 ,50
03,001,00,006,0513,1145 ,1507,16,1523,1957,0,2,1,2,0,1,0,0.00,77.82 ,50
03,001,00,006,0513,1146 ,854,13,867,1184,0,2,1,2,0,1,0,0.00,73.23 ,50
03,001,00,006,0514,1147 ,699,7,706,938,0,2,1,2,0,1,0,0.00,75.27 ,50
03,001,00,006,0514,1148 ,687,8,695,993,0,2,1,2,0,1,0,0.00,69.99 ,50
03,001,00,006,0515,1149 ,556,8,564,795,0,2,1,2,0,1,0,0.00,70.94 ,50
03,001,00,006,0516,1150 ,272,4,276,354,0,2,1,2,0,1,0,0.00,77.97 ,50
03,001,00,006,0516,1151 ,1115,14,1129,1649,0,2,1,2,0,1,0,0.00,68.47 ,50
03,001,00,006,0517,1152 ,718,11,729,915,0,2,1,2,0,1,0,0.00,79.67 ,50
03,001,00,006,0517,1153 ,876,14,890,1185,0,2,1,2,0,1,0,0.00,75.11 ,50
03,001,00,006,0518,1154 ,1000,20,1020,1382,0,2,1,2,0,1,0,0.00,73.81 ,50
03,001,00,006,0519,1155 ,784,9,793,1041,0,2,1,2,0,1,0,0.00,76.18 ,50
03,001,00,006,0520,1156 ,410,3,413,593,0,2,1,2,0,1,0,0.00,69.65 ,50
03,001,00,007,0521,1157 ,1212,8,1220,1519,0,2,1,2,0,1,0,0.00,80.32 ,50
03,001,00,007,0521,1158 ,818,2,820,1063,0,2,1,2,0,1,0,0.00,77.14 ,50
03,001,00,007,0521,1159 ,995,8,1003,1258,0,2,1,2,0,1,0,0.00,79.73 ,50
03,001,00,007,0522,1160 ,1186,16,1202,1582,0,2,1,2,0,1,0,0.00,75.98 ,50
03,001,00,007,0522,1161 ,817,3,820,1054,0,2,1,2,0,1,0,0.00,77.80 ,50
03,001,00,007,0523,1162 ,1309,7,1316,1700,0,2,1,2,0,1,0,0.00,77.41 ,50
03,001,00,007,0523,1163 ,1264,13,1277,1675,0,2,1,2,0,1,0,0.00,76.24 ,50
03,001,00,007,0524,1164 ,658,4,662,876,0,2,1,2,0,1,0,0.00,75.57 ,50
03,001,00,007,0524,1165 ,635,10,645,823,0,2,1,2,0,1,0,0.00,78.37 ,50
03,001,00,007,0524,1166 ,714,5,719,987,0,2,1,2,0,1,0,0.00,72.85 ,50
03,001,00,007,0524,1167 ,697,6,703,921,0,2,1,2,0,1,0,0.00,76.33 ,50
03,001,00,007,0525,1168 ,1168,15,1183,1475,0,2,1,2,0,1,0,0.00,80.20 ,50
03,001,00,007,0525,1169 ,1073,12,1085,1391,0,2,1,2,0,1,0,0.00,78.00 ,50
03,001,00,007,0526,1170 ,765,11,776,1078,0,2,1,2,0,1,0,0.00,71.99 ,50
03,001,00,007,0526,1171 ,831,9,840,1102,0,2,1,2,0,1,0,0.00,76.23 ,50
03,001,00,007,0526,1172 ,910,10,920,1280,0,2,1,2,0,1,0,0.00,71.88 ,50
03,001,00,007,0527,1173 ,732,9,741,945,0,2,1,2,0,1,0,0.00,78.41 ,50
03,001,00,007,0527,1174 ,979,13,992,1332,0,2,1,2,0,1,0,0.00,74.47 ,50
03,001,00,007,0528,1175 ,719,12,731,923,0,2,1,2,0,1,0,0.00,79.20 ,50
03,001,00,007,0528,1176 ,717,4,721,975,0,2,1,2,0,1,0,0.00,73.95 ,50
03,001,00,007,0529,1177 ,745,7,752,973,0,2,1,2,0,1,0,0.00,77.29 ,50
03,001,00,007,0529,1178 ,724,6,730,946,0,2,1,2,0,1,0,0.00,77.17 ,50
03,001,00,007,0530,1179 ,1056,6,1062,1363,0,2,1,2,0,1,0,0.00,77.92 ,50
03,001,00,007,0530,1180 ,1220,15,1235,1531,0,2,1,2,0,1,0,0.00,80.67 ,50
03,001,00,007,0531,1181 ,802,12,814,1017,0,2,1,2,0,1,0,0.00,80.04 ,50
03,001,00,007,0531,1182 ,715,6,721,963,0,2,1,2,0,1,0,0.00,74.87 ,50
03,001,00,007,0532,1183 ,693,3,696,882,0,2,1,2,0,1,0,0.00,78.91 ,50
03,001,00,007,0533,1184 ,851,7,858,1048,0,2,1,2,0,1,0,0.00,81.87 ,50
03,001,00,007,0534,1185 ,727,12,739,929,0,2,1,2,0,1,0,0.00,79.55 ,50
03,001,00,007,0534,1186 ,673,8,681,848,0,2,1,2,0,1,0,0.00,80.31 ,50
03,001,00,007,0535,1187 ,1132,10,1142,1395,0,2,1,2,0,1,0,0.00,81.86 ,50
03,001,00,007,0535,1188 ,899,12,911,1152,0,2,1,2,0,1,0,0.00,79.08 ,50
03,001,00,007,0536,1189 ,787,9,796,968,0,2,1,2,0,1,0,0.00,82.23 ,50
03,001,00,007,0536,1190 ,1150,9,1159,1403,0,2,1,2,0,1,0,0.00,82.61 ,50
03,001,00,007,0536,1191 ,827,5,832,1046,0,2,1,2,0,1,0,0.00,79.54 ,50
03,001,00,007,0537,1192 ,753,6,759,975,0,2,1,2,0,1,0,0.00,77.85 ,50
03,001,00,007,0537,1193 ,803,5,808,1004,0,2,1,2,0,1,0,0.00,80.48 ,50
03,001,00,007,0538,1194 ,1085,9,1094,1372,0,2,1,2,0,1,0,0.00,79.74 ,50
03,001,00,007,0538,1195 ,981,9,990,1194,0,2,1,2,0,1,0,0.00,82.91 ,50
03,001,00,007,0539,1196 ,876,9,885,1071,0,2,1,2,0,1,0,0.00,82.63 ,50
03,001,00,007,0539,1197 ,840,4,844,1106,0,2,1,2,0,1,0,0.00,76.31 ,50
03,001,00,007,0540,1198 ,1109,4,1113,1427,0,2,1,2,0,1,0,0.00,78.00 ,50
03,001,00,007,0540,1199 ,833,4,837,1085,0,2,1,2,0,1,0,0.00,77.14 ,50
03,001,00,007,0541,1200 ,821,10,831,1050,0,2,1,2,0,1,0,0.00,79.14 ,50
03,001,00,007,0542,1201 ,1254,20,1274,1672,0,2,1,2,0,1,0,0.00,76.20 ,50
03,001,00,007,0542,1202 ,832,11,843,1091,0,2,1,2,0,1,0,0.00,77.27 ,50
03,001,00,007,0542,1203 ,947,11,958,1298,0,2,1,2,0,1,0,0.00,73.81 ,50
03,001,00,007,0543,1204 ,1082,11,1093,1384,0,2,1,2,0,1,0,0.00,78.97 ,50
03,001,00,007,0543,1205 ,1093,10,1103,1371,0,2,1,2,0,1,0,0.00,80.45 ,50
03,001,00,007,0544,1206 ,838,9,847,1101,0,2,1,2,0,1,0,0.00,76.93 ,50
03,001,00,007,0544,1207 ,791,15,806,1074,0,2,1,2,0,1,0,0.00,75.05 ,50
03,001,00,007,0544,1208 ,785,11,796,1048,0,2,1,2,0,1,0,0.00,75.95 ,50
03,001,00,007,0545,1209 ,946,11,957,1295,0,2,1,2,0,1,0,0.00,73.90 ,50
03,001,00,007,0545,1210 ,756,6,762,1021,0,2,1,2,0,1,0,0.00,74.63 ,50
03,001,00,007,0546,1211 ,938,13,951,1255,0,2,1,2,0,1,0,0.00,75.78 ,50
03,001,00,007,0546,1212 ,964,13,977,1243,0,2,1,2,0,1,0,0.00,78.60 ,50
03,001,00,007,0547,1213 ,1292,11,1303,1644,0,2,1,2,0,1,0,0.00,79.26 ,50
03,001,00,007,0547,1214 ,585,6,591,756,0,2,1,2,0,1,0,0.00,78.17 ,50
03,001,00,007,0548,1215 ,1145,17,1162,1517,0,2,1,2,0,1,0,0.00,76.60 ,50
03,001,00,007,0548,1216 ,1082,12,1094,1424,0,2,1,2,0,1,0,0.00,76.83 ,50
03,001,00,007,0549,1217 ,867,10,877,1139,0,2,1,2,0,1,0,0.00,77.00 ,50
03,001,00,007,0549,1218 ,663,8,671,833,0,2,1,2,0,1,0,0.00,80.55 ,50
03,001,00,007,0550,1219 ,635,12,647,843,0,2,1,2,0,1,0,0.00,76.75 ,50
03,001,00,007,0550,1220 ,755,12,767,1033,0,2,1,2,0,1,0,0.00,74.25 ,50
03,001,00,007,0551,1221 ,935,15,950,1218,0,2,1,2,0,1,0,0.00,78.00 ,50
03,001,00,007,0551,1222 ,1039,8,1047,1346,0,2,1,2,0,1,0,0.00,77.79 ,50
03,001,00,007,0552,1223 ,832,10,842,1061,0,2,1,2,0,1,0,0.00,79.36 ,50
03,001,00,007,0553,1224 ,847,6,853,1048,0,2,1,2,0,1,0,0.00,81.39 ,50
03,001,00,007,0554,1225 ,895,5,900,1112,0,2,1,2,0,1,0,0.00,80.94 ,50
03,001,00,007,0555,1226 ,873,9,882,1095,0,2,1,2,0,1,0,0.00,80.55 ,50
03,001,00,007,0556,1227 ,603,4,607,749,0,2,1,2,0,1,0,0.00,81.04 ,50
03,001,00,007,0557,1228 ,816,11,827,1067,0,2,1,2,0,1,0,0.00,77.51 ,50
03,001,00,008,0558,1229 ,341,4,345,441,0,2,1,2,0,1,0,0.00,78.23 ,50
03,001,00,008,0559,1230 ,576,3,579,760,0,2,1,2,0,1,0,0.00,76.18 ,50
03,001,00,008,0560,1231 ,1023,7,1030,1259,0,2,1,2,0,1,0,0.00,81.81 ,50
03,001,00,008,0561,1232 ,650,2,652,800,0,2,1,2,0,1,0,0.00,81.50 ,50
03,001,00,008,0561,1233 ,646,6,652,802,0,2,1,2,0,1,0,0.00,81.30 ,50
03,001,00,008,0562,1234 ,627,9,636,770,0,2,1,2,0,1,0,0.00,82.60 ,50
03,001,00,008,0563,1235 ,1001,12,1013,1296,0,2,1,2,0,1,0,0.00,78.16 ,50
03,001,00,008,0563,1236 ,819,7,826,1060,0,2,1,2,0,1,0,0.00,77.92 ,50
03,001,00,008,0563,1237 ,793,4,797,942,0,2,1,2,0,1,0,0.00,84.61 ,50
03,001,00,008,0564,1238 ,730,10,740,897,0,2,1,2,0,1,0,0.00,82.50 ,50
03,001,00,008,0564,1239 ,765,10,775,1044,0,2,1,2,0,1,0,0.00,74.23 ,50
03,001,00,008,0564,1240 ,668,10,678,924,0,2,1,2,0,1,0,0.00,73.38 ,50
03,001,00,008,0565,1241 ,932,6,938,1138,0,2,1,2,0,1,0,0.00,82.43 ,50
03,001,00,008,0565,1242 ,983,11,994,1198,0,2,1,2,0,1,0,0.00,82.97 ,50
03,001,00,008,0566,1243 ,1032,12,1044,1269,0,2,1,2,0,1,0,0.00,82.27 ,50
03,001,00,008,0566,1244 ,1007,5,1012,1231,0,2,1,2,0,1,0,0.00,82.21 ,50
03,001,00,008,0567,1245 ,889,8,897,1125,0,2,1,2,0,1,0,0.00,79.73 ,50
03,001,00,008,0567,1246 ,976,14,990,1240,0,2,1,2,0,1,0,0.00,79.84 ,50
03,001,00,008,0567,1247 ,817,15,832,1024,0,2,1,2,0,1,0,0.00,81.25 ,50
03,001,00,008,0568,1248 ,546,5,551,673,0,2,1,2,0,1,0,0.00,81.87 ,50
03,001,00,008,0569,1249 ,840,5,845,1030,0,2,1,2,0,1,0,0.00,82.04 ,50
03,001,00,008,0570,1250 ,766,5,771,999,0,2,1,2,0,1,0,0.00,77.18 ,50
03,001,00,008,0570,1251 ,829,10,839,1055,0,2,1,2,0,1,0,0.00,79.53 ,50
03,001,00,008,0570,1252 ,799,16,815,1063,0,2,1,2,0,1,0,0.00,76.67 ,50
03,001,00,008,0570,1253 ,875,9,884,1102,0,2,1,2,0,1,0,0.00,80.22 ,50
03,001,00,008,0571,1254 ,829,18,847,1092,0,2,1,2,0,1,0,0.00,77.56 ,50
03,001,00,008,0571,1255 ,730,9,739,926,0,2,1,2,0,1,0,0.00,79.81 ,50
03,001,00,008,0571,1256 ,732,6,738,925,0,2,1,2,0,1,0,0.00,79.78 ,50
03,001,00,008,0572,1257 ,1059,21,1080,1368,0,2,1,2,0,1,0,0.00,78.95 ,50
03,001,00,008,0572,1258 ,999,23,1022,1283,0,2,1,2,0,1,0,0.00,79.66 ,50
03,001,00,008,0573,1259 ,822,11,833,1096,0,2,1,2,0,1,0,0.00,76.00 ,50
03,001,00,008,0573,1260 ,644,7,651,833,0,2,1,2,0,1,0,0.00,78.15 ,50
03,001,00,008,0573,1261 ,699,19,718,1014,0,2,1,2,0,1,0,0.00,70.81 ,50
03,001,00,008,0574,1262 ,639,7,646,838,0,2,1,2,0,1,0,0.00,77.09 ,50
03,001,00,008,0574,1263 ,722,8,730,981,0,2,1,2,0,1,0,0.00,74.41 ,50
03,001,00,008,0574,1264 ,789,11,800,1036,0,2,1,2,0,1,0,0.00,77.22 ,50
03,001,00,008,0575,1265 ,904,14,918,1196,0,2,1,2,0,1,0,0.00,76.76 ,50
03,001,00,008,0575,1266 ,1003,11,1014,1335,0,2,1,2,0,1,0,0.00,75.96 ,50
03,001,00,008,0575,1267 ,883,10,893,1130,0,2,1,2,0,1,0,0.00,79.03 ,50
03,001,00,008,0576,1268 ,1046,12,1058,1371,0,2,1,2,0,1,0,0.00,77.17 ,50
03,001,00,008,0576,1269 ,956,5,961,1256,0,2,1,2,0,1,0,0.00,76.51 ,50
03,001,00,008,0576,1270 ,843,19,862,1090,0,2,1,2,0,1,0,0.00,79.08 ,50
03,001,00,008,0577,1271 ,200,4,204,264,0,2,1,2,0,1,0,0.00,77.27 ,50
03,001,00,009,0578,1272 ,338,3,341,414,0,2,1,2,0,1,0,0.00,82.37 ,50
03,001,00,009,0579,1273 ,373,3,376,458,0,2,1,2,0,1,0,0.00,82.10 ,50
03,001,00,009,0580,1274 ,765,18,783,985,0,2,1,2,0,1,0,0.00,79.49 ,50
03,001,00,009,0580,1275 ,661,15,676,888,0,2,1,2,0,1,0,0.00,76.13 ,50
03,001,00,009,0581,1276 ,570,9,579,734,0,2,1,2,0,1,0,0.00,78.88 ,50
03,001,00,009,0582,1277 ,645,6,651,832,0,2,1,2,0,1,0,0.00,78.25 ,50
03,001,00,009,0583,1278 ,871,4,875,1131,0,2,1,2,0,1,0,0.00,77.37 ,50
03,001,00,009,0583,1279 ,820,7,827,1009,0,2,1,2,0,1,0,0.00,81.96 ,50
03,001,00,009,0583,1280 ,993,10,1003,1292,0,2,1,2,0,1,0,0.00,77.63 ,50
03,001,00,009,0584,1281 ,868,12,880,1203,0,2,1,2,0,1,0,0.00,73.15 ,50
03,001,00,009,0584,1282 ,852,15,867,1175,0,2,1,2,0,1,0,0.00,73.79 ,50
03,001,00,009,0585,1283 ,1258,14,1272,1650,0,2,1,2,0,1,0,0.00,77.09 ,50
03,001,00,009,0586,1284 ,845,10,855,1157,0,2,1,2,0,1,0,0.00,73.90 ,50
03,001,00,009,0586,1285 ,817,9,826,1089,0,2,1,2,0,1,0,0.00,75.85 ,50
03,001,00,009,0587,1286 ,1108,13,1121,1482,0,2,1,2,0,1,0,0.00,75.64 ,50
03,001,00,009,0587,1287 ,925,14,939,1237,0,2,1,2,0,1,0,0.00,75.91 ,50
03,001,00,009,0588,1288 ,1230,16,1246,1626,0,2,1,2,0,1,0,0.00,76.63 ,50
03,001,00,009,0588,1289 ,1006,6,1012,1416,0,2,1,2,0,1,0,0.00,71.47 ,50
03,001,00,009,0588,1290 ,1005,16,1021,1327,0,2,1,2,0,1,0,0.00,76.94 ,50
03,001,00,009,0589,1291 ,1081,13,1094,1385,0,2,1,2,0,1,0,0.00,78.99 ,50
03,001,00,009,0589,1292 ,1207,17,1224,1650,0,2,1,2,0,1,0,0.00,74.18 ,50
03,001,00,009,0589,1293 ,1075,15,1090,1466,0,2,1,2,0,1,0,0.00,74.35 ,50
03,001,00,009,0590,1294 ,831,8,839,1155,0,2,1,2,0,1,0,0.00,72.64 ,50
03,001,00,009,0590,1295 ,863,13,876,1176,0,2,1,2,0,1,0,0.00,74.49 ,50
03,001,00,009,0590,1296 ,880,13,893,1109,0,2,1,2,0,1,0,0.00,80.52 ,50
03,001,00,009,0590,1297 ,923,11,934,1289,0,2,1,2,0,1,0,0.00,72.46 ,50
03,001,00,009,0591,1298 ,877,6,883,1101,0,2,1,2,0,1,0,0.00,80.20 ,50
03,001,00,009,0591,1299 ,1192,24,1216,1630,0,2,1,2,0,1,0,0.00,74.60 ,50
03,001,00,009,0592,1300 ,640,8,648,835,0,2,1,2,0,1,0,0.00,77.60 ,50
03,001,00,009,0593,1301 ,696,7,703,936,0,2,1,2,0,1,0,0.00,75.11 ,50
03,001,00,009,0594,1302 ,364,5,369,473,0,2,1,2,0,1,0,0.00,78.01 ,50
03,001,00,009,0595,1303 ,634,13,647,870,0,2,1,2,0,1,0,0.00,74.37 ,50
03,001,00,009,0596,1304 ,595,4,599,841,0,2,1,2,0,1,0,0.00,71.22 ,50
03,001,00,009,0597,1305 ,883,8,891,1121,0,2,1,2,0,1,0,0.00,79.48 ,50
03,001,00,009,0598,1306 ,1363,17,1380,1743,0,2,1,2,0,1,0,0.00,79.17 ,50
03,001,00,009,0599,1307 ,778,10,788,973,0,2,1,2,0,1,0,0.00,80.99 ,50
03,001,00,009,0599,1308 ,908,9,917,1252,0,2,1,2,0,1,0,0.00,73.24 ,50
03,001,00,009,0600,1309 ,656,15,671,819,0,2,1,2,0,1,0,0.00,81.93 ,50
03,001,00,009,0601,1310 ,965,10,975,1312,0,2,1,2,0,1,0,0.00,74.31 ,50
03,001,00,009,0602,1311 ,1137,16,1153,1576,0,2,1,2,0,1,0,0.00,73.16 ,50
03,001,00,010,0603,1312 ,504,4,508,604,0,2,1,2,0,1,0,0.00,84.11 ,50
03,001,00,010,0604,1313 ,791,11,802,933,0,2,1,2,0,1,0,0.00,85.96 ,50
03,001,00,010,0605,1314 ,1015,11,1026,1214,0,2,1,2,0,1,0,0.00,84.51 ,50
03,001,00,010,0606,1315 ,1083,9,1092,1333,0,2,1,2,0,1,0,0.00,81.92 ,50
03,001,00,010,0607,1316 ,500,2,502,639,0,2,1,2,0,1,0,0.00,78.56 ,50
03,001,00,010,0608,1317 ,907,11,918,1167,0,2,1,2,0,1,0,0.00,78.66 ,50
03,001,00,010,0608,1318 ,871,14,885,1115,0,2,1,2,0,1,0,0.00,79.37 ,50
03,001,00,010,0609,1319 ,604,8,612,717,0,2,1,2,0,1,0,0.00,85.36 ,50
03,001,00,010,0610,1320 ,1031,6,1037,1262,0,2,1,2,0,1,0,0.00,82.17 ,50
03,001,00,010,0611,1321 ,912,7,919,1112,0,2,1,2,0,1,0,0.00,82.64 ,50
03,001,00,010,0612,1322 ,989,3,992,1207,0,2,1,2,0,1,0,0.00,82.19 ,50
03,001,00,010,0612,1323 ,1033,6,1039,1272,0,2,1,2,0,1,0,0.00,81.68 ,50
03,001,00,010,0612,1324 ,1155,12,1167,1410,0,2,1,2,0,1,0,0.00,82.77 ,50
03,001,00,010,0612,1325 ,1360,9,1369,1779,0,2,1,2,0,1,0,0.00,76.95 ,50
03,001,00,010,0612,1326 ,1060,10,1070,1360,0,2,1,2,0,1,0,0.00,78.68 ,50
03,001,00,010,0613,1327 ,908,6,914,1120,0,2,1,2,0,1,0,0.00,81.61 ,50
03,001,00,010,0613,1328 ,1022,12,1034,1320,0,2,1,2,0,1,0,0.00,78.33 ,50
03,001,00,010,0613,1329 ,844,8,852,1092,0,2,1,2,0,1,0,0.00,78.02 ,50
03,001,00,010,0613,1330 ,1264,12,1276,1597,0,2,1,2,0,1,0,0.00,79.90 ,50
03,001,00,010,0614,1331 ,1099,11,1110,1359,0,2,1,2,0,1,0,0.00,81.68 ,50
03,001,00,010,0615,1332 ,1147,19,1166,1495,0,2,1,2,0,1,0,0.00,77.99 ,50
03,001,00,010,0616,1333 ,736,4,740,906,0,2,1,2,0,1,0,0.00,81.68 ,50
03,001,00,010,0617,1334 ,505,7,512,667,0,2,1,2,0,1,0,0.00,76.76 ,50
03,001,00,010,0618,1335 ,598,4,602,773,0,2,1,2,0,1,0,0.00,77.88 ,50
03,001,00,010,0619,1336 ,969,5,974,1266,0,2,1,2,0,1,0,0.00,76.94 ,50
03,001,00,010,0619,1337 ,924,10,934,1229,0,2,1,2,0,1,0,0.00,76.00 ,50
03,001,00,010,0619,1338 ,875,6,881,1178,0,2,1,2,0,1,0,0.00,74.79 ,50
03,001,00,010,0620,1339 ,974,5,979,1267,0,2,1,2,0,1,0,0.00,77.27 ,50
03,001,00,010,0620,1340 ,916,4,920,1192,0,2,1,2,0,1,0,0.00,77.18 ,50
03,001,00,010,0620,1341 ,975,10,985,1257,0,2,1,2,0,1,0,0.00,78.36 ,50
03,001,00,010,0621,1342 ,1143,10,1153,1456,0,2,1,2,0,1,0,0.00,79.19 ,50
03,001,00,010,0621,1343 ,1262,12,1274,1619,0,2,1,2,0,1,0,0.00,78.69 ,50
03,001,00,010,0622,1344 ,700,12,712,898,0,2,1,2,0,1,0,0.00,79.29 ,50
03,001,00,010,0623,1345 ,710,3,713,985,0,2,1,2,0,1,0,0.00,72.39 ,50
03,001,00,010,0623,1346 ,636,12,648,870,0,2,1,2,0,1,0,0.00,74.48 ,50
03,001,00,010,0624,1347 ,722,10,732,952,0,2,1,2,0,1,0,0.00,76.89 ,50
03,001,00,010,0624,1348 ,915,6,921,1155,0,2,1,2,0,1,0,0.00,79.74 ,50
03,001,00,010,0624,1349 ,1213,4,1217,1562,0,2,1,2,0,1,0,0.00,77.91 ,50
03,001,00,010,0624,1350 ,952,13,965,1284,0,2,1,2,0,1,0,0.00,75.16 ,50
03,001,00,010,0624,1351 ,870,10,880,1063,0,2,1,2,0,1,0,0.00,82.78 ,50
03,001,00,010,0624,1352 ,940,5,945,1200,0,2,1,2,0,1,0,0.00,78.75 ,50
03,001,00,010,0625,1353 ,805,7,812,1176,0,2,1,2,0,1,0,0.00,69.05 ,50
03,001,00,010,0625,1354 ,1037,13,1050,1292,0,2,1,2,0,1,0,0.00,81.27 ,50
03,001,00,010,0625,1355 ,1023,15,1038,1276,0,2,1,2,0,1,0,0.00,81.35 ,50
03,001,00,010,0626,1356 ,1329,9,1338,1668,0,2,1,2,0,1,0,0.00,80.22 ,50
03,001,00,010,0627,1357 ,796,7,803,998,0,2,1,2,0,1,0,0.00,80.46 ,50
03,001,00,010,0628,1358 ,710,7,717,845,0,2,1,2,0,1,0,0.00,84.85 ,50
03,001,00,010,0629,1359 ,1052,16,1068,1378,0,2,1,2,0,1,0,0.00,77.50 ,50
03,001,00,010,0630,1360 ,603,7,610,743,0,2,1,2,0,1,0,0.00,82.10 ,50
03,001,00,010,0631,1361 ,614,5,619,775,0,2,1,2,0,1,0,0.00,79.87 ,50
03,001,00,010,0632,1362 ,458,3,461,574,0,2,1,2,0,1,0,0.00,80.31 ,50
03,001,00,010,0633,1363 ,843,10,853,1106,0,2,1,2,0,1,0,0.00,77.12 ,50
03,001,00,010,0634,1364 ,1047,13,1060,1307,0,2,1,2,0,1,0,0.00,81.10 ,50
03,001,00,010,0634,1365 ,1127,23,1150,1462,0,2,1,2,0,1,0,0.00,78.66 ,50
03,001,00,010,0635,1366 ,1337,15,1352,1743,0,2,1,2,0,1,0,0.00,77.57 ,50
03,001,00,010,0635,1367 ,1131,8,1139,1413,0,2,1,2,0,1,0,0.00,80.61 ,50
03,001,00,011,0636,1368 ,1022,4,1026,1272,0,2,1,2,0,1,0,0.00,80.66 ,50
03,001,00,011,0637,1369 ,940,13,953,1263,0,2,1,2,0,1,0,0.00,75.46 ,50
03,001,00,011,0638,1370 ,732,7,739,983,0,2,1,2,0,1,0,0.00,75.18 ,50
03,001,00,011,0639,1371 ,838,6,844,1112,0,2,1,2,0,1,0,0.00,75.90 ,50
03,001,00,011,0639,1372 ,920,4,924,1197,0,2,1,2,0,1,0,0.00,77.19 ,50
03,001,00,011,0639,1373 ,670,5,675,882,0,2,1,2,0,1,0,0.00,76.53 ,50
03,001,00,011,0640,1374 ,448,3,451,588,0,2,1,2,0,1,0,0.00,76.70 ,50
03,001,00,011,0641,1375 ,844,4,848,1128,0,2,1,2,0,1,0,0.00,75.18 ,50
03,001,00,011,0641,1376 ,798,10,808,1059,0,2,1,2,0,1,0,0.00,76.30 ,50
03,001,00,011,0641,1377 ,857,3,860,1079,0,2,1,2,0,1,0,0.00,79.70 ,50
03,001,00,011,0641,1378 ,954,4,958,1223,0,2,1,2,0,1,0,0.00,78.33 ,50
03,001,00,011,0642,1379 ,745,5,750,978,0,2,1,2,0,1,0,0.00,76.69 ,50
03,001,00,011,0642,1380 ,828,4,832,1111,0,2,1,2,0,1,0,0.00,74.89 ,50
03,001,00,011,0642,1381 ,823,6,829,1014,0,2,1,2,0,1,0,0.00,81.76 ,50
03,001,00,011,0642,1382 ,882,10,892,1177,0,2,1,2,0,1,0,0.00,75.79 ,50
03,001,00,011,0643,1383 ,664,4,668,855,0,2,1,2,0,1,0,0.00,78.13 ,50
03,001,00,011,0643,1384 ,958,10,968,1199,0,2,1,2,0,1,0,0.00,80.73 ,50
03,001,00,011,0644,1385 ,1024,9,1033,1318,0,2,1,2,0,1,0,0.00,78.38 ,50
03,001,00,011,0644,1386 ,852,15,867,1092,0,2,1,2,0,1,0,0.00,79.40 ,50
03,001,00,011,0645,1387 ,988,6,994,1279,0,2,1,2,0,1,0,0.00,77.72 ,50
03,001,00,011,0645,1388 ,758,8,766,967,0,2,1,2,0,1,0,0.00,79.21 ,50
03,001,00,011,0646,1389 ,1246,13,1259,1683,0,2,1,2,0,1,0,0.00,74.81 ,50
03,001,00,011,0647,1390 ,912,6,918,1206,0,2,1,2,0,1,0,0.00,76.12 ,50
03,001,00,011,0647,1391 ,853,12,865,1125,0,2,1,2,0,1,0,0.00,76.89 ,50
03,001,00,011,0647,1392 ,807,13,820,1132,0,2,1,2,0,1,0,0.00,72.44 ,50
03,001,00,011,0647,1393 ,829,7,836,1121,0,2,1,2,0,1,0,0.00,74.58 ,50
03,001,00,011,0648,1394 ,1149,11,1160,1510,0,2,1,2,0,1,0,0.00,76.82 ,50
03,001,00,011,0648,1395 ,694,1,695,870,0,2,1,2,0,1,0,0.00,79.89 ,50
03,001,00,011,0649,1396 ,1039,14,1053,1375,0,2,1,2,0,1,0,0.00,76.58 ,50
03,001,00,011,0650,1397 ,899,7,906,1189,0,2,1,2,0,1,0,0.00,76.20 ,50
03,001,00,011,0651,1398 ,322,3,325,418,0,2,1,2,0,1,0,0.00,77.75 ,50
03,001,00,011,0652,1399 ,707,7,714,956,0,2,1,2,0,1,0,0.00,74.69 ,50
03,001,00,011,0652,1400 ,641,11,652,797,0,2,1,2,0,1,0,0.00,81.81 ,50
03,001,00,011,0652,1401 ,497,6,503,655,0,2,1,2,0,1,0,0.00,76.79 ,50
03,001,00,011,0653,1402 ,1090,14,1104,1444,0,2,1,2,0,1,0,0.00,76.45 ,50
03,001,00,011,0654,1403 ,936,14,950,1166,0,2,1,2,0,1,0,0.00,81.48 ,50
03,001,00,011,0654,1404 ,814,9,823,1068,0,2,1,2,0,1,0,0.00,77.06 ,50
03,001,00,011,0654,1405 ,812,10,822,1081,0,2,1,2,0,1,0,0.00,76.04 ,50
03,001,00,011,0655,1406 ,857,8,865,1217,0,2,1,2,0,1,0,0.00,71.08 ,50
03,001,00,011,0655,1407 ,953,9,962,1273,0,2,1,2,0,1,0,0.00,75.57 ,50
03,001,00,011,0656,1408 ,851,5,856,1164,0,2,1,2,0,1,0,0.00,73.54 ,50
03,001,00,011,0657,1409 ,605,10,615,810,0,2,1,2,0,1,0,0.00,75.93 ,50
03,001,00,011,0657,1410 ,600,6,606,802,0,2,1,2,0,1,0,0.00,75.56 ,50
03,001,00,011,0658,1411 ,1057,7,1064,1366,0,2,1,2,0,1,0,0.00,77.89 ,50
03,001,00,011,0658,1412 ,994,9,1003,1305,0,2,1,2,0,1,0,0.00,76.86 ,50
03,001,00,011,0658,1413 ,883,10,893,1186,0,2,1,2,0,1,0,0.00,75.30 ,50
03,001,00,011,0658,1414 ,539,10,549,707,0,2,1,2,0,1,0,0.00,77.65 ,50
03,001,00,011,0659,1415 ,1188,15,1203,1579,0,2,1,2,0,1,0,0.00,76.19 ,50
03,001,00,011,0660,1416 ,1159,16,1175,1530,0,2,1,2,0,1,0,0.00,76.80 ,50
03,001,00,011,0660,1417 ,1109,15,1124,1482,0,2,1,2,0,1,0,0.00,75.84 ,50
03,001,00,011,0661,1418 ,1166,16,1182,1584,0,2,1,2,0,1,0,0.00,74.62 ,50
03,001,00,011,0661,1419 ,689,6,695,921,0,2,1,2,0,1,0,0.00,75.46 ,50
03,001,00,011,0662,1420 ,1825,21,1846,2361,0,2,1,2,0,1,0,0.00,78.19 ,50
03,001,00,011,0662,1421 ,724,12,736,1011,0,2,1,2,0,1,0,0.00,72.80 ,50
03,001,00,011,0662,1422 ,756,7,763,1010,0,2,1,2,0,1,0,0.00,75.54 ,50
03,001,00,011,0662,1423 ,754,7,761,1039,0,2,1,2,0,1,0,0.00,73.24 ,50
03,001,00,011,0662,1424 ,690,4,694,924,0,2,1,2,0,1,0,0.00,75.11 ,50
03,001,00,011,0663,1425 ,930,3,933,1224,0,2,1,2,0,1,0,0.00,76.23 ,50
03,001,00,011,0663,1426 ,823,7,830,1008,0,2,1,2,0,1,0,0.00,82.34 ,50
03,001,00,011,0663,1427 ,877,5,882,1240,0,2,1,2,0,1,0,0.00,71.13 ,50
03,001,00,011,0664,1428 ,1124,13,1137,1579,0,2,1,2,0,1,0,0.00,72.01 ,50
03,001,00,011,0664,1429 ,1126,10,1136,1458,0,2,1,2,0,1,0,0.00,77.91 ,50
03,001,00,011,0664,1430 ,828,3,831,1097,0,2,1,2,0,1,0,0.00,75.75 ,50
03,001,00,011,0664,1431 ,818,4,822,1071,0,2,1,2,0,1,0,0.00,76.75 ,50
03,001,00,011,0664,1432 ,614,8,622,786,0,2,1,2,0,1,0,0.00,79.13 ,50
03,001,00,011,0665,1433 ,1172,14,1186,1535,0,2,1,2,0,1,0,0.00,77.26 ,50
03,001,00,011,0665,1434 ,888,13,901,1139,0,2,1,2,0,1,0,0.00,79.10 ,50
03,001,00,011,0665,1435 ,970,15,985,1240,0,2,1,2,0,1,0,0.00,79.44 ,50
03,001,00,011,0666,1436 ,840,9,849,1062,0,2,1,2,0,1,0,0.00,79.94 ,50
03,001,00,011,0666,1437 ,821,5,826,1079,0,2,1,2,0,1,0,0.00,76.55 ,50
03,001,00,011,0667,1438 ,1037,7,1044,1386,0,2,1,2,0,1,0,0.00,75.32 ,50
03,001,00,011,0667,1439 ,1380,13,1393,1779,0,2,1,2,0,1,0,0.00,78.30 ,50
03,001,00,012,0668,1440 ,676,4,680,847,0,2,1,2,0,1,0,0.00,80.28 ,50
03,001,00,012,0669,1441 ,617,2,619,786,0,2,1,2,0,1,0,0.00,78.75 ,50
03,001,00,012,0669,1442 ,683,2,685,860,0,2,1,2,0,1,0,0.00,79.65 ,50
03,001,00,012,0670,1443 ,1132,9,1141,1492,0,2,1,2,0,1,0,0.00,76.47 ,50
03,001,00,012,0671,1444 ,503,5,508,669,0,2,1,2,0,1,0,0.00,75.93 ,50
03,001,00,012,0672,1445 ,1177,15,1192,1621,0,2,1,2,0,1,0,0.00,73.53 ,50
03,001,00,012,0673,1446 ,970,14,984,1342,0,2,1,2,0,1,0,0.00,73.32 ,50
03,001,00,012,0674,1447 ,1101,8,1109,1440,0,2,1,2,0,1,0,0.00,77.01 ,50
03,001,00,012,0674,1448 ,827,8,835,1090,0,2,1,2,0,1,0,0.00,76.61 ,50
03,001,00,012,0674,1449 ,812,6,818,1089,0,2,1,2,0,1,0,0.00,75.11 ,50
03,001,00,012,0674,1450 ,559,4,563,764,0,2,1,2,0,1,0,0.00,73.69 ,50
03,001,00,012,0674,1451 ,1083,13,1096,1492,0,2,1,2,0,1,0,0.00,73.46 ,50
03,001,00,012,0675,1452 ,993,6,999,1313,0,2,1,2,0,1,0,0.00,76.09 ,50
03,001,00,012,0675,1453 ,617,5,622,870,0,2,1,2,0,1,0,0.00,71.49 ,50
03,001,00,012,0676,1454 ,962,10,972,1256,0,2,1,2,0,1,0,0.00,77.39 ,50
03,001,00,012,0677,1455 ,229,2,231,329,0,2,1,2,0,1,0,0.00,70.21 ,50
03,001,00,012,0678,1456 ,444,2,446,624,0,2,1,2,0,1,0,0.00,71.47 ,50
03,001,00,012,0679,1457 ,281,3,284,402,0,2,1,2,0,1,0,0.00,70.65 ,50
03,001,00,012,0680,1458 ,123,1,124,165,0,2,1,2,0,1,0,0.00,75.15 ,50
03,001,00,012,0681,1459 ,717,6,723,928,0,2,1,2,0,1,0,0.00,77.91 ,50
03,001,00,012,0681,1460 ,610,8,618,854,0,2,1,2,0,1,0,0.00,72.37 ,50
03,001,00,012,0682,1461 ,770,8,778,1033,0,2,1,2,0,1,0,0.00,75.31 ,50
03,001,00,012,0682,1462 ,627,7,634,861,0,2,1,2,0,1,0,0.00,73.64 ,50
03,001,00,012,0682,1463 ,858,15,873,1156,0,2,1,2,0,1,0,0.00,75.52 ,50
03,001,00,012,0683,1464 ,559,5,564,715,0,2,1,2,0,1,0,0.00,78.88 ,50
03,001,00,012,0683,1465 ,504,9,513,693,0,2,1,2,0,1,0,0.00,74.03 ,50
03,001,00,012,0684,1466 ,745,11,756,1027,0,2,1,2,0,1,0,0.00,73.61 ,50
03,001,00,012,0684,1467 ,687,5,692,943,0,2,1,2,0,1,0,0.00,73.38 ,50
03,001,00,012,0685,1468 ,430,1,431,637,0,2,1,2,0,1,0,0.00,67.66 ,50
03,001,00,012,0686,1469 ,467,0,467,708,0,2,1,2,0,1,0,0.00,65.96 ,50
03,001,00,012,0687,1470 ,344,5,349,542,0,2,1,2,0,1,0,0.00,64.39 ,50
03,001,00,012,0688,1471 ,210,2,212,313,0,2,1,2,0,1,0,0.00,67.73 ,50
03,001,00,012,0689,1472 ,326,2,328,479,0,2,1,2,0,1,0,0.00,68.48 ,50
03,001,00,012,0690,1473 ,253,3,256,356,0,2,1,2,0,1,0,0.00,71.91 ,50
03,001,00,012,0691,1474 ,228,1,229,328,0,2,1,2,0,1,0,0.00,69.82 ,50
03,001,00,012,0692,1475 ,368,1,369,531,0,2,1,2,0,1,0,0.00,69.49 ,50
03,001,00,012,0693,1476 ,372,5,377,538,0,2,1,2,0,1,0,0.00,70.07 ,50
03,001,00,012,0694,1477 ,583,2,585,790,0,2,1,2,0,1,0,0.00,74.05 ,50
03,001,00,012,0695,1478 ,248,2,250,387,0,2,1,2,0,1,0,0.00,64.60 ,50
03,001,00,012,0696,1479 ,147,1,148,206,0,2,1,2,0,1,0,0.00,71.84 ,50
03,001,00,012,0697,1480 ,370,0,370,542,0,2,1,2,0,1,0,0.00,68.27 ,50
03,001,00,012,0698,1481 ,748,7,755,1070,0,2,1,2,0,1,0,0.00,70.56 ,50
03,001,00,012,0699,1482 ,755,12,767,1055,0,2,1,2,0,1,0,0.00,72.70 ,50
03,001,00,012,0699,1483 ,663,9,672,917,0,2,1,2,0,1,0,0.00,73.28 ,50
03,001,00,012,0700,1484 ,812,7,819,1151,0,2,1,2,0,1,0,0.00,71.16 ,50
03,001,00,013,0701,1485 ,845,9,854,1103,0,2,1,2,0,1,0,0.00,77.43 ,50
03,001,00,013,0702,1486 ,922,10,932,1176,0,2,1,2,0,1,0,0.00,79.25 ,50
03,001,00,013,0703,1487 ,1115,21,1136,1517,0,2,1,2,0,1,0,0.00,74.88 ,50
03,001,00,013,0703,1488 ,1128,15,1143,1496,0,2,1,2,0,1,0,0.00,76.40 ,50
03,001,00,013,0704,1489 ,772,15,787,1054,0,2,1,2,0,1,0,0.00,74.67 ,50
03,001,00,013,0704,1490 ,903,13,916,1233,0,2,1,2,0,1,0,0.00,74.29 ,50
03,001,00,013,0705,1491 ,796,14,810,1044,0,2,1,2,0,1,0,0.00,77.59 ,50
03,001,00,013,0705,1492 ,710,9,719,960,0,2,1,2,0,1,0,0.00,74.90 ,50
03,001,00,013,0706,1493 ,1070,22,1092,1470,0,2,1,2,0,1,0,0.00,74.29 ,50
03,001,00,013,0706,1494 ,967,7,974,1325,0,2,1,2,0,1,0,0.00,73.51 ,50
03,001,00,013,0706,1495 ,967,12,979,1343,0,2,1,2,0,1,0,0.00,72.90 ,50
03,001,00,013,0707,1496 ,967,9,976,1274,0,2,1,2,0,1,0,0.00,76.61 ,50
03,001,00,013,0707,1497 ,1003,18,1021,1326,0,2,1,2,0,1,0,0.00,77.00 ,50
03,001,00,013,0708,1498 ,1255,8,1263,1664,0,2,1,2,0,1,0,0.00,75.90 ,50
03,001,00,013,0708,1499 ,1253,13,1266,1737,0,2,1,2,0,1,0,0.00,72.88 ,50
03,001,00,013,0709,1500 ,598,10,608,803,0,2,1,2,0,1,0,0.00,75.72 ,50
03,001,00,013,0709,1501 ,766,9,775,1011,0,2,1,2,0,1,0,0.00,76.66 ,50
03,001,00,013,0710,1502 ,1057,12,1069,1329,0,2,1,2,0,1,0,0.00,80.44 ,50
03,001,00,013,0711,1503 ,652,6,658,817,0,2,1,2,0,1,0,0.00,80.54 ,50
03,001,00,013,0712,1504 ,926,10,936,1174,0,2,1,2,0,1,0,0.00,79.73 ,50
03,001,00,013,0712,1505 ,1001,11,1012,1276,0,2,1,2,0,1,0,0.00,79.31 ,50
03,001,00,013,0713,1506 ,894,8,902,1154,0,2,1,2,0,1,0,0.00,78.16 ,50
03,001,00,013,0713,1507 ,722,9,731,1016,0,2,1,2,0,1,0,0.00,71.95 ,50
03,001,00,013,0713,1508 ,966,12,978,1297,0,2,1,2,0,1,0,0.00,75.40 ,50
03,001,00,013,0714,1509 ,803,9,812,1047,0,2,1,2,0,1,0,0.00,77.55 ,50
03,001,00,013,0714,1510 ,886,13,899,1154,0,2,1,2,0,1,0,0.00,77.90 ,50
03,001,00,013,0714,1511 ,1120,10,1130,1493,0,2,1,2,0,1,0,0.00,75.69 ,50
03,001,00,013,0715,1512 ,843,9,852,1145,0,2,1,2,0,1,0,0.00,74.41 ,50
03,001,00,013,0715,1513 ,1047,13,1060,1365,0,2,1,2,0,1,0,0.00,77.66 ,50
03,001,00,013,0715,1514 ,716,8,724,1001,0,2,1,2,0,1,0,0.00,72.33 ,50
03,001,00,013,0716,1515 ,1280,13,1293,1650,0,2,1,2,0,1,0,0.00,78.36 ,50
03,001,00,013,0716,1516 ,1216,14,1230,1608,0,2,1,2,0,1,0,0.00,76.49 ,50
03,001,00,013,0717,1517 ,1203,20,1223,1631,0,2,1,2,0,1,0,0.00,74.98 ,50
03,001,00,013,0717,1518 ,1215,15,1230,1618,0,2,1,2,0,1,0,0.00,76.02 ,50
03,001,00,013,0718,1519 ,1134,17,1151,1515,0,2,1,2,0,1,0,0.00,75.97 ,50
03,001,00,013,0718,1520 ,983,6,989,1305,0,2,1,2,0,1,0,0.00,75.79 ,50
03,001,00,013,0719,1521 ,889,13,902,1147,0,2,1,2,0,1,0,0.00,78.64 ,50
03,001,00,013,0719,1522 ,730,5,735,969,0,2,1,2,0,1,0,0.00,75.85 ,50
03,001,00,013,0720,1523 ,913,11,924,1243,0,2,1,2,0,1,0,0.00,74.34 ,50
03,001,00,013,0720,1524 ,1164,8,1172,1497,0,2,1,2,0,1,0,0.00,78.29 ,50
03,001,00,013,0721,1525 ,1169,10,1179,1540,0,2,1,2,0,1,0,0.00,76.56 ,50
03,001,00,013,0721,1526 ,1121,10,1131,1484,0,2,1,2,0,1,0,0.00,76.21 ,50
03,001,00,013,0722,1527 ,821,6,827,1110,0,2,1,2,0,1,0,0.00,74.50 ,50
03,001,00,013,0722,1528 ,696,7,703,910,0,2,1,2,0,1,0,0.00,77.25 ,50
03,001,00,013,0723,1529 ,919,11,930,1236,0,2,1,2,0,1,0,0.00,75.24 ,50
03,001,00,013,0723,1530 ,1003,17,1020,1335,0,2,1,2,0,1,0,0.00,76.40 ,50
03,001,00,013,0723,1531 ,1267,15,1282,1723,0,2,1,2,0,1,0,0.00,74.41 ,50
03,001,00,013,0723,1532 ,904,4,908,1204,0,2,1,2,0,1,0,0.00,75.42 ,50
03,001,00,013,0724,1533 ,1190,24,1214,1609,0,2,1,2,0,1,0,0.00,75.45 ,50
03,001,00,013,0724,1534 ,1248,12,1260,1679,0,2,1,2,0,1,0,0.00,75.04 ,50
03,001,00,013,0725,1535 ,890,8,898,1194,0,2,1,2,0,1,0,0.00,75.21 ,50
03,001,00,013,0725,1536 ,664,6,670,918,0,2,1,2,0,1,0,0.00,72.98 ,50
03,001,00,013,0726,1537 ,1323,17,1340,1800,0,2,1,2,0,1,0,0.00,74.44 ,50
03,001,00,013,0726,1538 ,1170,15,1185,1654,0,2,1,2,0,1,0,0.00,71.64 ,50
03,001,00,013,0726,1539 ,948,14,962,1283,0,2,1,2,0,1,0,0.00,74.98 ,50
03,001,00,013,0726,1540 ,798,8,806,1074,0,2,1,2,0,1,0,0.00,75.05 ,50
03,001,00,013,0727,1541 ,1278,13,1291,1686,0,2,1,2,0,1,0,0.00,76.57 ,50
03,001,00,013,0728,1542 ,901,11,912,1165,0,2,1,2,0,1,0,0.00,78.28 ,50
03,001,00,013,0728,1543 ,1031,14,1045,1396,0,2,1,2,0,1,0,0.00,74.86 ,50
03,001,00,013,0728,1544 ,948,12,960,1309,0,2,1,2,0,1,0,0.00,73.34 ,50
03,001,00,013,0729,1545 ,786,5,791,1035,0,2,1,2,0,1,0,0.00,76.43 ,50
03,001,00,013,0730,1546 ,1036,14,1050,1326,0,2,1,2,0,1,0,0.00,79.19 ,50
03,001,00,013,0730,1547 ,967,13,980,1347,0,2,1,2,0,1,0,0.00,72.75 ,50
03,001,00,013,0730,1548 ,1046,13,1059,1384,0,2,1,2,0,1,0,0.00,76.52 ,50
03,001,00,013,0731,1549 ,1443,18,1461,1905,0,2,1,2,0,1,0,0.00,76.69 ,50
03,001,00,013,0731,1550 ,1073,11,1084,1478,0,2,1,2,0,1,0,0.00,73.34 ,50
03,001,00,013,0731,1551 ,1077,16,1093,1417,0,2,1,2,0,1,0,0.00,77.13 ,50
03,001,00,013,0731,1552 ,830,13,843,1074,0,2,1,2,0,1,0,0.00,78.49 ,50
03,001,00,013,0732,1553 ,739,7,746,971,0,2,1,2,0,1,0,0.00,76.83 ,50
03,001,00,013,0732,1554 ,777,13,790,1013,0,2,1,2,0,1,0,0.00,77.99 ,50
03,001,00,013,0733,1555 ,1040,7,1047,1403,0,2,1,2,0,1,0,0.00,74.63 ,50
03,001,00,013,0733,1556 ,1203,17,1220,1619,0,2,1,2,0,1,0,0.00,75.36 ,50
03,001,00,013,0734,1557 ,1175,14,1189,1585,0,2,1,2,0,1,0,0.00,75.02 ,50
03,001,00,013,0734,1558 ,1112,18,1130,1538,0,2,1,2,0,1,0,0.00,73.47 ,50
03,001,00,013,0735,1559 ,1383,17,1400,1941,0,2,1,2,0,1,0,0.00,72.13 ,50
03,001,00,013,0735,1560 ,1034,13,1047,1369,0,2,1,2,0,1,0,0.00,76.48 ,50
03,001,00,013,0736,1561 ,1231,12,1243,1648,0,2,1,2,0,1,0,0.00,75.42 ,50
03,001,00,013,0736,1562 ,934,11,945,1225,0,2,1,2,0,1,0,0.00,77.14 ,50
03,001,00,013,0736,1563 ,951,10,961,1308,0,2,1,2,0,1,0,0.00,73.47 ,50
03,001,00,013,0737,1564 ,1045,14,1059,1356,0,2,1,2,0,1,0,0.00,78.10 ,50
03,001,00,013,0737,1565 ,914,14,928,1247,0,2,1,2,0,1,0,0.00,74.42 ,50
03,001,00,013,0738,1566 ,1098,8,1106,1449,0,2,1,2,0,1,0,0.00,76.33 ,50
03,001,00,013,0738,1567 ,792,6,798,1130,0,2,1,2,0,1,0,0.00,70.62 ,50
03,001,00,013,0738,1568 ,1363,19,1382,1836,0,2,1,2,0,1,0,0.00,75.27 ,50
03,001,00,013,0739,1569 ,846,11,857,1130,0,2,1,2,0,1,0,0.00,75.84 ,50
03,001,00,013,0739,1570 ,1111,17,1128,1438,0,2,1,2,0,1,0,0.00,78.44 ,50
03,001,00,013,0739,1571 ,1097,22,1119,1556,0,2,1,2,0,1,0,0.00,71.92 ,50
03,001,00,013,0740,1572 ,956,8,964,1306,0,2,1,2,0,1,0,0.00,73.81 ,50
03,001,00,013,0740,1573 ,872,8,880,1176,0,2,1,2,0,1,0,0.00,74.83 ,50
03,001,00,014,0741,1574 ,1226,12,1238,1615,0,2,1,2,0,1,0,0.00,76.66 ,50
03,001,00,014,0741,1575 ,1213,15,1228,1541,0,2,1,2,0,1,0,0.00,79.69 ,50
03,001,00,014,0742,1576 ,1077,7,1084,1441,0,2,1,2,0,1,0,0.00,75.23 ,50
03,001,00,014,0742,1577 ,890,13,903,1183,0,2,1,2,0,1,0,0.00,76.33 ,50
03,001,00,014,0743,1578 ,939,5,944,1205,0,2,1,2,0,1,0,0.00,78.34 ,50
03,001,00,014,0743,1579 ,736,11,747,901,0,2,1,2,0,1,0,0.00,82.91 ,50
03,001,00,014,0744,1580 ,894,9,903,1125,0,2,1,2,0,1,0,0.00,80.27 ,50
03,001,00,014,0744,1581 ,899,19,918,1157,0,2,1,2,0,1,0,0.00,79.34 ,50
03,001,00,014,0745,1582 ,1100,7,1107,1408,0,2,1,2,0,1,0,0.00,78.62 ,50
03,001,00,014,0746,1583 ,765,11,776,967,0,2,1,2,0,1,0,0.00,80.25 ,50
03,001,00,014,0746,1584 ,803,13,816,1055,0,2,1,2,0,1,0,0.00,77.35 ,50
03,001,00,014,0747,1585 ,873,11,884,1146,0,2,1,2,0,1,0,0.00,77.14 ,50
03,001,00,014,0747,1586 ,847,10,857,1142,0,2,1,2,0,1,0,0.00,75.04 ,50
03,001,00,014,0748,1587 ,1035,6,1041,1352,0,2,1,2,0,1,0,0.00,77.00 ,50
03,001,00,014,0749,1588 ,825,7,832,1083,0,2,1,2,0,1,0,0.00,76.82 ,50
03,001,00,014,0749,1589 ,873,8,881,1180,0,2,1,2,0,1,0,0.00,74.66 ,50
03,001,00,014,0750,1590 ,1214,10,1224,1611,0,2,1,2,0,1,0,0.00,75.98 ,50
03,001,00,014,0750,1591 ,1058,9,1067,1441,0,2,1,2,0,1,0,0.00,74.05 ,50
03,001,00,014,0751,1592 ,1486,15,1501,2001,0,2,1,2,0,1,0,0.00,75.01 ,50
03,001,00,014,0751,1593 ,1298,13,1311,1784,0,2,1,2,0,1,0,0.00,73.49 ,50
03,001,00,014,0751,1594 ,1187,5,1192,1549,0,2,1,2,0,1,0,0.00,76.95 ,50
03,001,00,014,0752,1595 ,1003,12,1015,1357,0,2,1,2,0,1,0,0.00,74.80 ,50
03,001,00,014,0752,1596 ,1031,9,1040,1336,0,2,1,2,0,1,0,0.00,77.84 ,50
03,001,00,014,0752,1597 ,1050,13,1063,1422,0,2,1,2,0,1,0,0.00,74.75 ,50
03,001,00,014,0753,1598 ,481,2,483,615,0,2,1,2,0,1,0,0.00,78.54 ,50
03,001,00,014,0754,1599 ,858,13,871,1112,0,2,1,2,0,1,0,0.00,78.33 ,50
03,001,00,014,0754,1600 ,1041,10,1051,1405,0,2,1,2,0,1,0,0.00,74.80 ,50
03,001,00,014,0755,1601 ,862,11,873,1185,0,2,1,2,0,1,0,0.00,73.67 ,50
03,001,00,014,0755,1602 ,806,13,819,1073,0,2,1,2,0,1,0,0.00,76.33 ,50
03,001,00,014,0756,1603 ,1308,13,1321,1743,0,2,1,2,0,1,0,0.00,75.79 ,50
03,001,00,014,0757,1604 ,1323,13,1336,1706,0,2,1,2,0,1,0,0.00,78.31 ,50
03,001,00,014,0758,1605 ,972,8,980,1263,0,2,1,2,0,1,0,0.00,77.59 ,50
03,001,00,014,0758,1606 ,1089,14,1103,1379,0,2,1,2,0,1,0,0.00,79.99 ,50
03,001,00,014,0759,1607 ,1060,17,1077,1423,0,2,1,2,0,1,0,0.00,75.69 ,50
03,001,00,014,0760,1608 ,928,12,940,1225,0,2,1,2,0,1,0,0.00,76.73 ,50
03,001,00,014,0760,1609 ,881,8,889,1192,0,2,1,2,0,1,0,0.00,74.58 ,50
03,001,00,014,0761,1610 ,1322,15,1337,1765,0,2,1,2,0,1,0,0.00,75.75 ,50
03,001,00,014,0761,1611 ,1110,9,1119,1445,0,2,1,2,0,1,0,0.00,77.44 ,50
03,001,00,014,0762,1612 ,940,8,948,1202,0,2,1,2,0,1,0,0.00,78.87 ,50
03,001,00,014,0762,1613 ,841,7,848,1095,0,2,1,2,0,1,0,0.00,77.44 ,50
03,001,00,014,0763,1614 ,812,6,818,1047,0,2,1,2,0,1,0,0.00,78.13 ,50
03,001,00,014,0763,1615 ,838,6,844,1087,0,2,1,2,0,1,0,0.00,77.64 ,50
03,001,00,014,0764,1616 ,1428,12,1440,1803,0,2,1,2,0,1,0,0.00,79.87 ,50
03,001,00,014,0765,1617 ,937,10,947,1171,0,2,1,2,0,1,0,0.00,80.87 ,50
03,001,00,014,0765,1618 ,639,12,651,802,0,2,1,2,0,1,0,0.00,81.17 ,50
03,001,00,014,0766,1619 ,1080,14,1094,1388,0,2,1,2,0,1,0,0.00,78.82 ,50
03,001,00,014,0766,1620 ,1034,11,1045,1314,0,2,1,2,0,1,0,0.00,79.53 ,50
03,001,00,014,0767,1621 ,1125,11,1136,1478,0,2,1,2,0,1,0,0.00,76.86 ,50
03,001,00,014,0768,1622 ,1296,13,1309,1678,0,2,1,2,0,1,0,0.00,78.01 ,50
03,001,00,014,0769,1623 ,1176,7,1183,1566,0,2,1,2,0,1,0,0.00,75.54 ,50
03,001,00,014,0769,1624 ,1238,11,1249,1612,0,2,1,2,0,1,0,0.00,77.48 ,50
03,001,00,014,0770,1625 ,1351,15,1366,1800,0,2,1,2,0,1,0,0.00,75.89 ,50
03,001,00,014,0771,1626 ,1156,9,1165,1551,0,2,1,2,0,1,0,0.00,75.11 ,50
03,001,00,014,0771,1627 ,1288,12,1300,1662,0,2,1,2,0,1,0,0.00,78.22 ,50
03,001,00,014,0772,1628 ,1188,12,1200,1595,0,2,1,2,0,1,0,0.00,75.24 ,50
03,001,00,014,0772,1629 ,1424,16,1440,1859,0,2,1,2,0,1,0,0.00,77.46 ,50
03,001,00,014,0773,1630 ,733,8,741,940,0,2,1,2,0,1,0,0.00,78.83 ,50
03,001,00,014,0773,1631 ,863,12,875,1118,0,2,1,2,0,1,0,0.00,78.26 ,50
03,001,00,014,0774,1632 ,981,14,995,1318,0,2,1,2,0,1,0,0.00,75.49 ,50
03,001,00,014,0775,1633 ,997,14,1011,1340,0,2,1,2,0,1,0,0.00,75.45 ,50
03,001,00,014,0775,1634 ,891,12,903,1121,0,2,1,2,0,1,0,0.00,80.55 ,50
03,001,00,014,0776,1635 ,1008,9,1017,1295,0,2,1,2,0,1,0,0.00,78.53 ,50
03,001,00,014,0776,1636 ,967,7,974,1258,0,2,1,2,0,1,0,0.00,77.42 ,50
03,001,00,015,0777,1637 ,867,6,873,1095,0,2,1,2,0,1,0,0.00,79.73 ,50
03,001,00,015,0777,1638 ,753,10,763,945,0,2,1,2,0,1,0,0.00,80.74 ,50
03,001,00,015,0777,1639 ,960,7,967,1255,0,2,1,2,0,1,0,0.00,77.05 ,50
03,001,00,015,0778,1640 ,842,12,854,1074,0,2,1,2,0,1,0,0.00,79.52 ,50
03,001,00,015,0779,1641 ,582,3,585,736,0,2,1,2,0,1,0,0.00,79.48 ,50
03,001,00,015,0779,1642 ,622,5,627,829,0,2,1,2,0,1,0,0.00,75.63 ,50
03,001,00,015,0779,1643 ,692,5,697,956,0,2,1,2,0,1,0,0.00,72.91 ,50
03,001,00,015,0780,1644 ,891,10,901,1151,0,2,1,2,0,1,0,0.00,78.28 ,50
03,001,00,015,0781,1645 ,781,8,789,1017,0,2,1,2,0,1,0,0.00,77.58 ,50
03,001,00,015,0781,1646 ,803,13,816,1076,0,2,1,2,0,1,0,0.00,75.84 ,50
03,001,00,015,0782,1647 ,965,13,978,1247,0,2,1,2,0,1,0,0.00,78.43 ,50
03,001,00,015,0782,1648 ,718,8,726,982,0,2,1,2,0,1,0,0.00,73.93 ,50
03,001,00,015,0782,1649 ,823,14,837,1100,0,2,1,2,0,1,0,0.00,76.09 ,50
03,001,00,015,0783,1650 ,923,16,939,1271,0,2,1,2,0,1,0,0.00,73.88 ,50
03,001,00,015,0783,1651 ,879,15,894,1183,0,2,1,2,0,1,0,0.00,75.57 ,50
03,001,00,015,0783,1652 ,896,11,907,1239,0,2,1,2,0,1,0,0.00,73.20 ,50
03,001,00,015,0784,1653 ,856,16,872,1159,0,2,1,2,0,1,0,0.00,75.24 ,50
03,001,00,015,0784,1654 ,716,7,723,966,0,2,1,2,0,1,0,0.00,74.84 ,50
03,001,00,015,0784,1655 ,736,8,744,967,0,2,1,2,0,1,0,0.00,76.94 ,50
03,001,00,015,0784,1656 ,602,9,611,801,0,2,1,2,0,1,0,0.00,76.28 ,50
03,001,00,015,0785,1657 ,695,9,704,880,0,2,1,2,0,1,0,0.00,80.00 ,50
03,001,00,015,0786,1658 ,785,15,800,1009,0,2,1,2,0,1,0,0.00,79.29 ,50
03,001,00,015,0786,1659 ,824,10,834,1040,0,2,1,2,0,1,0,0.00,80.19 ,50
03,001,00,015,0786,1660 ,701,7,708,883,0,2,1,2,0,1,0,0.00,80.18 ,50
03,001,00,015,0786,1661 ,692,7,699,911,0,2,1,2,0,1,0,0.00,76.73 ,50
03,001,00,015,0787,1662 ,849,9,858,1078,0,2,1,2,0,1,0,0.00,79.59 ,50
03,001,00,015,0787,1663 ,1082,12,1094,1433,0,2,1,2,0,1,0,0.00,76.34 ,50
03,001,00,015,0787,1664 ,971,9,980,1252,0,2,1,2,0,1,0,0.00,78.27 ,50
03,001,00,015,0787,1665 ,766,9,775,1004,0,2,1,2,0,1,0,0.00,77.19 ,50
03,001,00,015,0788,1666 ,978,9,987,1275,0,2,1,2,0,1,0,0.00,77.41 ,50
03,001,00,015,0788,1667 ,790,5,795,1019,0,2,1,2,0,1,0,0.00,78.02 ,50
03,001,00,015,0789,1668 ,918,7,925,1162,0,2,1,2,0,1,0,0.00,79.60 ,50
03,001,00,015,0789,1669 ,838,9,847,1089,0,2,1,2,0,1,0,0.00,77.78 ,50
03,001,00,015,0790,1670 ,927,13,940,1175,0,2,1,2,0,1,0,0.00,80.00 ,50
03,001,00,016,0791,1671 ,467,4,471,592,0,2,1,2,0,1,0,0.00,79.56 ,50
03,001,00,016,0791,1672 ,238,3,241,287,0,2,1,2,0,1,0,0.00,83.97 ,50
03,001,00,016,0792,1673 ,879,7,886,1109,0,2,1,2,0,1,0,0.00,79.89 ,50
03,001,00,016,0792,1674 ,260,4,264,340,0,2,1,2,0,1,0,0.00,77.65 ,50
03,001,00,016,0792,1675 ,473,4,477,573,0,2,1,2,0,1,0,0.00,83.25 ,50
03,001,00,016,0793,1676 ,809,7,816,1066,0,2,1,2,0,1,0,0.00,76.55 ,50
03,001,00,016,0793,1677 ,811,8,819,1054,0,2,1,2,0,1,0,0.00,77.70 ,50
03,001,00,016,0793,1678 ,661,3,664,874,0,2,1,2,0,1,0,0.00,75.97 ,50
03,001,00,016,0793,1679 ,740,9,749,965,0,2,1,2,0,1,0,0.00,77.62 ,50
03,001,00,016,0794,1680 ,805,9,814,1027,0,2,1,2,0,1,0,0.00,79.26 ,50
03,001,00,016,0794,1681 ,733,6,739,940,0,2,1,2,0,1,0,0.00,78.62 ,50
03,001,00,016,0794,1682 ,730,7,737,911,0,2,1,2,0,1,0,0.00,80.90 ,50
03,001,00,016,0794,1683 ,713,6,719,914,0,2,1,2,0,1,0,0.00,78.67 ,50
03,001,00,016,0795,1684 ,622,3,625,793,0,2,1,2,0,1,0,0.00,78.81 ,50
03,001,00,016,0795,1685 ,652,3,655,794,0,2,1,2,0,1,0,0.00,82.49 ,50
03,001,00,016,0795,1686 ,698,9,707,850,0,2,1,2,0,1,0,0.00,83.18 ,50
03,001,00,016,0796,1687 ,638,5,643,807,0,2,1,2,0,1,0,0.00,79.68 ,50
03,001,00,016,0796,1688 ,803,4,807,1012,0,2,1,2,0,1,0,0.00,79.74 ,50
03,001,00,016,0796,1689 ,511,9,520,637,0,2,1,2,0,1,0,0.00,81.63 ,50
03,001,00,016,0797,1690 ,746,4,750,916,0,2,1,2,0,1,0,0.00,81.88 ,50
03,001,00,016,0797,1691 ,655,8,663,844,0,2,1,2,0,1,0,0.00,78.55 ,50
03,001,00,016,0798,1692 ,980,8,988,1232,0,2,1,2,0,1,0,0.00,80.19 ,50
03,001,00,016,0798,1693 ,849,11,860,1095,0,2,1,2,0,1,0,0.00,78.54 ,50
03,001,00,016,0799,1694 ,698,10,708,910,0,2,1,2,0,1,0,0.00,77.80 ,50
03,001,00,016,0799,1695 ,670,10,680,871,0,2,1,2,0,1,0,0.00,78.07 ,50
03,001,00,016,0799,1696 ,794,2,796,1021,0,2,1,2,0,1,0,0.00,77.96 ,50
03,001,00,016,0800,1697 ,619,8,627,828,0,2,1,2,0,1,0,0.00,75.72 ,50
03,001,00,016,0800,1698 ,610,3,613,788,0,2,1,2,0,1,0,0.00,77.79 ,50
03,001,00,016,0800,1699 ,693,4,697,835,0,2,1,2,0,1,0,0.00,83.47 ,50
03,001,00,016,0801,1700 ,688,10,698,881,0,2,1,2,0,1,0,0.00,79.23 ,50
03,001,00,016,0801,1701 ,571,9,580,740,0,2,1,2,0,1,0,0.00,78.38 ,50
03,001,00,016,0802,1702 ,829,4,833,1067,0,2,1,2,0,1,0,0.00,78.07 ,50
03,001,00,016,0802,1703 ,882,10,892,1114,0,2,1,2,0,1,0,0.00,80.07 ,50
03,001,00,016,0803,1704 ,693,4,697,890,0,2,1,2,0,1,0,0.00,78.31 ,50
03,001,00,016,0803,1705 ,621,2,623,810,0,2,1,2,0,1,0,0.00,76.91 ,50
03,001,00,016,0803,1706 ,584,9,593,758,0,2,1,2,0,1,0,0.00,78.23 ,50
03,001,00,016,0804,1707 ,860,7,867,1077,0,2,1,2,0,1,0,0.00,80.50 ,50
03,001,00,016,0804,1708 ,1039,7,1046,1322,0,2,1,2,0,1,0,0.00,79.12 ,50
03,001,00,016,0805,1709 ,823,2,825,1035,0,2,1,2,0,1,0,0.00,79.71 ,50
03,001,00,016,0805,1710 ,799,8,807,1001,0,2,1,2,0,1,0,0.00,80.62 ,50
03,001,00,016,0805,1711 ,761,10,771,996,0,2,1,2,0,1,0,0.00,77.41 ,50
03,001,00,017,0806,1712 ,799,8,807,1073,0,2,1,2,0,1,0,0.00,75.21 ,50
03,001,00,017,0806,1713 ,701,5,706,883,0,2,1,2,0,1,0,0.00,79.95 ,50
03,001,00,017,0806,1714 ,891,9,900,1165,0,2,1,2,0,1,0,0.00,77.25 ,50
03,001,00,017,0807,1715 ,560,9,569,960,0,2,1,2,0,1,0,0.00,59.27 ,50
03,001,00,017,0807,1716 ,826,5,831,1076,0,2,1,2,0,1,0,0.00,77.23 ,50
03,001,00,017,0807,1717 ,800,5,805,1013,0,2,1,2,0,1,0,0.00,79.47 ,50
03,001,00,017,0808,1718 ,769,12,781,1018,0,2,1,2,0,1,0,0.00,76.72 ,50
03,001,00,017,0808,1719 ,784,4,788,1004,0,2,1,2,0,1,0,0.00,78.49 ,50
03,001,00,017,0808,1720 ,587,9,596,779,0,2,1,2,0,1,0,0.00,76.51 ,50
03,001,00,017,0809,1721 ,1021,10,1031,1319,0,2,1,2,0,1,0,0.00,78.17 ,50
03,001,00,017,0809,1722 ,1033,9,1042,1317,0,2,1,2,0,1,0,0.00,79.12 ,50
03,001,00,017,0810,1723 ,964,7,971,1228,0,2,1,2,0,1,0,0.00,79.07 ,50
03,001,00,017,0810,1724 ,883,7,890,1128,0,2,1,2,0,1,0,0.00,78.90 ,50
03,001,00,017,0811,1725 ,853,6,859,1057,0,2,1,2,0,1,0,0.00,81.27 ,50
03,001,00,017,0812,1726 ,1053,11,1064,1333,0,2,1,2,0,1,0,0.00,79.82 ,50
03,001,00,017,0813,1727 ,690,12,702,923,0,2,1,2,0,1,0,0.00,76.06 ,50
03,001,00,017,0813,1728 ,902,11,913,1219,0,2,1,2,0,1,0,0.00,74.90 ,50
03,001,00,017,0813,1729 ,972,5,977,1339,0,2,1,2,0,1,0,0.00,72.96 ,50
03,001,00,017,0814,1730 ,764,6,770,1063,0,2,1,2,0,1,0,0.00,72.44 ,50
03,001,00,017,0814,1731 ,980,6,986,1315,0,2,1,2,0,1,0,0.00,74.98 ,50
03,001,00,017,0814,1732 ,784,5,789,1053,0,2,1,2,0,1,0,0.00,74.93 ,50
03,001,00,017,0815,1733 ,676,5,681,905,0,2,1,2,0,1,0,0.00,75.25 ,50
03,001,00,017,0816,1734 ,707,12,719,896,0,2,1,2,0,1,0,0.00,80.25 ,50
03,001,00,017,0817,1735 ,493,6,499,618,0,2,1,2,0,1,0,0.00,80.74 ,50
03,001,00,017,0818,1736 ,334,4,338,477,0,2,1,2,0,1,0,0.00,70.86 ,50
03,001,00,017,0819,1737 ,607,2,609,794,0,2,1,2,0,1,0,0.00,76.70 ,50
03,001,00,018,0820,1738 ,1001,1,1002,1300,0,2,1,2,0,1,0,0.00,77.08 ,50
03,001,00,018,0820,1739 ,1150,6,1156,1516,0,2,1,2,0,1,0,0.00,76.25 ,50
03,001,00,018,0820,1740 ,1379,15,1394,1711,0,2,1,2,0,1,0,0.00,81.47 ,50
03,001,00,018,0821,1741 ,807,4,811,1028,0,2,1,2,0,1,0,0.00,78.89 ,50
03,001,00,018,0821,1742 ,836,11,847,1114,0,2,1,2,0,1,0,0.00,76.03 ,50
03,001,00,018,0821,1743 ,747,12,759,1011,0,2,1,2,0,1,0,0.00,75.07 ,50
03,001,00,018,0822,1744 ,1100,17,1117,1459,0,2,1,2,0,1,0,0.00,76.56 ,50
03,001,00,018,0822,1745 ,995,14,1009,1329,0,2,1,2,0,1,0,0.00,75.92 ,50
03,001,00,018,0823,1746 ,918,11,929,1225,0,2,1,2,0,1,0,0.00,75.84 ,50
03,001,00,018,0824,1747 ,363,5,368,441,0,2,1,2,0,1,0,0.00,83.45 ,50
03,001,00,019,0825,1748 ,313,1,314,397,0,2,1,2,0,1,0,0.00,79.09 ,50
03,001,00,019,0826,1749 ,490,1,491,640,0,2,1,2,0,1,0,0.00,76.72 ,50
03,001,00,019,0827,1750 ,419,6,425,576,0,2,1,2,0,1,0,0.00,73.78 ,50
03,001,00,019,0828,1751 ,187,1,188,257,0,2,1,2,0,1,0,0.00,73.15 ,50
03,001,00,019,0829,1752 ,271,3,274,366,0,2,1,2,0,1,0,0.00,74.86 ,50
03,001,00,019,0830,1753 ,501,7,508,698,0,2,1,2,0,1,0,0.00,72.78 ,50
03,001,00,019,0831,1754 ,207,2,209,256,0,2,1,2,0,1,0,0.00,81.64 ,50
03,001,00,019,0832,1755 ,573,9,582,765,0,2,1,2,0,1,0,0.00,76.08 ,50
03,001,00,019,0833,1756 ,393,2,395,543,0,2,1,2,0,1,0,0.00,72.74 ,50
03,001,00,019,0834,1757 ,164,0,164,205,0,2,1,2,0,1,0,0.00,80.00 ,50
03,001,00,019,0835,1758 ,294,2,296,402,0,2,1,2,0,1,0,0.00,73.63 ,50
03,001,00,019,0836,1759 ,438,7,445,571,0,2,1,2,0,1,0,0.00,77.93 ,50
03,001,00,019,0837,1760 ,219,0,219,379,0,2,1,2,0,1,0,0.00,57.78 ,50
03,001,00,020,0838,1761 ,708,6,714,961,0,2,1,2,0,1,0,0.00,74.30 ,50
03,001,00,020,0839,1762 ,331,3,334,474,0,2,1,2,0,1,0,0.00,70.46 ,50
03,001,00,020,0840,1763 ,532,4,536,885,0,2,1,2,0,1,0,0.00,60.56 ,50
03,001,00,020,0841,1764 ,245,1,246,373,0,2,1,2,0,1,0,0.00,65.95 ,50
03,001,00,020,0842,1765 ,329,8,337,468,0,2,1,2,0,1,0,0.00,72.01 ,50
03,001,00,020,0842,1766 ,131,1,132,196,0,2,1,2,0,1,0,0.00,67.35 ,50
03,001,00,020,0843,1767 ,214,4,218,333,0,2,1,2,0,1,0,0.00,65.47 ,50
03,001,00,020,0843,1768 ,277,4,281,369,0,2,1,2,0,1,0,0.00,76.15 ,50
03,001,00,020,0844,1769 ,207,1,208,307,0,2,1,2,0,1,0,0.00,67.75 ,50
03,001,00,020,0844,1770 ,202,1,203,305,0,2,1,2,0,1,0,0.00,66.56 ,50
03,001,00,021,0845,1771 ,267,1,268,313,0,2,1,2,0,1,0,0.00,85.62 ,50
03,001,00,021,0846,1772 ,1268,12,1280,1468,0,2,1,2,0,1,0,0.00,87.19 ,50
03,001,00,021,0846,1773 ,993,6,999,1181,0,2,1,2,0,1,0,0.00,84.59 ,50
03,001,00,021,0847,1774 ,647,4,651,740,0,2,1,2,0,1,0,0.00,87.97 ,50
03,001,00,021,0848,1775 ,651,14,665,784,0,2,1,2,0,1,0,0.00,84.82 ,50
03,001,00,021,0849,1776 ,1559,8,1567,1798,0,2,1,2,0,1,0,0.00,87.15 ,50
03,001,00,021,0849,1777 ,1160,14,1174,1369,0,2,1,2,0,1,0,0.00,85.76 ,50
03,001,00,021,0850,1778 ,309,1,310,382,0,2,1,2,0,1,0,0.00,81.15 ,50
03,001,00,021,0851,1779 ,477,4,481,547,0,2,1,2,0,1,0,0.00,87.93 ,50
03,001,00,021,0852,1780 ,671,4,675,781,0,2,1,2,0,1,0,0.00,86.43 ,50
03,001,00,021,0853,1781 ,929,6,935,1118,0,2,1,2,0,1,0,0.00,83.63 ,50
03,001,00,021,0854,1782 ,406,5,411,468,0,2,1,2,0,1,0,0.00,87.82 ,50
03,001,00,021,0855,1783 ,398,5,403,471,0,2,1,2,0,1,0,0.00,85.56 ,50
03,001,00,021,0856,1784 ,527,4,531,633,0,2,1,2,0,1,0,0.00,83.89 ,50
03,001,00,021,0857,1785 ,852,15,867,1069,0,2,1,2,0,1,0,0.00,81.10 ,50
03,001,00,022,0858,1786 ,577,4,581,702,0,2,1,2,0,1,0,0.00,82.76 ,50
03,001,00,022,0859,1787 ,773,3,776,943,0,2,1,2,0,1,0,0.00,82.29 ,50
03,001,00,022,0860,1788 ,1160,15,1175,1461,0,2,1,2,0,1,0,0.00,80.42 ,50
03,001,00,022,0861,1789 ,494,4,498,602,0,2,1,2,0,1,0,0.00,82.72 ,50
03,001,00,022,0862,1790 ,815,5,820,1045,0,2,1,2,0,1,0,0.00,78.47 ,50
03,001,00,022,0863,1791 ,886,12,898,1086,0,2,1,2,0,1,0,0.00,82.69 ,50
03,001,00,022,0864,1792 ,168,2,170,217,0,2,1,2,0,1,0,0.00,78.34 ,50
03,001,00,022,0865,1793 ,352,3,355,445,0,2,1,2,0,1,0,0.00,79.78 ,50
03,001,00,022,0866,1794 ,510,4,514,635,0,2,1,2,0,1,0,0.00,80.94 ,50
03,001,00,023,0867,1795 ,1355,10,1365,1740,0,2,1,2,0,1,0,0.00,78.45 ,50
03,001,00,023,0867,1796 ,856,9,865,1151,0,2,1,2,0,1,0,0.00,75.15 ,50
03,001,00,023,0868,1797 ,1263,14,1277,1691,0,2,1,2,0,1,0,0.00,75.52 ,50
03,001,00,023,0869,1798 ,735,10,745,944,0,2,1,2,0,1,0,0.00,78.92 ,50
03,001,00,023,0870,1799 ,1230,18,1248,1640,0,2,1,2,0,1,0,0.00,76.10 ,50
03,001,00,023,0871,1800 ,624,9,633,775,0,2,1,2,0,1,0,0.00,81.68 ,50
03,001,00,023,0872,1801 ,955,15,970,1250,0,2,1,2,0,1,0,0.00,77.60 ,50
03,001,00,023,0872,1802 ,726,11,737,980,0,2,1,2,0,1,0,0.00,75.20 ,50
03,001,00,023,0873,1803 ,691,8,699,937,0,2,1,2,0,1,0,0.00,74.60 ,50
03,001,00,023,0873,1804 ,750,9,759,942,0,2,1,2,0,1,0,0.00,80.57 ,50
03,001,00,023,0874,1805 ,696,8,704,897,0,2,1,2,0,1,0,0.00,78.48 ,50
03,001,00,023,0875,1806 ,785,10,795,926,0,2,1,2,0,1,0,0.00,85.85 ,50
03,001,00,023,0876,1807 ,820,11,831,1022,0,2,1,2,0,1,0,0.00,81.31 ,50
03,001,00,024,0877,1808 ,344,8,352,464,0,2,1,2,0,1,0,0.00,75.86 ,50
03,001,00,024,0878,1809 ,232,1,233,319,0,2,1,2,0,1,0,0.00,73.04 ,50
03,001,00,024,0879,1810 ,266,4,270,356,0,2,1,2,0,1,0,0.00,75.84 ,50
03,001,00,024,0880,1811 ,386,2,388,551,0,2,1,2,0,1,0,0.00,70.42 ,50
03,001,00,024,0881,1812 ,217,6,223,320,0,2,1,2,0,1,0,0.00,69.69 ,50
03,001,00,024,0882,1813 ,475,4,479,713,0,2,1,2,0,1,0,0.00,67.18 ,50
03,001,00,024,0883,1814 ,242,1,243,352,0,2,1,2,0,1,0,0.00,69.03 ,50
03,001,00,024,0884,1815 ,778,12,790,1158,0,2,1,2,0,1,0,0.00,68.22 ,50
03,001,00,024,0885,1816 ,68,1,69,104,0,2,1,2,0,1,0,0.00,66.35 ,50
03,001,00,024,0886,1817 ,384,5,389,532,0,2,1,2,0,1,0,0.00,73.12 ,50
03,001,00,024,0887,1818 ,114,0,114,170,0,2,1,2,0,1,0,0.00,67.06 ,50
03,001,00,024,0888,1819 ,74,2,76,123,0,2,1,2,0,1,0,0.00,61.79 ,50
03,001,00,025,0889,1820 ,468,4,472,619,0,2,1,2,0,1,0,0.00,76.25 ,50
03,001,00,025,0890,1821 ,257,1,258,338,0,2,1,2,0,1,0,0.00,76.33 ,50
03,001,00,025,0890,1822 ,512,2,514,701,0,2,1,2,0,1,0,0.00,73.32 ,50
03,001,00,025,0891,1823 ,326,2,328,477,0,2,1,2,0,1,0,0.00,68.76 ,50
03,001,00,025,0892,1824 ,820,11,831,1134,0,2,1,2,0,1,0,0.00,73.28 ,50
03,001,00,025,0892,1825 ,597,3,600,817,0,2,1,2,0,1,0,0.00,73.44 ,50
03,001,00,025,0893,1826 ,225,1,226,322,0,2,1,2,0,1,0,0.00,70.19 ,50
03,001,00,025,0894,1827 ,441,3,444,598,0,2,1,2,0,1,0,0.00,74.25 ,50
03,001,00,025,0894,1828 ,213,2,215,299,0,2,1,2,0,1,0,0.00,71.91 ,50
03,001,00,025,0895,1829 ,535,5,540,759,0,2,1,2,0,1,0,0.00,71.15 ,50
03,001,00,025,0896,1830 ,328,4,332,525,0,2,1,2,0,1,0,0.00,63.24 ,50
03,001,00,025,0897,1831 ,265,8,273,396,0,2,1,2,0,1,0,0.00,68.94 ,50
03,001,00,025,0898,1832 ,367,1,368,508,0,2,1,2,0,1,0,0.00,72.44 ,50
03,001,00,025,0899,1833 ,226,3,229,317,0,2,1,2,0,1,0,0.00,72.24 ,50
03,001,00,025,0899,1834 ,209,1,210,298,0,2,1,2,0,1,0,0.00,70.47 ,50
03,001,00,025,0900,1835 ,141,1,142,208,0,2,1,2,0,1,0,0.00,68.27 ,50
03,001,00,025,0900,1836 ,71,1,72,97,0,2,1,2,0,1,0,0.00,74.23 ,50
03,001,00,026,0901,1837 ,650,3,653,958,0,2,1,2,0,1,0,0.00,68.16 ,50
03,001,00,026,0902,1838 ,282,2,284,415,0,2,1,2,0,1,0,0.00,68.43 ,50
03,001,00,026,0903,1839 ,270,0,270,419,0,2,1,2,0,1,0,0.00,64.44 ,50
03,001,00,026,0904,1840 ,308,3,311,449,0,2,1,2,0,1,0,0.00,69.27 ,50
03,001,00,026,0904,1841 ,257,3,260,364,0,2,1,2,0,1,0,0.00,71.43 ,50
03,001,00,026,0905,1842 ,597,5,602,865,0,2,1,2,0,1,0,0.00,69.60 ,50
03,001,00,026,0905,1843 ,488,5,493,693,0,2,1,2,0,1,0,0.00,71.14 ,50
03,001,00,026,0906,1844 ,473,6,479,739,0,2,1,2,0,1,0,0.00,64.82 ,50
03,001,00,026,0907,1845 ,434,8,442,655,0,2,1,2,0,1,0,0.00,67.48 ,50
03,001,00,026,0908,1846 ,947,14,961,1411,0,2,1,2,0,1,0,0.00,68.11 ,50
03,001,00,026,0909,1847 ,695,7,702,1051,0,2,1,2,0,1,0,0.00,66.79 ,50
03,001,00,026,0909,1848 ,472,6,478,768,0,2,1,2,0,1,0,0.00,62.24 ,50
03,001,00,026,0910,1849 ,263,4,267,407,0,2,1,2,0,1,0,0.00,65.60 ,50
03,001,00,026,0910,1850 ,277,2,279,408,0,2,1,2,0,1,0,0.00,68.38 ,50
03,001,00,026,0911,1851 ,323,5,328,472,0,2,1,2,0,1,0,0.00,69.49 ,50
03,001,00,026,0911,1852 ,325,1,326,449,0,2,1,2,0,1,0,0.00,72.61 ,50
03,001,00,027,0912,1853 ,313,2,315,432,0,2,1,2,0,1,0,0.00,72.92 ,50
03,001,00,027,0913,1854 ,530,6,536,679,0,2,1,2,0,1,0,0.00,78.94 ,50
03,001,00,027,0914,1855 ,305,2,307,436,0,2,1,2,0,1,0,0.00,70.41 ,50
03,001,00,027,0915,1856 ,967,10,977,1355,0,2,1,2,0,1,0,0.00,72.10 ,50
03,001,00,027,0916,1857 ,948,9,957,1239,0,2,1,2,0,1,0,0.00,77.24 ,50
03,001,00,027,0916,1858 ,1110,9,1119,1385,0,2,1,2,0,1,0,0.00,80.79 ,50
03,001,00,027,0916,1859 ,1007,9,1016,1309,0,2,1,2,0,1,0,0.00,77.62 ,50
03,001,00,027,0916,1860 ,981,6,987,1292,0,2,1,2,0,1,0,0.00,76.39 ,50
03,001,00,027,0917,1861 ,1003,13,1016,1350,0,2,1,2,0,1,0,0.00,75.26 ,50
03,001,00,027,0918,1862 ,574,7,581,755,0,2,1,2,0,1,0,0.00,76.95 ,50
03,001,00,027,0919,1863 ,247,3,250,342,0,2,1,2,0,1,0,0.00,73.10 ,50
03,001,00,027,0920,1864 ,399,4,403,507,0,2,1,2,0,1,0,0.00,79.49 ,50
03,001,00,027,0921,1865 ,427,4,431,566,0,2,1,2,0,1,0,0.00,76.15 ,50
03,001,00,027,0922,1866 ,579,11,590,761,0,2,1,2,0,1,0,0.00,77.53 ,50
03,001,00,027,0923,1867 ,163,0,163,216,0,2,1,2,0,1,0,0.00,75.46 ,50
03,001,00,027,0924,1868 ,345,4,349,426,0,2,1,2,0,1,0,0.00,81.92 ,50
03,001,00,027,0925,1869 ,386,4,390,529,0,2,1,2,0,1,0,0.00,73.72 ,50
03,001,00,028,0926,1870 ,1121,12,1133,1460,0,2,1,2,0,1,0,0.00,77.60 ,50
03,001,00,028,0926,1871 ,1083,10,1093,1431,0,2,1,2,0,1,0,0.00,76.38 ,50
03,001,00,028,0927,1872 ,513,5,518,747,0,2,1,2,0,1,0,0.00,69.34 ,50
03,001,00,028,0927,1873 ,804,6,810,1199,0,2,1,2,0,1,0,0.00,67.56 ,50
03,001,00,028,0928,1874 ,714,11,725,968,0,2,1,2,0,1,0,0.00,74.90 ,50
03,001,00,028,0928,1875 ,417,8,425,631,0,2,1,2,0,1,0,0.00,67.35 ,50
03,001,00,028,0929,1876 ,802,6,808,1081,0,2,1,2,0,1,0,0.00,74.75 ,50
03,001,00,028,0929,1877 ,813,7,820,1072,0,2,1,2,0,1,0,0.00,76.49 ,50
03,001,00,028,0930,1878 ,457,5,462,635,0,2,1,2,0,1,0,0.00,72.76 ,50
03,001,00,028,0930,1879 ,1119,9,1128,1464,0,2,1,2,0,1,0,0.00,77.05 ,50
03,001,00,028,0931,1880 ,372,4,376,469,0,2,1,2,0,1,0,0.00,80.17 ,50
03,001,00,028,0932,1881 ,577,11,588,783,0,2,1,2,0,1,0,0.00,75.10 ,50
03,001,00,028,0933,1882 ,407,4,411,526,0,2,1,2,0,1,0,0.00,78.14 ,50
03,001,00,028,0934,1883 ,407,5,412,560,0,2,1,2,0,1,0,0.00,73.57 ,50
03,001,00,028,0935,1884 ,619,11,630,812,0,2,1,2,0,1,0,0.00,77.59 ,50
03,001,00,029,0936,1885 ,492,2,494,656,0,2,1,2,0,1,0,0.00,75.30 ,50
03,001,00,029,0937,1886 ,899,12,911,1217,0,2,1,2,0,1,0,0.00,74.86 ,50
03,001,00,029,0938,1887 ,53,0,53,64,0,2,1,2,0,1,0,0.00,82.81 ,50
03,001,00,029,0939,1888 ,174,1,175,224,0,2,1,2,0,1,0,0.00,78.13 ,50
03,001,00,029,0940,1889 ,183,9,192,291,0,2,1,2,0,1,0,0.00,65.98 ,50
03,002,00,001,0001,1 ,616,3,619,867,0,2,1,2,0,1,0,0.00,71.40 ,50
03,002,00,001,0002,2 ,697,3,700,938,0,2,1,2,0,1,0,0.00,74.63 ,50
03,002,00,001,0002,3 ,958,9,967,1269,0,2,1,2,0,1,0,0.00,76.20 ,50
03,002,00,001,0003,4 ,893,4,897,1178,0,2,1,2,0,1,0,0.00,76.15 ,50
03,002,00,001,0003,5 ,930,3,933,1163,0,2,1,2,0,1,0,0.00,80.22 ,50
03,002,00,001,0004,6 ,870,5,875,1166,0,2,1,2,0,1,0,0.00,75.04 ,50
03,002,00,001,0004,7 ,813,5,818,1092,0,2,1,2,0,1,0,0.00,74.91 ,50
03,002,00,001,0005,8 ,1191,10,1201,1553,0,2,1,2,0,1,0,0.00,77.33 ,50
03,002,00,001,0005,9 ,1006,2,1008,1340,0,2,1,2,0,1,0,0.00,75.22 ,50
03,002,00,001,0006,10 ,716,5,721,953,0,2,1,2,0,1,0,0.00,75.66 ,50
03,002,00,001,0006,11 ,1281,9,1290,1726,0,2,1,2,0,1,0,0.00,74.74 ,50
03,002,00,001,0007,12 ,856,9,865,1103,0,2,1,2,0,1,0,0.00,78.42 ,50
03,002,00,001,0007,13 ,988,7,995,1303,0,2,1,2,0,1,0,0.00,76.36 ,50
03,002,00,001,0008,14 ,582,5,587,774,0,2,1,2,0,1,0,0.00,75.84 ,50
03,002,00,001,0009,15 ,555,3,558,723,0,2,1,2,0,1,0,0.00,77.18 ,50
03,002,00,001,0009,16 ,545,5,550,705,0,2,1,2,0,1,0,0.00,78.01 ,50
03,002,00,001,0010,17 ,416,2,418,520,0,2,1,2,0,1,0,0.00,80.38 ,50
03,002,00,001,0011,18 ,592,3,595,755,0,2,1,2,0,1,0,0.00,78.81 ,50
03,002,00,001,0012,19 ,446,5,451,581,0,2,1,2,0,1,0,0.00,77.62 ,50
03,002,00,001,0013,20 ,481,5,486,660,0,2,1,2,0,1,0,0.00,73.64 ,50
03,002,00,001,0014,21 ,650,7,657,861,0,2,1,2,0,1,0,0.00,76.31 ,50
03,002,00,001,0014,22 ,843,7,850,1154,0,2,1,2,0,1,0,0.00,73.66 ,50
03,002,00,001,0015,23 ,1304,6,1310,1711,0,2,1,2,0,1,0,0.00,76.56 ,50
03,002,00,001,0015,24 ,477,5,482,636,0,2,1,2,0,1,0,0.00,75.79 ,50
03,002,00,001,0015,25 ,1045,2,1047,1328,0,2,1,2,0,1,0,0.00,78.84 ,50
03,002,00,001,0016,26 ,399,4,403,530,0,2,1,2,0,1,0,0.00,76.04 ,50
03,002,00,001,0017,27 ,763,14,777,1057,0,2,1,2,0,1,0,0.00,73.51 ,50
03,002,00,001,0018,28 ,511,7,518,751,0,2,1,2,0,1,0,0.00,68.97 ,50
03,002,00,001,0019,29 ,844,6,850,1163,0,2,1,2,0,1,0,0.00,73.09 ,50
03,002,00,001,0020,30 ,796,15,811,1110,0,2,1,2,0,1,0,0.00,73.06 ,50
03,002,00,001,0021,31 ,1073,16,1089,1466,0,2,1,2,0,1,0,0.00,74.28 ,50
03,002,00,001,0021,32 ,1113,14,1127,1463,0,2,1,2,0,1,0,0.00,77.03 ,50
03,002,00,001,0022,33 ,752,8,760,1027,0,2,1,2,0,1,0,0.00,74.00 ,50
03,002,00,001,0022,34 ,759,4,763,981,0,2,1,2,0,1,0,0.00,77.78 ,50
03,002,00,001,0022,35 ,751,6,757,982,0,2,1,2,0,1,0,0.00,77.09 ,50
03,002,00,001,0023,36 ,774,5,779,1029,0,2,1,2,0,1,0,0.00,75.70 ,50
03,002,00,001,0024,37 ,910,8,918,1221,0,2,1,2,0,1,0,0.00,75.18 ,50
03,002,00,001,0024,38 ,818,6,824,1109,0,2,1,2,0,1,0,0.00,74.30 ,50
03,002,00,001,0024,39 ,951,12,963,1268,0,2,1,2,0,1,0,0.00,75.95 ,50
03,002,00,001,0025,40 ,516,2,518,671,0,2,1,2,0,1,0,0.00,77.20 ,50
03,002,00,001,0026,41 ,456,4,460,593,0,2,1,2,0,1,0,0.00,77.57 ,50
03,002,00,001,0027,42 ,540,3,543,704,0,2,1,2,0,1,0,0.00,77.13 ,50
03,002,00,001,0028,43 ,1011,8,1019,1341,0,2,1,2,0,1,0,0.00,75.99 ,50
03,002,00,001,0029,44 ,1009,5,1014,1326,0,2,1,2,0,1,0,0.00,76.47 ,50
03,002,00,001,0030,45 ,852,8,860,1158,0,2,1,2,0,1,0,0.00,74.27 ,50
03,002,00,001,0031,46 ,902,9,911,1232,0,2,1,2,0,1,0,0.00,73.94 ,50
03,002,00,001,0031,47 ,624,7,631,819,0,2,1,2,0,1,0,0.00,77.05 ,50
03,002,00,001,0032,48 ,1112,6,1118,1502,0,2,1,2,0,1,0,0.00,74.43 ,50
03,002,00,001,0033,49 ,938,8,946,1249,0,2,1,2,0,1,0,0.00,75.74 ,50
03,002,00,001,0034,50 ,969,8,977,1294,0,2,1,2,0,1,0,0.00,75.50 ,50
03,002,00,001,0034,51 ,751,11,762,995,0,2,1,2,0,1,0,0.00,76.58 ,50
03,002,00,001,0035,52 ,732,8,740,989,0,2,1,2,0,1,0,0.00,74.82 ,50
03,002,00,001,0036,53 ,645,8,653,829,0,2,1,2,0,1,0,0.00,78.77 ,50
03,002,00,001,0037,54 ,619,1,620,859,0,2,1,2,0,1,0,0.00,72.18 ,50
03,002,00,001,0038,55 ,987,12,999,1299,0,2,1,2,0,1,0,0.00,76.91 ,50
03,002,00,001,0039,56 ,675,2,677,892,0,2,1,2,0,1,0,0.00,75.90 ,50
03,002,00,001,0040,57 ,1020,4,1024,1384,0,2,1,2,0,1,0,0.00,73.99 ,50
03,002,00,002,0041,58 ,371,3,374,478,0,2,1,2,0,1,0,0.00,78.24 ,50
03,002,00,002,0042,59 ,470,3,473,591,0,2,1,2,0,1,0,0.00,80.03 ,50
03,002,00,002,0043,60 ,427,0,427,585,0,2,1,2,0,1,0,0.00,72.99 ,50
03,002,00,002,0044,61 ,855,4,859,1187,0,2,1,2,0,1,0,0.00,72.37 ,50
03,002,00,002,0045,62 ,1095,7,1102,1500,0,2,1,2,0,1,0,0.00,73.47 ,50
03,002,00,002,0046,63 ,739,8,747,927,0,2,1,2,0,1,0,0.00,80.58 ,50
03,002,00,002,0046,64 ,588,5,593,781,0,2,1,2,0,1,0,0.00,75.93 ,50
03,002,00,002,0047,65 ,845,3,848,1172,0,2,1,2,0,1,0,0.00,72.35 ,50
03,002,00,002,0048,66 ,849,4,853,1150,0,2,1,2,0,1,0,0.00,74.17 ,50
03,002,00,002,0048,67 ,742,7,749,991,0,2,1,2,0,1,0,0.00,75.58 ,50
03,002,00,002,0049,68 ,1105,3,1108,1424,0,2,1,2,0,1,0,0.00,77.81 ,50
03,002,00,002,0050,69 ,979,7,986,1243,0,2,1,2,0,1,0,0.00,79.32 ,50
03,002,00,002,0051,70 ,675,6,681,868,0,2,1,2,0,1,0,0.00,78.46 ,50
03,002,00,002,0052,71 ,540,1,541,714,0,2,1,2,0,1,0,0.00,75.77 ,50
03,002,00,002,0053,72 ,714,5,719,956,0,2,1,2,0,1,0,0.00,75.21 ,50
03,002,00,002,0054,73 ,551,0,551,706,0,2,1,2,0,1,0,0.00,78.05 ,50
03,002,00,002,0055,74 ,555,1,556,711,0,2,1,2,0,1,0,0.00,78.20 ,50
03,002,00,002,0056,75 ,820,3,823,1066,0,2,1,2,0,1,0,0.00,77.20 ,50
03,002,00,002,0056,76 ,960,5,965,1275,0,2,1,2,0,1,0,0.00,75.69 ,50
03,002,00,002,0056,77 ,830,6,836,1110,0,2,1,2,0,1,0,0.00,75.32 ,50
03,002,00,002,0057,78 ,627,2,629,838,0,2,1,2,0,1,0,0.00,75.06 ,50
03,002,00,002,0057,79 ,863,5,868,1111,0,2,1,2,0,1,0,0.00,78.13 ,50
03,002,00,002,0057,80 ,761,3,764,1040,0,2,1,2,0,1,0,0.00,73.46 ,50
03,002,00,002,0057,81 ,870,4,874,1193,0,2,1,2,0,1,0,0.00,73.26 ,50
03,002,00,002,0058,82 ,1051,8,1059,1377,0,2,1,2,0,1,0,0.00,76.91 ,50
03,002,00,002,0058,83 ,986,6,992,1284,0,2,1,2,0,1,0,0.00,77.26 ,50
03,002,00,002,0058,84 ,981,5,986,1300,0,2,1,2,0,1,0,0.00,75.85 ,50
03,002,00,002,0059,85 ,978,2,980,1319,0,2,1,2,0,1,0,0.00,74.30 ,50
03,002,00,002,0059,86 ,735,2,737,969,0,2,1,2,0,1,0,0.00,76.06 ,50
03,002,00,002,0059,87 ,791,3,794,1025,0,2,1,2,0,1,0,0.00,77.46 ,50
03,002,00,002,0060,88 ,683,4,687,900,0,2,1,2,0,1,0,0.00,76.33 ,50
03,002,00,002,0060,89 ,599,9,608,825,0,2,1,2,0,1,0,0.00,73.70 ,50
03,002,00,002,0061,90 ,753,4,757,999,0,2,1,2,0,1,0,0.00,75.78 ,50
03,002,00,002,0062,91 ,974,10,984,1299,0,2,1,2,0,1,0,0.00,75.75 ,50
03,002,00,002,0062,92 ,944,8,952,1232,0,2,1,2,0,1,0,0.00,77.27 ,50
03,002,00,002,0063,93 ,1097,5,1102,1450,0,2,1,2,0,1,0,0.00,76.00 ,50
03,002,00,002,0063,94 ,1049,6,1055,1402,0,2,1,2,0,1,0,0.00,75.25 ,50
03,002,00,002,0064,95 ,1046,8,1054,1340,0,2,1,2,0,1,0,0.00,78.66 ,50
03,002,00,002,0064,96 ,898,8,906,1233,0,2,1,2,0,1,0,0.00,73.48 ,50
03,002,00,002,0065,97 ,808,6,814,1045,0,2,1,2,0,1,0,0.00,77.89 ,50
03,002,00,002,0065,98 ,789,6,795,1044,0,2,1,2,0,1,0,0.00,76.15 ,50
03,002,00,003,0066,99 ,885,9,894,1225,0,2,1,2,0,1,0,0.00,72.98 ,50
03,002,00,003,0066,100 ,1155,8,1163,1588,0,2,1,2,0,1,0,0.00,73.24 ,50
03,002,00,003,0067,101 ,532,4,536,691,0,2,1,2,0,1,0,0.00,77.57 ,50
03,002,00,003,0068,102 ,968,10,978,1305,0,2,1,2,0,1,0,0.00,74.94 ,50
03,002,00,003,0068,103 ,970,8,978,1259,0,2,1,2,0,1,0,0.00,77.68 ,50
03,002,00,003,0069,104 ,482,4,486,633,0,2,1,2,0,1,0,0.00,76.78 ,50
03,002,00,003,0069,105 ,340,2,342,444,0,2,1,2,0,1,0,0.00,77.03 ,50
03,002,00,003,0070,106 ,644,7,651,906,0,2,1,2,0,1,0,0.00,71.85 ,50
03,002,00,003,0070,107 ,338,4,342,456,0,2,1,2,0,1,0,0.00,75.00 ,50
03,002,00,003,0071,108 ,224,5,229,385,0,2,1,2,0,1,0,0.00,59.48 ,50
03,002,00,003,0072,109 ,755,8,763,981,0,2,1,2,0,1,0,0.00,77.78 ,50
03,002,00,003,0072,110 ,672,6,678,945,0,2,1,2,0,1,0,0.00,71.75 ,50
03,002,00,003,0073,111 ,775,10,785,1031,0,2,1,2,0,1,0,0.00,76.14 ,50
03,002,00,003,0074,112 ,1002,6,1008,1387,0,2,1,2,0,1,0,0.00,72.67 ,50
03,002,00,003,0074,113 ,1050,3,1053,1387,0,2,1,2,0,1,0,0.00,75.92 ,50
03,002,00,003,0074,114 ,1214,10,1224,1698,0,2,1,2,0,1,0,0.00,72.08 ,50
03,002,00,003,0075,115 ,810,7,817,1094,0,2,1,2,0,1,0,0.00,74.68 ,50
03,002,00,003,0075,116 ,836,4,840,1127,0,2,1,2,0,1,0,0.00,74.53 ,50
03,002,00,003,0076,117 ,978,5,983,1306,0,2,1,2,0,1,0,0.00,75.27 ,50
03,002,00,003,0077,118 ,466,3,469,632,0,2,1,2,0,1,0,0.00,74.21 ,50
03,002,00,003,0078,119 ,417,5,422,623,0,2,1,2,0,1,0,0.00,67.74 ,50
03,002,00,003,0079,120 ,507,6,513,681,0,2,1,2,0,1,0,0.00,75.33 ,50
03,002,00,003,0080,121 ,534,10,544,694,0,2,1,2,0,1,0,0.00,78.39 ,50
03,002,00,003,0081,122 ,482,5,487,710,0,2,1,2,0,1,0,0.00,68.59 ,50
03,002,00,003,0082,123 ,423,4,427,571,0,2,1,2,0,1,0,0.00,74.78 ,50
03,002,00,003,0083,124 ,845,6,851,1195,0,2,1,2,0,1,0,0.00,71.21 ,50
03,002,00,003,0084,125 ,807,8,815,1189,0,2,1,2,0,1,0,0.00,68.54 ,50
03,002,00,003,0085,126 ,918,15,933,1364,0,2,1,2,0,1,0,0.00,68.40 ,50
03,002,00,003,0086,127 ,648,5,653,932,0,2,1,2,0,1,0,0.00,70.06 ,50
03,002,00,003,0086,128 ,560,7,567,815,0,2,1,2,0,1,0,0.00,69.57 ,50
03,002,00,003,0087,129 ,859,6,865,1248,0,2,1,2,0,1,0,0.00,69.31 ,50
03,002,00,003,0088,130 ,931,6,937,1359,0,2,1,2,0,1,0,0.00,68.95 ,50
03,002,00,003,0089,131 ,254,4,258,364,0,2,1,2,0,1,0,0.00,70.88 ,50
03,002,00,003,0090,132 ,624,7,631,926,0,2,1,2,0,1,0,0.00,68.14 ,50
03,002,00,003,0091,133 ,334,4,338,545,0,2,1,2,0,1,0,0.00,62.02 ,50
03,002,00,003,0091,134 ,180,2,182,288,0,2,1,2,0,1,0,0.00,63.19 ,50
03,002,00,004,0092,135 ,281,1,282,409,0,2,1,2,0,1,0,0.00,68.95 ,50
03,002,00,004,0093,136 ,438,4,442,697,0,2,1,2,0,1,0,0.00,63.41 ,50
03,002,00,004,0094,137 ,973,6,979,1520,0,2,1,2,0,1,0,0.00,64.41 ,50
03,002,00,004,0095,138 ,297,1,298,436,0,2,1,2,0,1,0,0.00,68.35 ,50
03,002,00,004,0096,139 ,909,9,918,1327,0,2,1,2,0,1,0,0.00,69.18 ,50
03,002,00,004,0097,140 ,621,8,629,877,0,2,1,2,0,1,0,0.00,71.72 ,50
03,002,00,004,0098,141 ,454,4,458,619,0,2,1,2,0,1,0,0.00,73.99 ,50
03,002,00,004,0099,142 ,1010,9,1019,1321,0,2,1,2,0,1,0,0.00,77.14 ,50
03,002,00,004,0100,143 ,781,14,795,1123,0,2,1,2,0,1,0,0.00,70.79 ,50
03,002,00,004,0101,144 ,594,3,597,770,0,2,1,2,0,1,0,0.00,77.53 ,50
03,002,00,004,0102,145 ,468,4,472,651,0,2,1,2,0,1,0,0.00,72.50 ,50
03,002,00,004,0103,146 ,569,2,571,712,0,2,1,2,0,1,0,0.00,80.20 ,50
03,002,00,004,0104,147 ,469,3,472,624,0,2,1,2,0,1,0,0.00,75.64 ,50
03,002,00,004,0105,148 ,641,5,646,914,0,2,1,2,0,1,0,0.00,70.68 ,50
03,002,00,004,0105,149 ,699,5,704,934,0,2,1,2,0,1,0,0.00,75.37 ,50
03,002,00,004,0106,150 ,1272,9,1281,1707,0,2,1,2,0,1,0,0.00,75.04 ,50
03,002,00,004,0107,151 ,899,8,907,1182,0,2,1,2,0,1,0,0.00,76.73 ,50
03,002,00,004,0108,152 ,733,9,742,978,0,2,1,2,0,1,0,0.00,75.87 ,50
03,002,00,004,0109,153 ,1147,10,1157,1560,0,2,1,2,0,1,0,0.00,74.17 ,50
03,002,00,004,0110,154 ,503,8,511,731,0,2,1,2,0,1,0,0.00,69.90 ,50
03,002,00,004,0111,155 ,1007,7,1014,1306,0,2,1,2,0,1,0,0.00,77.64 ,50
03,002,00,004,0112,156 ,692,2,694,939,0,2,1,2,0,1,0,0.00,73.91 ,50
03,002,00,004,0113,157 ,695,2,697,927,0,2,1,2,0,1,0,0.00,75.19 ,50
03,002,00,004,0114,158 ,796,5,801,1078,0,2,1,2,0,1,0,0.00,74.30 ,50
03,002,00,005,0115,159 ,1005,10,1015,1405,0,2,1,2,0,1,0,0.00,72.24 ,50
03,002,00,005,0116,160 ,1231,6,1237,1636,0,2,1,2,0,1,0,0.00,75.61 ,50
03,002,00,005,0117,161 ,1242,7,1249,1692,0,2,1,2,0,1,0,0.00,73.82 ,50
03,002,00,005,0117,162 ,1136,9,1145,1575,0,2,1,2,0,1,0,0.00,72.70 ,50
03,002,00,005,0118,163 ,878,7,885,1176,0,2,1,2,0,1,0,0.00,75.26 ,50
03,002,00,005,0118,164 ,612,4,616,785,0,2,1,2,0,1,0,0.00,78.47 ,50
03,002,00,005,0119,165 ,518,5,523,675,0,2,1,2,0,1,0,0.00,77.48 ,50
03,002,00,005,0120,166 ,1057,9,1066,1355,0,2,1,2,0,1,0,0.00,78.67 ,50
03,002,00,005,0121,167 ,822,11,833,1124,0,2,1,2,0,1,0,0.00,74.11 ,50
03,002,00,005,0122,168 ,899,6,905,1251,0,2,1,2,0,1,0,0.00,72.34 ,50
03,002,00,005,0123,169 ,568,10,578,801,0,2,1,2,0,1,0,0.00,72.16 ,50
03,002,00,005,0123,170 ,656,9,665,892,0,2,1,2,0,1,0,0.00,74.55 ,50
03,002,00,005,0124,171 ,965,11,976,1309,0,2,1,2,0,1,0,0.00,74.56 ,50
03,002,00,005,0124,172 ,641,9,650,858,0,2,1,2,0,1,0,0.00,75.76 ,50
03,002,00,005,0125,173 ,771,4,775,1041,0,2,1,2,0,1,0,0.00,74.45 ,50
03,002,00,005,0126,174 ,476,6,482,658,0,2,1,2,0,1,0,0.00,73.25 ,50
03,002,00,005,0127,175 ,652,10,662,884,0,2,1,2,0,1,0,0.00,74.89 ,50
03,002,00,005,0128,176 ,769,8,777,1061,0,2,1,2,0,1,0,0.00,73.23 ,50
03,002,00,005,0129,177 ,712,3,715,919,0,2,1,2,0,1,0,0.00,77.80 ,50
03,002,00,005,0129,178 ,846,11,857,1124,0,2,1,2,0,1,0,0.00,76.25 ,50
03,002,00,005,0130,179 ,968,12,980,1279,0,2,1,2,0,1,0,0.00,76.62 ,50
03,002,00,005,0130,180 ,941,5,946,1270,0,2,1,2,0,1,0,0.00,74.49 ,50
03,002,00,005,0131,181 ,652,9,661,898,0,2,1,2,0,1,0,0.00,73.61 ,50
03,002,00,005,0132,182 ,275,1,276,385,0,2,1,2,0,1,0,0.00,71.69 ,50
03,002,00,006,0133,183 ,938,4,942,1273,0,2,1,2,0,1,0,0.00,74.00 ,50
03,002,00,006,0133,184 ,846,4,850,1174,0,2,1,2,0,1,0,0.00,72.40 ,50
03,002,00,006,0134,185 ,1041,9,1050,1453,0,2,1,2,0,1,0,0.00,72.26 ,50
03,002,00,006,0135,186 ,592,7,599,830,0,2,1,2,0,1,0,0.00,72.17 ,50
03,002,00,006,0136,187 ,687,1,688,990,0,2,1,2,0,1,0,0.00,69.49 ,50
03,002,00,006,0137,188 ,1125,10,1135,1548,0,2,1,2,0,1,0,0.00,73.32 ,50
03,002,00,006,0138,189 ,984,8,992,1427,0,2,1,2,0,1,0,0.00,69.52 ,50
03,002,00,006,0139,190 ,534,7,541,820,0,2,1,2,0,1,0,0.00,65.98 ,50
03,002,00,006,0140,191 ,547,1,548,727,0,2,1,2,0,1,0,0.00,75.38 ,50
03,002,00,006,0140,192 ,778,5,783,1013,0,2,1,2,0,1,0,0.00,77.30 ,50
03,002,00,006,0141,193 ,818,8,826,1170,0,2,1,2,0,1,0,0.00,70.60 ,50
03,002,00,006,0142,194 ,730,2,732,951,0,2,1,2,0,1,0,0.00,76.97 ,50
03,002,00,006,0143,195 ,692,10,702,947,0,2,1,2,0,1,0,0.00,74.13 ,50
03,002,00,006,0143,196 ,613,3,616,817,0,2,1,2,0,1,0,0.00,75.40 ,50
03,002,00,006,0144,197 ,743,9,752,1090,0,2,1,2,0,1,0,0.00,68.99 ,50
03,002,00,006,0145,198 ,1103,7,1110,1503,0,2,1,2,0,1,0,0.00,73.85 ,50
03,002,00,007,0146,199 ,808,6,814,1077,0,2,1,2,0,1,0,0.00,75.58 ,50
03,002,00,007,0146,200 ,898,5,903,1267,0,2,1,2,0,1,0,0.00,71.27 ,50
03,002,00,007,0146,201 ,913,9,922,1287,0,2,1,2,0,1,0,0.00,71.64 ,50
03,002,00,007,0147,202 ,1196,15,1211,1755,0,2,1,2,0,1,0,0.00,69.00 ,50
03,002,00,007,0148,203 ,804,7,811,1114,0,2,1,2,0,1,0,0.00,72.80 ,50
03,002,00,007,0149,204 ,662,4,666,960,0,2,1,2,0,1,0,0.00,69.38 ,50
03,002,00,007,0150,205 ,884,9,893,1277,0,2,1,2,0,1,0,0.00,69.93 ,50
03,002,00,007,0151,206 ,734,13,747,1075,0,2,1,2,0,1,0,0.00,69.49 ,50
03,002,00,007,0152,207 ,684,8,692,952,0,2,1,2,0,1,0,0.00,72.69 ,50
03,002,00,007,0152,208 ,392,8,400,529,0,2,1,2,0,1,0,0.00,75.61 ,50
03,002,00,007,0153,209 ,304,0,304,452,0,2,1,2,0,1,0,0.00,67.26 ,50
03,002,00,007,0153,210 ,203,0,203,303,0,2,1,2,0,1,0,0.00,67.00 ,50
03,002,00,007,0154,211 ,1116,11,1127,1513,0,2,1,2,0,1,0,0.00,74.49 ,50
03,002,00,007,0155,212 ,738,8,746,1021,0,2,1,2,0,1,0,0.00,73.07 ,50
03,002,00,007,0156,213 ,1108,9,1117,1478,0,2,1,2,0,1,0,0.00,75.58 ,50
03,002,00,007,0156,214 ,369,8,377,525,0,2,1,2,0,1,0,0.00,71.81 ,50
03,002,00,007,0157,215 ,961,8,969,1267,0,2,1,2,0,1,0,0.00,76.48 ,50
03,002,00,007,0157,216 ,718,9,727,961,0,2,1,2,0,1,0,0.00,75.65 ,50
03,002,00,007,0158,217 ,554,4,558,844,0,2,1,2,0,1,0,0.00,66.11 ,50
03,002,00,007,0159,218 ,579,10,589,830,0,2,1,2,0,1,0,0.00,70.96 ,50
03,002,00,007,0160,219 ,699,8,707,982,0,2,1,2,0,1,0,0.00,72.00 ,50
03,002,00,007,0161,220 ,1057,14,1071,1565,0,2,1,2,0,1,0,0.00,68.43 ,50
03,002,00,008,0162,221 ,738,8,746,1038,0,2,1,2,0,1,0,0.00,71.87 ,50
03,002,00,008,0163,222 ,814,9,823,1104,0,2,1,2,0,1,0,0.00,74.55 ,50
03,002,00,008,0164,223 ,686,2,688,907,0,2,1,2,0,1,0,0.00,75.85 ,50
03,002,00,008,0165,224 ,557,5,562,782,0,2,1,2,0,1,0,0.00,71.87 ,50
03,002,00,008,0166,225 ,684,10,694,911,0,2,1,2,0,1,0,0.00,76.18 ,50
03,002,00,008,0167,226 ,801,8,809,1140,0,2,1,2,0,1,0,0.00,70.96 ,50
03,002,00,008,0168,227 ,675,8,683,865,0,2,1,2,0,1,0,0.00,78.96 ,50
03,002,00,008,0168,228 ,612,4,616,825,0,2,1,2,0,1,0,0.00,74.67 ,50
03,002,00,008,0169,229 ,639,3,642,826,0,2,1,2,0,1,0,0.00,77.72 ,50
03,002,00,008,0169,230 ,644,3,647,871,0,2,1,2,0,1,0,0.00,74.28 ,50
03,002,00,008,0170,231 ,637,3,640,858,0,2,1,2,0,1,0,0.00,74.59 ,50
03,002,00,008,0171,232 ,508,5,513,680,0,2,1,2,0,1,0,0.00,75.44 ,50
03,002,00,008,0172,233 ,917,8,925,1259,0,2,1,2,0,1,0,0.00,73.47 ,50
03,002,00,008,0173,234 ,579,5,584,786,0,2,1,2,0,1,0,0.00,74.30 ,50
03,002,00,008,0174,235 ,890,10,900,1202,0,2,1,2,0,1,0,0.00,74.88 ,50
03,002,00,008,0175,236 ,318,5,323,416,0,2,1,2,0,1,0,0.00,77.64 ,50
03,002,00,008,0176,237 ,914,5,919,1233,0,2,1,2,0,1,0,0.00,74.53 ,50
03,002,00,008,0176,238 ,936,9,945,1293,0,2,1,2,0,1,0,0.00,73.09 ,50
03,002,00,008,0176,239 ,933,7,940,1304,0,2,1,2,0,1,0,0.00,72.09 ,50
03,002,00,008,0177,240 ,695,4,699,947,0,2,1,2,0,1,0,0.00,73.81 ,50
03,002,00,008,0177,241 ,694,9,703,951,0,2,1,2,0,1,0,0.00,73.92 ,50
03,002,00,008,0178,242 ,854,7,861,1120,0,2,1,2,0,1,0,0.00,76.88 ,50
03,002,00,008,0178,243 ,823,7,830,1143,0,2,1,2,0,1,0,0.00,72.62 ,50
03,002,00,008,0178,244 ,849,8,857,1150,0,2,1,2,0,1,0,0.00,74.52 ,50
03,002,00,008,0178,245 ,846,4,850,1132,0,2,1,2,0,1,0,0.00,75.09 ,50
03,002,00,008,0179,246 ,921,10,931,1246,0,2,1,2,0,1,0,0.00,74.72 ,50
03,002,00,008,0179,247 ,1003,5,1008,1306,0,2,1,2,0,1,0,0.00,77.18 ,50
03,002,00,008,0180,248 ,654,6,660,924,0,2,1,2,0,1,0,0.00,71.43 ,50
03,002,00,008,0180,249 ,833,5,838,1160,0,2,1,2,0,1,0,0.00,72.24 ,50
03,002,00,008,0181,250 ,738,19,757,1029,0,2,1,2,0,1,0,0.00,73.57 ,50
03,002,00,008,0182,251 ,749,6,755,1006,0,2,1,2,0,1,0,0.00,75.05 ,50
03,002,00,008,0182,252 ,746,12,758,1051,0,2,1,2,0,1,0,0.00,72.12 ,50
03,002,00,008,0183,253 ,836,3,839,1104,0,2,1,2,0,1,0,0.00,76.00 ,50
03,002,00,008,0184,254 ,590,9,599,821,0,2,1,2,0,1,0,0.00,72.96 ,50
03,002,00,008,0185,255 ,552,7,559,782,0,2,1,2,0,1,0,0.00,71.48 ,50
03,002,00,009,0186,256 ,1169,8,1177,1609,0,2,1,2,0,1,0,0.00,73.15 ,50
03,002,00,009,0187,257 ,1075,4,1079,1380,0,2,1,2,0,1,0,0.00,78.19 ,50
03,002,00,009,0188,258 ,704,10,714,927,0,2,1,2,0,1,0,0.00,77.02 ,50
03,002,00,009,0188,259 ,729,7,736,933,0,2,1,2,0,1,0,0.00,78.89 ,50
03,002,00,009,0189,260 ,1077,9,1086,1470,0,2,1,2,0,1,0,0.00,73.88 ,50
03,002,00,009,0190,261 ,653,8,661,883,0,2,1,2,0,1,0,0.00,74.86 ,50
03,002,00,009,0191,262 ,736,12,748,1008,0,2,1,2,0,1,0,0.00,74.21 ,50
03,002,00,009,0191,263 ,835,8,843,1102,0,2,1,2,0,1,0,0.00,76.50 ,50
03,002,00,009,0192,264 ,1158,12,1170,1515,0,2,1,2,0,1,0,0.00,77.23 ,50
03,002,00,009,0193,265 ,1038,12,1050,1364,0,2,1,2,0,1,0,0.00,76.98 ,50
03,002,00,009,0193,266 ,742,4,746,1039,0,2,1,2,0,1,0,0.00,71.80 ,50
03,002,00,009,0194,267 ,1064,7,1071,1396,0,2,1,2,0,1,0,0.00,76.72 ,50
03,002,00,009,0194,268 ,817,8,825,1100,0,2,1,2,0,1,0,0.00,75.00 ,50
03,002,00,009,0195,269 ,936,10,946,1245,0,2,1,2,0,1,0,0.00,75.98 ,50
03,002,00,009,0195,270 ,539,4,543,723,0,2,1,2,0,1,0,0.00,75.10 ,50
03,002,00,009,0196,271 ,909,5,914,1239,0,2,1,2,0,1,0,0.00,73.77 ,50
03,002,00,009,0197,272 ,1031,55,1086,1460,0,2,1,2,0,1,0,0.00,74.38 ,50
03,002,00,009,0198,273 ,749,17,766,1020,0,2,1,2,0,1,0,0.00,75.10 ,50
03,002,00,009,0198,274 ,702,6,708,1006,0,2,1,2,0,1,0,0.00,70.38 ,50
03,002,00,009,0199,275 ,1130,9,1139,1548,0,2,1,2,0,1,0,0.00,73.58 ,50
03,002,00,009,0199,276 ,467,3,470,693,0,2,1,2,0,1,0,0.00,67.82 ,50
03,002,00,009,0200,277 ,820,7,827,1162,0,2,1,2,0,1,0,0.00,71.17 ,50
03,002,00,009,0200,278 ,543,5,548,754,0,2,1,2,0,1,0,0.00,72.68 ,50
03,002,00,010,0201,279 ,175,4,179,244,0,2,1,2,0,1,0,0.00,73.36 ,50
03,002,00,010,0202,280 ,458,5,463,664,0,2,1,2,0,1,0,0.00,69.73 ,50
03,002,00,010,0203,281 ,581,8,589,869,0,2,1,2,0,1,0,0.00,67.78 ,50
03,002,00,010,0204,282 ,454,4,458,678,0,2,1,2,0,1,0,0.00,67.55 ,50
03,002,00,010,0205,283 ,333,0,333,486,0,2,1,2,0,1,0,0.00,68.52 ,50
03,002,00,010,0206,284 ,862,6,868,1205,0,2,1,2,0,1,0,0.00,72.03 ,50
03,002,00,010,0207,285 ,790,9,799,1124,0,2,1,2,0,1,0,0.00,71.09 ,50
03,002,00,010,0208,286 ,603,5,608,847,0,2,1,2,0,1,0,0.00,71.78 ,50
03,002,00,010,0209,287 ,729,3,732,1156,0,2,1,2,0,1,0,0.00,63.32 ,50
03,002,00,010,0210,288 ,921,9,930,1240,0,2,1,2,0,1,0,0.00,75.00 ,50
03,002,00,010,0210,289 ,973,18,991,1398,0,2,1,2,0,1,0,0.00,70.89 ,50
03,002,00,010,0211,290 ,459,4,463,668,0,2,1,2,0,1,0,0.00,69.31 ,50
03,002,00,010,0212,291 ,380,4,384,560,0,2,1,2,0,1,0,0.00,68.57 ,50
03,002,00,010,0213,292 ,319,4,323,475,0,2,1,2,0,1,0,0.00,68.00 ,50
03,002,00,010,0214,293 ,428,3,431,665,0,2,1,2,0,1,0,0.00,64.81 ,50
03,002,00,010,0215,294 ,751,12,763,1051,0,2,1,2,0,1,0,0.00,72.60 ,50
03,002,00,010,0216,295 ,520,6,526,788,0,2,1,2,0,1,0,0.00,66.75 ,50
03,002,00,010,0217,296 ,904,10,914,1236,0,2,1,2,0,1,0,0.00,73.95 ,50
03,002,00,010,0218,297 ,762,14,776,1097,0,2,1,2,0,1,0,0.00,70.74 ,50
03,002,00,011,0219,298 ,431,6,437,645,0,2,1,2,0,1,0,0.00,67.75 ,50
03,002,00,011,0220,299 ,282,3,285,412,0,2,1,2,0,1,0,0.00,69.17 ,50
03,002,00,011,0221,300 ,355,5,360,494,0,2,1,2,0,1,0,0.00,72.87 ,50
03,002,00,011,0222,301 ,194,2,196,271,0,2,1,2,0,1,0,0.00,72.32 ,50
03,002,00,011,0223,302 ,179,3,182,280,0,2,1,2,0,1,0,0.00,65.00 ,50
03,002,00,011,0224,303 ,201,3,204,300,0,2,1,2,0,1,0,0.00,68.00 ,50
03,002,00,011,0225,304 ,46,0,46,62,0,2,1,2,0,1,0,0.00,74.19 ,50
03,002,00,011,0226,305 ,113,1,114,153,0,2,1,2,0,1,0,0.00,74.51 ,50
03,002,00,011,0227,306 ,429,9,438,580,0,2,1,2,0,1,0,0.00,75.52 ,50
03,002,00,011,0228,307 ,340,9,349,484,0,2,1,2,0,1,0,0.00,72.11 ,50
03,002,00,012,0229,308 ,277,0,277,347,0,2,1,2,0,1,0,0.00,79.83 ,50
03,002,00,012,0230,309 ,719,8,727,1021,0,2,1,2,0,1,0,0.00,71.20 ,50
03,002,00,012,0231,310 ,464,7,471,684,0,2,1,2,0,1,0,0.00,68.86 ,50
03,002,00,012,0232,311 ,228,5,233,297,0,2,1,2,0,1,0,0.00,78.45 ,50
03,002,00,012,0233,312 ,279,5,284,407,0,2,1,2,0,1,0,0.00,69.78 ,50
03,002,00,012,0234,313 ,233,23,256,382,0,2,1,2,0,1,0,0.00,67.02 ,50
03,002,00,012,0235,314 ,389,4,393,594,0,2,1,2,0,1,0,0.00,66.16 ,50
03,003,00,001,0001,1 ,1127,11,1138,1523,0,2,1,2,0,1,0,0.00,74.72 ,50
03,003,00,001,0002,2 ,1091,12,1103,1400,0,2,1,2,0,1,0,0.00,78.79 ,50
03,003,00,001,0003,3 ,731,4,735,945,0,2,1,2,0,1,0,0.00,77.78 ,50
03,003,00,001,0003,4 ,963,9,972,1267,0,2,1,2,0,1,0,0.00,76.72 ,50
03,003,00,001,0004,5 ,809,8,817,1009,0,2,1,2,0,1,0,0.00,80.97 ,50
03,003,00,001,0004,6 ,671,5,676,926,0,2,1,2,0,1,0,0.00,73.00 ,50
03,003,00,001,0005,7 ,793,10,803,1010,0,2,1,2,0,1,0,0.00,79.50 ,50
03,003,00,001,0006,8 ,1031,11,1042,1379,0,2,1,2,0,1,0,0.00,75.56 ,50
03,003,00,001,0006,9 ,1193,12,1205,1510,0,2,1,2,0,1,0,0.00,79.80 ,50
03,003,00,001,0007,10 ,996,9,1005,1267,0,2,1,2,0,1,0,0.00,79.32 ,50
03,003,00,001,0007,11 ,963,6,969,1251,0,2,1,2,0,1,0,0.00,77.46 ,50
03,003,00,001,0007,12 ,819,5,824,1090,0,2,1,2,0,1,0,0.00,75.60 ,50
03,003,00,001,0008,13 ,1064,13,1077,1388,0,2,1,2,0,1,0,0.00,77.59 ,50
03,003,00,001,0008,14 ,1000,7,1007,1292,0,2,1,2,0,1,0,0.00,77.94 ,50
03,003,00,001,0008,15 ,917,8,925,1221,0,2,1,2,0,1,0,0.00,75.76 ,50
03,003,00,001,0009,16 ,1103,13,1116,1436,0,2,1,2,0,1,0,0.00,77.72 ,50
03,003,00,001,0009,17 ,1142,9,1151,1448,0,2,1,2,0,1,0,0.00,79.49 ,50
03,003,00,001,0009,18 ,1427,12,1439,1802,0,2,1,2,0,1,0,0.00,79.86 ,50
03,003,00,001,0010,19 ,1024,8,1032,1255,0,2,1,2,0,1,0,0.00,82.23 ,50
03,003,00,001,0010,20 ,1184,20,1204,1474,0,2,1,2,0,1,0,0.00,81.68 ,50
03,003,00,001,0010,21 ,1051,11,1062,1323,0,2,1,2,0,1,0,0.00,80.27 ,50
03,003,00,001,0011,22 ,1105,5,1110,1388,0,2,1,2,0,1,0,0.00,79.97 ,50
03,003,00,001,0011,23 ,1242,11,1253,1542,0,2,1,2,0,1,0,0.00,81.26 ,50
03,003,00,001,0012,24 ,750,6,756,927,0,2,1,2,0,1,0,0.00,81.55 ,50
03,003,00,001,0012,25 ,1325,13,1338,1762,0,2,1,2,0,1,0,0.00,75.94 ,50
03,003,00,001,0012,26 ,1246,18,1264,1595,0,2,1,2,0,1,0,0.00,79.25 ,50
03,003,00,001,0013,27 ,647,5,652,870,0,2,1,2,0,1,0,0.00,74.94 ,50
03,003,00,001,0014,28 ,1143,8,1151,1486,0,2,1,2,0,1,0,0.00,77.46 ,50
03,003,00,001,0015,29 ,916,13,929,1160,0,2,1,2,0,1,0,0.00,80.09 ,50
03,003,00,001,0016,30 ,670,4,674,830,0,2,1,2,0,1,0,0.00,81.20 ,50
03,003,00,001,0016,31 ,872,3,875,1148,0,2,1,2,0,1,0,0.00,76.22 ,50
03,003,00,001,0016,32 ,844,9,853,1111,0,2,1,2,0,1,0,0.00,76.78 ,50
03,003,00,001,0016,33 ,820,10,830,1060,0,2,1,2,0,1,0,0.00,78.30 ,50
03,003,00,001,0017,34 ,1168,14,1182,1491,0,2,1,2,0,1,0,0.00,79.28 ,50
03,003,00,001,0018,35 ,1270,15,1285,1649,0,2,1,2,0,1,0,0.00,77.93 ,50
03,003,00,001,0018,36 ,1319,8,1327,1769,0,2,1,2,0,1,0,0.00,75.01 ,50
03,003,00,001,0018,37 ,1041,12,1053,1328,0,2,1,2,0,1,0,0.00,79.29 ,50
03,003,00,001,0019,38 ,1139,10,1149,1517,0,2,1,2,0,1,0,0.00,75.74 ,50
03,003,00,001,0019,39 ,874,9,883,1141,0,2,1,2,0,1,0,0.00,77.39 ,50
03,003,00,001,0019,40 ,1037,10,1047,1322,0,2,1,2,0,1,0,0.00,79.20 ,50
03,003,00,001,0019,41 ,1013,9,1022,1407,0,2,1,2,0,1,0,0.00,72.64 ,50
03,003,00,001,0019,42 ,1234,14,1248,1580,0,2,1,2,0,1,0,0.00,78.99 ,50
03,003,00,001,0020,43 ,790,13,803,1030,0,2,1,2,0,1,0,0.00,77.96 ,50
03,003,00,001,0020,44 ,868,8,876,1076,0,2,1,2,0,1,0,0.00,81.41 ,50
03,003,00,001,0020,45 ,911,12,923,1129,0,2,1,2,0,1,0,0.00,81.75 ,50
03,003,00,001,0021,46 ,920,12,932,1202,0,2,1,2,0,1,0,0.00,77.54 ,50
03,003,00,001,0021,47 ,1167,16,1183,1517,0,2,1,2,0,1,0,0.00,77.98 ,50
03,003,00,001,0021,48 ,1035,17,1052,1382,0,2,1,2,0,1,0,0.00,76.12 ,50
03,003,00,001,0022,49 ,1040,15,1055,1367,0,2,1,2,0,1,0,0.00,77.18 ,50
03,003,00,001,0022,50 ,1007,6,1013,1269,0,2,1,2,0,1,0,0.00,79.83 ,50
03,003,00,001,0023,51 ,996,7,1003,1374,0,2,1,2,0,1,0,0.00,73.00 ,50
03,003,00,001,0023,52 ,1007,5,1012,1254,0,2,1,2,0,1,0,0.00,80.70 ,50
03,003,00,001,0024,53 ,950,12,962,1226,0,2,1,2,0,1,0,0.00,78.47 ,50
03,003,00,001,0024,54 ,933,13,946,1229,0,2,1,2,0,1,0,0.00,76.97 ,50
03,003,00,001,0024,55 ,1035,14,1049,1340,0,2,1,2,0,1,0,0.00,78.28 ,50
03,003,00,001,0025,56 ,643,3,646,809,0,2,1,2,0,1,0,0.00,79.85 ,50
03,003,00,001,0025,57 ,1002,6,1008,1262,0,2,1,2,0,1,0,0.00,79.87 ,50
03,003,00,001,0025,58 ,444,4,448,610,0,2,1,2,0,1,0,0.00,73.44 ,50
03,003,00,001,0026,59 ,1165,13,1178,1474,0,2,1,2,0,1,0,0.00,79.92 ,50
03,003,00,001,0026,60 ,1135,12,1147,1498,0,2,1,2,0,1,0,0.00,76.57 ,50
03,003,00,001,0026,61 ,1058,7,1065,1348,0,2,1,2,0,1,0,0.00,79.01 ,50
03,003,00,001,0027,62 ,1141,14,1155,1458,0,2,1,2,0,1,0,0.00,79.22 ,50
03,003,00,001,0027,63 ,1131,6,1137,1471,0,2,1,2,0,1,0,0.00,77.29 ,50
03,003,00,001,0027,64 ,1102,9,1111,1406,0,2,1,2,0,1,0,0.00,79.02 ,50
03,003,00,001,0028,65 ,1045,8,1053,1444,0,2,1,2,0,1,0,0.00,72.92 ,50
03,003,00,001,0028,66 ,1205,12,1217,1613,0,2,1,2,0,1,0,0.00,75.45 ,50
03,003,00,001,0028,67 ,979,5,984,1193,0,2,1,2,0,1,0,0.00,82.48 ,50
03,003,00,001,0028,68 ,1021,13,1034,1329,0,2,1,2,0,1,0,0.00,77.80 ,50
03,003,00,001,0029,69 ,718,3,721,938,0,2,1,2,0,1,0,0.00,76.87 ,50
03,003,00,001,0029,70 ,749,13,762,959,0,2,1,2,0,1,0,0.00,79.46 ,50
03,003,00,001,0029,71 ,814,6,820,1027,0,2,1,2,0,1,0,0.00,79.84 ,50
03,003,00,001,0030,72 ,1363,22,1385,1762,0,2,1,2,0,1,0,0.00,78.60 ,50
03,003,00,001,0030,73 ,1169,19,1188,1541,0,2,1,2,0,1,0,0.00,77.09 ,50
03,003,00,001,0031,74 ,806,9,815,1093,0,2,1,2,0,1,0,0.00,74.57 ,50
03,003,00,001,0032,75 ,687,8,695,886,0,2,1,2,0,1,0,0.00,78.44 ,50
03,003,00,001,0032,76 ,759,9,768,988,0,2,1,2,0,1,0,0.00,77.73 ,50
03,003,00,001,0033,77 ,1119,10,1129,1512,0,2,1,2,0,1,0,0.00,74.67 ,50
03,003,00,001,0034,78 ,948,8,956,1205,0,2,1,2,0,1,0,0.00,79.34 ,50
03,003,00,001,0035,79 ,798,17,815,1061,0,2,1,2,0,1,0,0.00,76.81 ,50
03,003,00,001,0035,80 ,904,9,913,1237,0,2,1,2,0,1,0,0.00,73.81 ,50
03,003,00,001,0035,81 ,1038,14,1052,1304,0,2,1,2,0,1,0,0.00,80.67 ,50
03,003,00,001,0036,82 ,922,12,934,1218,0,2,1,2,0,1,0,0.00,76.68 ,50
03,003,00,001,0036,83 ,859,7,866,1118,0,2,1,2,0,1,0,0.00,77.46 ,50
03,003,00,001,0036,84 ,821,15,836,1119,0,2,1,2,0,1,0,0.00,74.71 ,50
03,003,00,001,0037,85 ,930,12,942,1207,0,2,1,2,0,1,0,0.00,78.04 ,50
03,003,00,001,0037,86 ,959,14,973,1270,0,2,1,2,0,1,0,0.00,76.61 ,50
03,003,00,001,0037,87 ,930,8,938,1211,0,2,1,2,0,1,0,0.00,77.46 ,50
03,003,00,001,0038,88 ,1197,11,1208,1558,0,2,1,2,0,1,0,0.00,77.54 ,50
03,003,00,001,0038,89 ,1156,10,1166,1458,0,2,1,2,0,1,0,0.00,79.97 ,50
03,003,00,001,0038,90 ,1437,14,1451,1874,0,2,1,2,0,1,0,0.00,77.43 ,50
03,003,00,001,0039,91 ,879,14,893,1053,0,2,1,2,0,1,0,0.00,84.81 ,50
03,003,00,001,0039,92 ,670,8,678,841,0,2,1,2,0,1,0,0.00,80.62 ,50
03,003,00,001,0040,93 ,1072,15,1087,1405,0,2,1,2,0,1,0,0.00,77.37 ,50
03,003,00,001,0040,94 ,1178,9,1187,1524,0,2,1,2,0,1,0,0.00,77.89 ,50
03,003,00,001,0040,95 ,1042,19,1061,1400,0,2,1,2,0,1,0,0.00,75.79 ,50
03,003,00,001,0040,96 ,648,14,662,818,0,2,1,2,0,1,0,0.00,80.93 ,50
03,003,00,001,0040,97 ,1026,12,1038,1424,0,2,1,2,0,1,0,0.00,72.89 ,50
03,003,00,001,0041,98 ,1305,16,1321,1713,0,2,1,2,0,1,0,0.00,77.12 ,50
03,003,00,001,0041,99 ,987,9,996,1281,0,2,1,2,0,1,0,0.00,77.75 ,50
03,003,00,001,0042,100 ,1005,10,1015,1299,0,2,1,2,0,1,0,0.00,78.14 ,50
03,003,00,001,0042,101 ,729,14,743,928,0,2,1,2,0,1,0,0.00,80.06 ,50
03,003,00,001,0042,102 ,735,9,744,927,0,2,1,2,0,1,0,0.00,80.26 ,50
03,003,00,001,0043,103 ,938,11,949,1194,0,2,1,2,0,1,0,0.00,79.48 ,50
03,003,00,001,0043,104 ,1162,25,1187,1557,0,2,1,2,0,1,0,0.00,76.24 ,50
03,003,00,001,0044,105 ,711,14,725,923,0,2,1,2,0,1,0,0.00,78.55 ,50
03,003,00,001,0044,106 ,1005,15,1020,1291,0,2,1,2,0,1,0,0.00,79.01 ,50
03,003,00,001,0044,107 ,1019,13,1032,1359,0,2,1,2,0,1,0,0.00,75.94 ,50
03,003,00,001,0045,108 ,801,17,818,1086,0,2,1,2,0,1,0,0.00,75.32 ,50
03,003,00,001,0045,109 ,982,10,992,1301,0,2,1,2,0,1,0,0.00,76.25 ,50
03,003,00,001,0045,110 ,963,10,973,1289,0,2,1,2,0,1,0,0.00,75.48 ,50
03,003,00,001,0046,111 ,1258,11,1269,1574,0,2,1,2,0,1,0,0.00,80.62 ,50
03,003,00,001,0047,112 ,1266,10,1276,1594,0,2,1,2,0,1,0,0.00,80.05 ,50
03,003,00,001,0048,113 ,1054,16,1070,1360,0,2,1,2,0,1,0,0.00,78.68 ,50
03,003,00,001,0048,114 ,912,8,920,1192,0,2,1,2,0,1,0,0.00,77.18 ,50
03,003,00,001,0048,115 ,1166,10,1176,1515,0,2,1,2,0,1,0,0.00,77.62 ,50
03,003,00,001,0049,116 ,1240,12,1252,1651,0,2,1,2,0,1,0,0.00,75.83 ,50
03,003,00,001,0050,117 ,1253,7,1260,1566,0,2,1,2,0,1,0,0.00,80.46 ,50
03,003,00,001,0050,118 ,1000,11,1011,1300,0,2,1,2,0,1,0,0.00,77.77 ,50
03,003,00,001,0051,119 ,1197,5,1202,1474,0,2,1,2,0,1,0,0.00,81.55 ,50
03,003,00,001,0051,120 ,1013,20,1033,1342,0,2,1,2,0,1,0,0.00,76.97 ,50
03,003,00,001,0052,121 ,1013,17,1030,1349,0,2,1,2,0,1,0,0.00,76.35 ,50
03,003,00,001,0052,122 ,1321,11,1332,1764,0,2,1,2,0,1,0,0.00,75.51 ,50
03,003,00,001,0052,123 ,1082,7,1089,1399,0,2,1,2,0,1,0,0.00,77.84 ,50
03,003,00,001,0053,124 ,766,10,776,1028,0,2,1,2,0,1,0,0.00,75.49 ,50
03,003,00,001,0053,125 ,1095,18,1113,1423,0,2,1,2,0,1,0,0.00,78.22 ,50
03,003,00,001,0053,126 ,925,14,939,1245,0,2,1,2,0,1,0,0.00,75.42 ,50
03,003,00,001,0054,127 ,949,15,964,1217,0,2,1,2,0,1,0,0.00,79.21 ,50
03,003,00,001,0054,128 ,1009,12,1021,1300,0,2,1,2,0,1,0,0.00,78.54 ,50
03,003,00,001,0055,129 ,1285,23,1308,1747,0,2,1,2,0,1,0,0.00,74.87 ,50
03,003,00,001,0055,130 ,829,15,844,1080,0,2,1,2,0,1,0,0.00,78.15 ,50
03,003,00,001,0056,131 ,1052,13,1065,1377,0,2,1,2,0,1,0,0.00,77.34 ,50
03,003,00,001,0056,132 ,1083,19,1102,1419,0,2,1,2,0,1,0,0.00,77.66 ,50
03,003,00,002,0057,133 ,1601,30,1631,2186,0,2,1,2,0,1,0,0.00,74.61 ,50
03,003,00,002,0057,134 ,1507,24,1531,1966,0,2,1,2,0,1,0,0.00,77.87 ,50
03,003,00,002,0057,135 ,1142,14,1156,1507,0,2,1,2,0,1,0,0.00,76.71 ,50
03,003,00,002,0057,136 ,1349,12,1361,1774,0,2,1,2,0,1,0,0.00,76.72 ,50
03,003,00,002,0058,137 ,1220,14,1234,1571,0,2,1,2,0,1,0,0.00,78.55 ,50
03,003,00,002,0058,138 ,1095,11,1106,1417,0,2,1,2,0,1,0,0.00,78.05 ,50
03,003,00,002,0058,139 ,1116,10,1126,1418,0,2,1,2,0,1,0,0.00,79.41 ,50
03,003,00,002,0058,140 ,1049,15,1064,1345,0,2,1,2,0,1,0,0.00,79.11 ,50
03,003,00,002,0059,141 ,1349,16,1365,1695,0,2,1,2,0,1,0,0.00,80.53 ,50
03,003,00,002,0059,142 ,1322,25,1347,1670,0,2,1,2,0,1,0,0.00,80.66 ,50
03,003,00,002,0060,143 ,995,6,1001,1291,0,2,1,2,0,1,0,0.00,77.54 ,50
03,003,00,002,0060,144 ,1024,14,1038,1302,0,2,1,2,0,1,0,0.00,79.72 ,50
03,003,00,002,0060,145 ,1114,11,1125,1354,0,2,1,2,0,1,0,0.00,83.09 ,50
03,003,00,002,0061,146 ,1039,16,1055,1295,0,2,1,2,0,1,0,0.00,81.47 ,50
03,003,00,002,0061,147 ,892,14,906,1142,0,2,1,2,0,1,0,0.00,79.33 ,50
03,003,00,002,0061,148 ,998,12,1010,1271,0,2,1,2,0,1,0,0.00,79.46 ,50
03,003,00,002,0062,149 ,1109,18,1127,1451,0,2,1,2,0,1,0,0.00,77.67 ,50
03,003,00,002,0062,150 ,1153,11,1164,1454,0,2,1,2,0,1,0,0.00,80.06 ,50
03,003,00,002,0062,151 ,1020,7,1027,1263,0,2,1,2,0,1,0,0.00,81.31 ,50
03,003,00,002,0062,152 ,1010,14,1024,1274,0,2,1,2,0,1,0,0.00,80.38 ,50
03,003,00,002,0063,153 ,1011,6,1017,1297,0,2,1,2,0,1,0,0.00,78.41 ,50
03,003,00,002,0063,154 ,967,18,985,1276,0,2,1,2,0,1,0,0.00,77.19 ,50
03,003,00,002,0063,155 ,1341,16,1357,1723,0,2,1,2,0,1,0,0.00,78.76 ,50
03,003,00,002,0063,156 ,1032,5,1037,1276,0,2,1,2,0,1,0,0.00,81.27 ,50
03,003,00,002,0064,157 ,1170,14,1184,1550,0,2,1,2,0,1,0,0.00,76.39 ,50
03,003,00,002,0064,158 ,1230,17,1247,1593,0,2,1,2,0,1,0,0.00,78.28 ,50
03,003,00,002,0065,159 ,963,10,973,1209,0,2,1,2,0,1,0,0.00,80.48 ,50
03,003,00,002,0065,160 ,1004,11,1015,1317,0,2,1,2,0,1,0,0.00,77.07 ,50
03,003,00,002,0065,161 ,867,8,875,1164,0,2,1,2,0,1,0,0.00,75.17 ,50
03,003,00,002,0066,162 ,1056,21,1077,1366,0,2,1,2,0,1,0,0.00,78.84 ,50
03,003,00,002,0066,163 ,992,11,1003,1278,0,2,1,2,0,1,0,0.00,78.48 ,50
03,003,00,002,0066,164 ,961,11,972,1271,0,2,1,2,0,1,0,0.00,76.48 ,50
03,003,00,002,0066,165 ,976,4,980,1241,0,2,1,2,0,1,0,0.00,78.97 ,50
03,003,00,002,0067,166 ,1279,18,1297,1646,0,2,1,2,0,1,0,0.00,78.80 ,50
03,003,00,002,0067,167 ,827,10,837,1056,0,2,1,2,0,1,0,0.00,79.26 ,50
03,003,00,002,0067,168 ,828,7,835,1075,0,2,1,2,0,1,0,0.00,77.67 ,50
03,003,00,002,0068,169 ,964,11,975,1297,0,2,1,2,0,1,0,0.00,75.17 ,50
03,003,00,002,0068,170 ,757,9,766,1088,0,2,1,2,0,1,0,0.00,70.40 ,50
03,003,00,002,0068,171 ,902,7,909,1211,0,2,1,2,0,1,0,0.00,75.06 ,50
03,003,00,002,0068,172 ,760,10,770,1018,0,2,1,2,0,1,0,0.00,75.64 ,50
03,003,00,002,0068,173 ,1000,6,1006,1303,0,2,1,2,0,1,0,0.00,77.21 ,50
03,003,00,002,0068,174 ,934,12,946,1176,0,2,1,2,0,1,0,0.00,80.44 ,50
03,003,00,002,0069,175 ,996,12,1008,1356,0,2,1,2,0,1,0,0.00,74.34 ,50
03,003,00,002,0069,176 ,825,5,830,1049,0,2,1,2,0,1,0,0.00,79.12 ,50
03,003,00,002,0070,177 ,978,11,989,1277,0,2,1,2,0,1,0,0.00,77.45 ,50
03,003,00,002,0070,178 ,1201,15,1216,1556,0,2,1,2,0,1,0,0.00,78.15 ,50
03,003,00,002,0070,179 ,1131,8,1139,1431,0,2,1,2,0,1,0,0.00,79.59 ,50
03,003,00,002,0070,180 ,1049,15,1064,1356,0,2,1,2,0,1,0,0.00,78.47 ,50
03,003,00,002,0071,181 ,1077,14,1091,1431,0,2,1,2,0,1,0,0.00,76.24 ,50
03,003,00,002,0071,182 ,1068,11,1079,1372,0,2,1,2,0,1,0,0.00,78.64 ,50
03,003,00,002,0071,183 ,1108,18,1126,1432,0,2,1,2,0,1,0,0.00,78.63 ,50
03,003,00,002,0071,184 ,1023,11,1034,1331,0,2,1,2,0,1,0,0.00,77.69 ,50
03,003,00,002,0072,185 ,1129,20,1149,1472,0,2,1,2,0,1,0,0.00,78.06 ,50
03,003,00,002,0073,186 ,1080,10,1090,1408,0,2,1,2,0,1,0,0.00,77.41 ,50
03,003,00,002,0073,187 ,881,12,893,1158,0,2,1,2,0,1,0,0.00,77.12 ,50
03,003,00,002,0073,188 ,910,16,926,1163,0,2,1,2,0,1,0,0.00,79.62 ,50
03,003,00,002,0074,189 ,1073,13,1086,1340,0,2,1,2,0,1,0,0.00,81.04 ,50
03,003,00,002,0074,190 ,1133,16,1149,1465,0,2,1,2,0,1,0,0.00,78.43 ,50
03,003,00,002,0074,191 ,1175,16,1191,1535,0,2,1,2,0,1,0,0.00,77.59 ,50
03,003,00,002,0075,192 ,1217,10,1227,1541,0,2,1,2,0,1,0,0.00,79.62 ,50
03,003,00,002,0076,193 ,930,11,941,1209,0,2,1,2,0,1,0,0.00,77.83 ,50
03,003,00,002,0076,194 ,1070,23,1093,1363,0,2,1,2,0,1,0,0.00,80.19 ,50
03,003,00,002,0077,195 ,1193,8,1201,1523,0,2,1,2,0,1,0,0.00,78.86 ,50
03,003,00,002,0077,196 ,1181,14,1195,1526,0,2,1,2,0,1,0,0.00,78.31 ,50
03,003,00,002,0077,197 ,1242,18,1260,1585,0,2,1,2,0,1,0,0.00,79.50 ,50
03,003,00,002,0078,198 ,741,8,749,971,0,2,1,2,0,1,0,0.00,77.14 ,50
03,003,00,002,0078,199 ,962,10,972,1200,0,2,1,2,0,1,0,0.00,81.00 ,50
03,003,00,002,0078,200 ,909,10,919,1176,0,2,1,2,0,1,0,0.00,78.15 ,50
03,003,00,002,0078,201 ,1227,14,1241,1546,0,2,1,2,0,1,0,0.00,80.27 ,50
03,003,00,002,0079,202 ,1178,16,1194,1508,0,2,1,2,0,1,0,0.00,79.18 ,50
03,003,00,002,0079,203 ,1135,6,1141,1407,0,2,1,2,0,1,0,0.00,81.09 ,50
03,003,00,002,0079,204 ,1050,10,1060,1344,0,2,1,2,0,1,0,0.00,78.87 ,50
03,003,00,002,0079,205 ,1182,17,1199,1505,0,2,1,2,0,1,0,0.00,79.67 ,50
03,003,00,002,0080,206 ,837,9,846,1079,0,2,1,2,0,1,0,0.00,78.41 ,50
03,003,00,002,0080,207 ,954,13,967,1237,0,2,1,2,0,1,0,0.00,78.17 ,50
03,003,00,002,0080,208 ,1047,21,1068,1387,0,2,1,2,0,1,0,0.00,77.00 ,50
03,003,00,002,0080,209 ,1060,13,1073,1393,0,2,1,2,0,1,0,0.00,77.03 ,50
03,003,00,002,0081,210 ,1082,12,1094,1356,0,2,1,2,0,1,0,0.00,80.68 ,50
03,003,00,002,0081,211 ,1240,5,1245,1547,0,2,1,2,0,1,0,0.00,80.48 ,50
03,003,00,002,0082,212 ,813,12,825,1014,0,2,1,2,0,1,0,0.00,81.36 ,50
03,003,00,002,0082,213 ,835,8,843,1055,0,2,1,2,0,1,0,0.00,79.91 ,50
03,003,00,002,0082,214 ,869,4,873,1055,0,2,1,2,0,1,0,0.00,82.75 ,50
03,003,00,002,0082,215 ,1031,7,1038,1314,0,2,1,2,0,1,0,0.00,79.00 ,50
03,003,00,002,0083,216 ,834,18,852,1101,0,2,1,2,0,1,0,0.00,77.38 ,50
03,003,00,002,0083,217 ,935,14,949,1189,0,2,1,2,0,1,0,0.00,79.81 ,50
03,003,00,002,0084,218 ,830,10,840,1099,0,2,1,2,0,1,0,0.00,76.43 ,50
03,003,00,002,0084,219 ,684,5,689,931,0,2,1,2,0,1,0,0.00,74.01 ,50
03,003,00,002,0085,220 ,959,14,973,1273,0,2,1,2,0,1,0,0.00,76.43 ,50
03,003,00,002,0085,221 ,760,13,773,1019,0,2,1,2,0,1,0,0.00,75.86 ,50
03,003,00,002,0085,222 ,954,8,962,1233,0,2,1,2,0,1,0,0.00,78.02 ,50
03,003,00,002,0086,223 ,996,16,1012,1297,0,2,1,2,0,1,0,0.00,78.03 ,50
03,003,00,002,0086,224 ,1122,12,1134,1436,0,2,1,2,0,1,0,0.00,78.97 ,50
03,003,00,002,0086,225 ,1107,5,1112,1456,0,2,1,2,0,1,0,0.00,76.37 ,50
03,003,00,002,0087,226 ,643,7,650,847,0,2,1,2,0,1,0,0.00,76.74 ,50
03,003,00,002,0087,227 ,1018,17,1035,1303,0,2,1,2,0,1,0,0.00,79.43 ,50
03,003,00,002,0087,228 ,960,15,975,1251,0,2,1,2,0,1,0,0.00,77.94 ,50
03,003,00,002,0088,229 ,1022,15,1037,1320,0,2,1,2,0,1,0,0.00,78.56 ,50
03,003,00,002,0088,230 ,982,15,997,1319,0,2,1,2,0,1,0,0.00,75.59 ,50
03,003,00,002,0088,231 ,835,8,843,1111,0,2,1,2,0,1,0,0.00,75.88 ,50
03,003,00,002,0088,232 ,787,11,798,1014,0,2,1,2,0,1,0,0.00,78.70 ,50
03,003,00,002,0089,233 ,1064,16,1080,1404,0,2,1,2,0,1,0,0.00,76.92 ,50
03,003,00,002,0089,234 ,1462,11,1473,1936,0,2,1,2,0,1,0,0.00,76.08 ,50
03,003,00,002,0090,235 ,1122,10,1132,1452,0,2,1,2,0,1,0,0.00,77.96 ,50
03,003,00,002,0090,236 ,1165,9,1174,1548,0,2,1,2,0,1,0,0.00,75.84 ,50
03,003,00,002,0090,237 ,1169,13,1182,1630,0,2,1,2,0,1,0,0.00,72.52 ,50
03,003,00,002,0090,238 ,1195,17,1212,1578,0,2,1,2,0,1,0,0.00,76.81 ,50
03,003,00,002,0090,239 ,1128,14,1142,1504,0,2,1,2,0,1,0,0.00,75.93 ,50
03,003,00,002,0090,240 ,784,12,796,1053,0,2,1,2,0,1,0,0.00,75.59 ,50
03,003,00,002,0090,241 ,1025,13,1038,1267,0,2,1,2,0,1,0,0.00,81.93 ,50
03,003,00,002,0091,242 ,1059,6,1065,1305,0,2,1,2,0,1,0,0.00,81.61 ,50
03,003,00,002,0092,243 ,1357,13,1370,1774,0,2,1,2,0,1,0,0.00,77.23 ,50
03,003,00,002,0093,244 ,1152,13,1165,1517,0,2,1,2,0,1,0,0.00,76.80 ,50
03,003,00,002,0094,245 ,1037,13,1050,1359,0,2,1,2,0,1,0,0.00,77.26 ,50
03,003,00,002,0094,246 ,1070,6,1076,1365,0,2,1,2,0,1,0,0.00,78.83 ,50
03,003,00,002,0094,247 ,1147,9,1156,1505,0,2,1,2,0,1,0,0.00,76.81 ,50
03,003,00,002,0095,248 ,774,7,781,990,0,2,1,2,0,1,0,0.00,78.89 ,50
03,003,00,002,0095,249 ,1008,14,1022,1296,0,2,1,2,0,1,0,0.00,78.86 ,50
03,003,00,002,0096,250 ,816,9,825,1095,0,2,1,2,0,1,0,0.00,75.34 ,50
03,003,00,002,0097,251 ,761,5,766,994,0,2,1,2,0,1,0,0.00,77.06 ,50
03,003,00,002,0098,252 ,884,9,893,1198,0,2,1,2,0,1,0,0.00,74.54 ,50
03,003,00,002,0099,253 ,883,7,890,1134,0,2,1,2,0,1,0,0.00,78.48 ,50
03,003,00,002,0100,254 ,976,5,981,1262,0,2,1,2,0,1,0,0.00,77.73 ,50
03,003,00,002,0100,255 ,819,7,826,1014,0,2,1,2,0,1,0,0.00,81.46 ,50
03,003,00,002,0101,256 ,849,15,864,1110,0,2,1,2,0,1,0,0.00,77.84 ,50
03,003,00,002,0101,257 ,859,9,868,1123,0,2,1,2,0,1,0,0.00,77.29 ,50
03,003,00,002,0101,258 ,983,13,996,1281,0,2,1,2,0,1,0,0.00,77.75 ,50
03,003,00,002,0102,259 ,922,9,931,1261,0,2,1,2,0,1,0,0.00,73.83 ,50
03,003,00,002,0102,260 ,1030,9,1039,1357,0,2,1,2,0,1,0,0.00,76.57 ,50
03,003,00,002,0102,261 ,1179,10,1189,1586,0,2,1,2,0,1,0,0.00,74.97 ,50
03,003,00,002,0103,262 ,865,12,877,1093,0,2,1,2,0,1,0,0.00,80.24 ,50
03,003,00,002,0103,263 ,1170,12,1182,1538,0,2,1,2,0,1,0,0.00,76.85 ,50
03,003,00,002,0104,264 ,847,11,858,1142,0,2,1,2,0,1,0,0.00,75.13 ,50
03,003,00,002,0104,265 ,944,22,966,1198,0,2,1,2,0,1,0,0.00,80.63 ,50
03,003,00,002,0105,266 ,816,10,826,1092,0,2,1,2,0,1,0,0.00,75.64 ,50
03,003,00,002,0105,267 ,920,14,934,1213,0,2,1,2,0,1,0,0.00,77.00 ,50
03,003,00,002,0105,268 ,1026,15,1041,1425,0,2,1,2,0,1,0,0.00,73.05 ,50
03,003,00,002,0105,269 ,1126,14,1140,1502,0,2,1,2,0,1,0,0.00,75.90 ,50
03,003,00,002,0105,270 ,1161,18,1179,1490,0,2,1,2,0,1,0,0.00,79.13 ,50
03,003,00,002,0106,271 ,1350,18,1368,1772,0,2,1,2,0,1,0,0.00,77.20 ,50
03,003,00,002,0107,272 ,1003,22,1025,1294,0,2,1,2,0,1,0,0.00,79.21 ,50
03,003,00,002,0108,273 ,1221,14,1235,1579,0,2,1,2,0,1,0,0.00,78.21 ,50
03,003,00,002,0108,274 ,1069,14,1083,1380,0,2,1,2,0,1,0,0.00,78.48 ,50
03,003,00,002,0109,275 ,989,21,1010,1294,0,2,1,2,0,1,0,0.00,78.05 ,50
03,003,00,002,0109,276 ,775,13,788,1064,0,2,1,2,0,1,0,0.00,74.06 ,50
03,003,00,002,0110,277 ,987,12,999,1303,0,2,1,2,0,1,0,0.00,76.67 ,50
03,003,00,002,0110,278 ,872,12,884,1105,0,2,1,2,0,1,0,0.00,80.00 ,50
03,003,00,002,0111,279 ,828,14,842,1114,0,2,1,2,0,1,0,0.00,75.58 ,50
03,003,00,002,0111,280 ,778,7,785,1007,0,2,1,2,0,1,0,0.00,77.95 ,50
03,003,00,003,0112,281 ,998,14,1012,1305,0,2,1,2,0,1,0,0.00,77.55 ,50
03,003,00,003,0112,282 ,805,13,818,1116,0,2,1,2,0,1,0,0.00,73.30 ,50
03,003,00,003,0113,283 ,918,20,938,1239,0,2,1,2,0,1,0,0.00,75.71 ,50
03,003,00,003,0113,284 ,810,14,824,1070,0,2,1,2,0,1,0,0.00,77.01 ,50
03,003,00,003,0114,285 ,1271,16,1287,1636,0,2,1,2,0,1,0,0.00,78.67 ,50
03,003,00,003,0114,286 ,1007,15,1022,1273,0,2,1,2,0,1,0,0.00,80.28 ,50
03,003,00,003,0115,287 ,1056,16,1072,1453,0,2,1,2,0,1,0,0.00,73.78 ,50
03,003,00,003,0115,288 ,990,14,1004,1266,0,2,1,2,0,1,0,0.00,79.30 ,50
03,003,00,003,0116,289 ,1152,15,1167,1462,0,2,1,2,0,1,0,0.00,79.82 ,50
03,003,00,003,0116,290 ,1281,25,1306,1673,0,2,1,2,0,1,0,0.00,78.06 ,50
03,003,00,003,0117,291 ,1204,15,1219,1538,0,2,1,2,0,1,0,0.00,79.26 ,50
03,003,00,003,0117,292 ,1208,40,1248,1599,0,2,1,2,0,1,0,0.00,78.05 ,50
03,003,00,003,0118,293 ,1260,19,1279,1663,0,2,1,2,0,1,0,0.00,76.91 ,50
03,003,00,003,0118,294 ,958,18,976,1222,0,2,1,2,0,1,0,0.00,79.87 ,50
03,003,00,003,0119,295 ,1383,29,1412,1813,0,2,1,2,0,1,0,0.00,77.88 ,50
03,003,00,003,0119,296 ,1225,24,1249,1554,0,2,1,2,0,1,0,0.00,80.37 ,50
03,003,00,003,0120,297 ,1414,30,1444,1797,0,2,1,2,0,1,0,0.00,80.36 ,50
03,003,00,003,0120,298 ,610,14,624,780,0,2,1,2,0,1,0,0.00,80.00 ,50
03,003,00,003,0121,299 ,917,13,930,1200,0,2,1,2,0,1,0,0.00,77.50 ,50
03,003,00,003,0121,300 ,726,11,737,990,0,2,1,2,0,1,0,0.00,74.44 ,50
03,003,00,003,0122,301 ,1157,18,1175,1610,0,2,1,2,0,1,0,0.00,72.98 ,50
03,003,00,003,0122,302 ,884,15,899,1123,0,2,1,2,0,1,0,0.00,80.05 ,50
03,003,00,003,0122,303 ,685,4,689,940,0,2,1,2,0,1,0,0.00,73.30 ,50
03,003,00,003,0123,304 ,1153,29,1182,1494,0,2,1,2,0,1,0,0.00,79.12 ,50
03,003,00,003,0123,305 ,1174,17,1191,1487,0,2,1,2,0,1,0,0.00,80.09 ,50
03,003,00,003,0123,306 ,1400,23,1423,1854,0,2,1,2,0,1,0,0.00,76.75 ,50
03,003,00,003,0124,307 ,1105,15,1120,1402,0,2,1,2,0,1,0,0.00,79.89 ,50
03,003,00,003,0124,308 ,1271,27,1298,1669,0,2,1,2,0,1,0,0.00,77.77 ,50
03,003,00,003,0124,309 ,1036,18,1054,1306,0,2,1,2,0,1,0,0.00,80.70 ,50
03,003,00,003,0125,310 ,1448,20,1468,1853,0,2,1,2,0,1,0,0.00,79.22 ,50
03,003,00,003,0126,311 ,1563,16,1579,2111,0,2,1,2,0,1,0,0.00,74.80 ,50
03,003,00,003,0127,312 ,1020,14,1034,1298,0,2,1,2,0,1,0,0.00,79.66 ,50
03,003,00,003,0128,313 ,1104,20,1124,1427,0,2,1,2,0,1,0,0.00,78.77 ,50
03,003,00,003,0128,314 ,826,11,837,1086,0,2,1,2,0,1,0,0.00,77.07 ,50
03,003,00,003,0129,315 ,1399,16,1415,1890,0,2,1,2,0,1,0,0.00,74.87 ,50
03,003,00,003,0130,316 ,944,18,962,1206,0,2,1,2,0,1,0,0.00,79.77 ,50
03,003,00,003,0131,317 ,839,15,854,1086,0,2,1,2,0,1,0,0.00,78.64 ,50
03,003,00,003,0132,318 ,1284,15,1299,1709,0,2,1,2,0,1,0,0.00,76.01 ,50
03,003,00,003,0132,319 ,1181,11,1192,1508,0,2,1,2,0,1,0,0.00,79.05 ,50
03,003,00,003,0133,320 ,931,15,946,1183,0,2,1,2,0,1,0,0.00,79.97 ,50
03,003,00,003,0133,321 ,788,7,795,1070,0,2,1,2,0,1,0,0.00,74.30 ,50
03,003,00,003,0133,322 ,1046,15,1061,1381,0,2,1,2,0,1,0,0.00,76.83 ,50
03,003,00,003,0134,323 ,842,17,859,1147,0,2,1,2,0,1,0,0.00,74.89 ,50
03,003,00,003,0134,324 ,907,9,916,1238,0,2,1,2,0,1,0,0.00,73.99 ,50
03,003,00,003,0134,325 ,642,27,669,1203,0,2,1,2,0,1,0,0.00,55.61 ,50
03,003,00,003,0134,326 ,744,21,765,1218,0,2,1,2,0,1,0,0.00,62.81 ,50
03,003,00,003,0134,327 ,768,28,796,1263,0,2,1,2,0,1,0,0.00,63.02 ,50
03,003,00,003,0135,328 ,727,10,737,962,0,2,1,2,0,1,0,0.00,76.61 ,50
03,003,00,003,0135,329 ,574,7,581,817,0,2,1,2,0,1,0,0.00,71.11 ,50
03,003,00,003,0136,330 ,685,10,695,873,0,2,1,2,0,1,0,0.00,79.61 ,50
03,003,00,003,0136,331 ,1169,13,1182,1532,0,2,1,2,0,1,0,0.00,77.15 ,50
03,003,00,003,0137,332 ,632,6,638,824,0,2,1,2,0,1,0,0.00,77.43 ,50
03,003,00,003,0137,333 ,791,7,798,1001,0,2,1,2,0,1,0,0.00,79.72 ,50
03,003,00,003,0138,334 ,1166,17,1183,1511,0,2,1,2,0,1,0,0.00,78.29 ,50
03,003,00,003,0138,335 ,1251,19,1270,1608,0,2,1,2,0,1,0,0.00,78.98 ,50
03,003,00,003,0138,336 ,1155,8,1163,1471,0,2,1,2,0,1,0,0.00,79.06 ,50
03,003,00,003,0139,337 ,1203,15,1218,1563,0,2,1,2,0,1,0,0.00,77.93 ,50
03,003,00,003,0139,338 ,962,17,979,1283,0,2,1,2,0,1,0,0.00,76.31 ,50
03,003,00,003,0139,339 ,900,7,907,1204,0,2,1,2,0,1,0,0.00,75.33 ,50
03,003,00,003,0140,340 ,692,13,705,924,0,2,1,2,0,1,0,0.00,76.30 ,50
03,003,00,003,0140,341 ,687,11,698,900,0,2,1,2,0,1,0,0.00,77.56 ,50
03,003,00,003,0141,342 ,1506,21,1527,1950,0,2,1,2,0,1,0,0.00,78.31 ,50
03,003,00,003,0141,343 ,1296,8,1304,1667,0,2,1,2,0,1,0,0.00,78.22 ,50
03,003,00,003,0142,344 ,791,17,808,1000,0,2,1,2,0,1,0,0.00,80.80 ,50
03,003,00,003,0142,345 ,1053,12,1065,1387,0,2,1,2,0,1,0,0.00,76.78 ,50
03,003,00,003,0143,346 ,1318,21,1339,1766,0,2,1,2,0,1,0,0.00,75.82 ,50
03,003,00,003,0143,347 ,647,8,655,822,0,2,1,2,0,1,0,0.00,79.68 ,50
03,003,00,003,0144,348 ,1546,17,1563,1952,0,2,1,2,0,1,0,0.00,80.07 ,50
03,003,00,003,0145,349 ,1103,21,1124,1452,0,2,1,2,0,1,0,0.00,77.41 ,50
03,003,00,003,0145,350 ,1216,20,1236,1621,0,2,1,2,0,1,0,0.00,76.25 ,50
03,003,00,004,0146,351 ,756,14,770,944,0,2,1,2,0,1,0,0.00,81.57 ,50
03,003,00,004,0146,352 ,628,3,631,809,0,2,1,2,0,1,0,0.00,78.00 ,50
03,003,00,004,0147,353 ,917,11,928,1148,0,2,1,2,0,1,0,0.00,80.84 ,50
03,003,00,004,0148,354 ,1200,11,1211,1524,0,2,1,2,0,1,0,0.00,79.46 ,50
03,003,00,004,0148,355 ,1028,9,1037,1328,0,2,1,2,0,1,0,0.00,78.09 ,50
03,003,00,004,0148,356 ,1111,14,1125,1431,0,2,1,2,0,1,0,0.00,78.62 ,50
03,003,00,004,0148,357 ,1100,7,1107,1395,0,2,1,2,0,1,0,0.00,79.35 ,50
03,003,00,004,0149,358 ,931,12,943,1205,0,2,1,2,0,1,0,0.00,78.26 ,50
03,003,00,004,0149,359 ,885,8,893,1121,0,2,1,2,0,1,0,0.00,79.66 ,50
03,003,00,004,0149,360 ,815,9,824,1047,0,2,1,2,0,1,0,0.00,78.70 ,50
03,003,00,004,0150,361 ,791,6,797,1001,0,2,1,2,0,1,0,0.00,79.62 ,50
03,003,00,004,0151,362 ,735,6,741,915,0,2,1,2,0,1,0,0.00,80.98 ,50
03,003,00,004,0152,363 ,758,7,765,987,0,2,1,2,0,1,0,0.00,77.51 ,50
03,003,00,004,0153,364 ,747,6,753,983,0,2,1,2,0,1,0,0.00,76.60 ,50
03,003,00,004,0153,365 ,443,4,447,614,0,2,1,2,0,1,0,0.00,72.80 ,50
03,003,00,004,0154,366 ,1210,16,1226,1563,0,2,1,2,0,1,0,0.00,78.44 ,50
03,003,00,004,0154,367 ,487,9,496,655,0,2,1,2,0,1,0,0.00,75.73 ,50
03,003,00,004,0155,368 ,828,13,841,1113,0,2,1,2,0,1,0,0.00,75.56 ,50
03,003,00,004,0155,369 ,756,5,761,970,0,2,1,2,0,1,0,0.00,78.45 ,50
03,003,00,004,0156,370 ,708,16,724,955,0,2,1,2,0,1,0,0.00,75.81 ,50
03,003,00,004,0157,371 ,536,10,546,702,0,2,1,2,0,1,0,0.00,77.78 ,50
03,003,00,004,0157,372 ,206,2,208,304,0,2,1,2,0,1,0,0.00,68.42 ,50
03,003,00,004,0158,373 ,1202,24,1226,1571,0,2,1,2,0,1,0,0.00,78.04 ,50
03,003,00,004,0159,374 ,1082,19,1101,1363,0,2,1,2,0,1,0,0.00,80.78 ,50
03,003,00,004,0159,375 ,445,4,449,563,0,2,1,2,0,1,0,0.00,79.75 ,50
03,003,00,004,0160,376 ,1068,15,1083,1361,0,2,1,2,0,1,0,0.00,79.57 ,50
03,003,00,004,0160,377 ,735,12,747,930,0,2,1,2,0,1,0,0.00,80.32 ,50
03,003,00,004,0161,378 ,1156,12,1168,1458,0,2,1,2,0,1,0,0.00,80.11 ,50
03,003,00,004,0162,379 ,1010,15,1025,1369,0,2,1,2,0,1,0,0.00,74.87 ,50
03,003,00,004,0162,380 ,1141,19,1160,1449,0,2,1,2,0,1,0,0.00,80.06 ,50
03,003,00,004,0163,381 ,902,11,913,1167,0,2,1,2,0,1,0,0.00,78.23 ,50
03,003,00,004,0163,382 ,1019,32,1051,1445,0,2,1,2,0,1,0,0.00,72.73 ,50
03,003,00,004,0163,383 ,1052,11,1063,1285,0,2,1,2,0,1,0,0.00,82.72 ,50
03,003,00,004,0164,384 ,1104,10,1114,1411,0,2,1,2,0,1,0,0.00,78.95 ,50
03,003,00,004,0164,385 ,1022,8,1030,1302,0,2,1,2,0,1,0,0.00,79.11 ,50
03,003,00,004,0164,386 ,1061,13,1074,1394,0,2,1,2,0,1,0,0.00,77.04 ,50
03,003,00,004,0164,387 ,1065,12,1077,1420,0,2,1,2,0,1,0,0.00,75.85 ,50
03,003,00,004,0165,388 ,959,13,972,1247,0,2,1,2,0,1,0,0.00,77.95 ,50
03,003,00,004,0165,389 ,974,15,989,1218,0,2,1,2,0,1,0,0.00,81.20 ,50
03,003,00,004,0165,390 ,944,23,967,1200,0,2,1,2,0,1,0,0.00,80.58 ,50
03,003,00,004,0166,391 ,1029,25,1054,1303,0,2,1,2,0,1,0,0.00,80.89 ,50
03,003,00,004,0166,392 ,991,6,997,1325,0,2,1,2,0,1,0,0.00,75.25 ,50
03,003,00,004,0166,393 ,1137,16,1153,1437,0,2,1,2,0,1,0,0.00,80.24 ,50
03,003,00,004,0166,394 ,1001,21,1022,1280,0,2,1,2,0,1,0,0.00,79.84 ,50
03,003,00,004,0167,395 ,997,11,1008,1308,0,2,1,2,0,1,0,0.00,77.06 ,50
03,003,00,004,0167,396 ,939,9,948,1233,0,2,1,2,0,1,0,0.00,76.89 ,50
03,003,00,005,0168,397 ,858,9,867,1095,0,2,1,2,0,1,0,0.00,79.18 ,50
03,003,00,005,0168,398 ,1079,15,1094,1354,0,2,1,2,0,1,0,0.00,80.80 ,50
03,003,00,005,0168,399 ,1310,20,1330,1687,0,2,1,2,0,1,0,0.00,78.84 ,50
03,003,00,005,0169,400 ,1171,11,1182,1416,0,2,1,2,0,1,0,0.00,83.47 ,50
03,003,00,005,0169,401 ,1370,17,1387,1809,0,2,1,2,0,1,0,0.00,76.67 ,50
03,003,00,005,0169,402 ,1380,20,1400,1733,0,2,1,2,0,1,0,0.00,80.78 ,50
03,003,00,005,0170,403 ,1043,17,1060,1333,0,2,1,2,0,1,0,0.00,79.52 ,50
03,003,00,005,0170,404 ,927,11,938,1171,0,2,1,2,0,1,0,0.00,80.10 ,50
03,003,00,005,0170,405 ,690,7,697,918,0,2,1,2,0,1,0,0.00,75.93 ,50
03,003,00,005,0171,406 ,1335,14,1349,1750,0,2,1,2,0,1,0,0.00,77.09 ,50
03,003,00,005,0171,407 ,1385,23,1408,1824,0,2,1,2,0,1,0,0.00,77.19 ,50
03,003,00,005,0171,408 ,968,14,982,1307,0,2,1,2,0,1,0,0.00,75.13 ,50
03,003,00,005,0172,409 ,998,13,1011,1228,0,2,1,2,0,1,0,0.00,82.33 ,50
03,003,00,005,0172,410 ,1040,14,1054,1312,0,2,1,2,0,1,0,0.00,80.34 ,50
03,003,00,005,0173,411 ,1119,5,1124,1347,0,2,1,2,0,1,0,0.00,83.44 ,50
03,003,00,005,0173,412 ,859,7,866,1059,0,2,1,2,0,1,0,0.00,81.78 ,50
03,003,00,005,0174,413 ,1150,18,1168,1497,0,2,1,2,0,1,0,0.00,78.02 ,50
03,003,00,005,0174,414 ,965,18,983,1309,0,2,1,2,0,1,0,0.00,75.10 ,50
03,003,00,005,0175,415 ,931,9,940,1298,0,2,1,2,0,1,0,0.00,72.42 ,50
03,003,00,005,0175,416 ,1052,9,1061,1377,0,2,1,2,0,1,0,0.00,77.05 ,50
03,003,00,005,0175,417 ,962,20,982,1326,0,2,1,2,0,1,0,0.00,74.06 ,50
03,003,00,005,0175,418 ,980,16,996,1388,0,2,1,2,0,1,0,0.00,71.76 ,50
03,003,00,005,0175,419 ,708,7,715,944,0,2,1,2,0,1,0,0.00,75.74 ,50
03,003,00,005,0176,420 ,1335,14,1349,1821,0,2,1,2,0,1,0,0.00,74.08 ,50
03,003,00,005,0176,421 ,1064,19,1083,1464,0,2,1,2,0,1,0,0.00,73.98 ,50
03,003,00,005,0176,422 ,1015,29,1044,1440,0,2,1,2,0,1,0,0.00,72.50 ,50
03,003,00,005,0177,423 ,1349,11,1360,1749,0,2,1,2,0,1,0,0.00,77.76 ,50
03,003,00,005,0178,424 ,1168,12,1180,1593,0,2,1,2,0,1,0,0.00,74.07 ,50
03,003,00,005,0178,425 ,1096,24,1120,1473,0,2,1,2,0,1,0,0.00,76.04 ,50
03,003,00,005,0178,426 ,1159,13,1172,1530,0,2,1,2,0,1,0,0.00,76.60 ,50
03,003,00,005,0179,427 ,1286,23,1309,1687,0,2,1,2,0,1,0,0.00,77.59 ,50
03,003,00,005,0179,428 ,1082,11,1093,3195,0,2,1,2,0,1,0,0.00,34.21 ,50
03,003,00,005,0180,429 ,955,9,964,1246,0,2,1,2,0,1,0,0.00,77.37 ,50
03,003,00,005,0180,430 ,955,10,965,1319,0,2,1,2,0,1,0,0.00,73.16 ,50
03,003,00,005,0180,431 ,892,19,911,1241,0,2,1,2,0,1,0,0.00,73.41 ,50
03,003,00,005,0180,432 ,957,18,975,1392,0,2,1,2,0,1,0,0.00,70.04 ,50
03,003,00,005,0180,433 ,985,20,1005,1415,0,2,1,2,0,1,0,0.00,71.02 ,50
03,003,00,005,0181,434 ,1320,6,1326,1781,0,2,1,2,0,1,0,0.00,74.45 ,50
03,003,00,005,0181,435 ,1081,13,1094,1375,0,2,1,2,0,1,0,0.00,79.56 ,50
03,003,00,005,0181,436 ,989,16,1005,1289,0,2,1,2,0,1,0,0.00,77.97 ,50
03,003,00,005,0182,437 ,754,17,771,990,0,2,1,2,0,1,0,0.00,77.88 ,50
03,003,00,005,0182,438 ,877,8,885,1183,0,2,1,2,0,1,0,0.00,74.81 ,50
03,003,00,005,0183,439 ,1085,18,1103,1581,0,2,1,2,0,1,0,0.00,69.77 ,50
03,003,00,005,0183,440 ,1212,17,1229,1680,0,2,1,2,0,1,0,0.00,73.15 ,50
03,003,00,005,0184,441 ,813,17,830,1040,0,2,1,2,0,1,0,0.00,79.81 ,50
03,003,00,005,0185,442 ,868,19,887,1099,0,2,1,2,0,1,0,0.00,80.71 ,50
03,003,00,005,0185,443 ,794,7,801,1000,0,2,1,2,0,1,0,0.00,80.10 ,50
03,003,00,005,0186,444 ,1501,19,1520,1902,0,2,1,2,0,1,0,0.00,79.92 ,50
03,003,00,006,0187,445 ,1191,25,1216,1753,0,2,1,2,0,1,0,0.00,69.37 ,50
03,003,00,006,0188,446 ,782,11,793,1153,0,2,1,2,0,1,0,0.00,68.78 ,50
03,003,00,006,0189,447 ,353,10,363,549,0,2,1,2,0,1,0,0.00,66.12 ,50
03,003,00,006,0190,448 ,320,10,330,462,0,2,1,2,0,1,0,0.00,71.43 ,50
03,003,00,006,0191,449 ,566,13,579,881,0,2,1,2,0,1,0,0.00,65.72 ,50
03,003,00,006,0192,450 ,319,6,325,457,0,2,1,2,0,1,0,0.00,71.12 ,50
03,003,00,006,0193,451 ,370,6,376,539,0,2,1,2,0,1,0,0.00,69.76 ,50
03,003,00,006,0194,452 ,357,8,365,569,0,2,1,2,0,1,0,0.00,64.15 ,50
03,003,00,006,0195,453 ,326,9,335,480,0,2,1,2,0,1,0,0.00,69.79 ,50
03,003,00,006,0196,454 ,527,9,536,892,0,2,1,2,0,1,0,0.00,60.09 ,50
03,003,00,007,0197,455 ,778,12,790,966,0,2,1,2,0,1,0,0.00,81.78 ,50
03,003,00,007,0197,456 ,1098,19,1117,1436,0,2,1,2,0,1,0,0.00,77.79 ,50
03,003,00,007,0198,457 ,832,10,842,1061,0,2,1,2,0,1,0,0.00,79.36 ,50
03,003,00,007,0198,458 ,884,7,891,1131,0,2,1,2,0,1,0,0.00,78.78 ,50
03,003,00,007,0199,459 ,1064,11,1075,1322,0,2,1,2,0,1,0,0.00,81.32 ,50
03,003,00,007,0199,460 ,837,9,846,1014,0,2,1,2,0,1,0,0.00,83.43 ,50
03,003,00,007,0200,461 ,1202,17,1219,1505,0,2,1,2,0,1,0,0.00,81.00 ,50
03,003,00,007,0201,462 ,1367,20,1387,1767,0,2,1,2,0,1,0,0.00,78.49 ,50
03,003,00,007,0202,463 ,1386,7,1393,1714,0,2,1,2,0,1,0,0.00,81.27 ,50
03,003,00,007,0203,464 ,668,9,677,809,0,2,1,2,0,1,0,0.00,83.68 ,50
03,003,00,007,0204,465 ,816,13,829,993,0,2,1,2,0,1,0,0.00,83.48 ,50
03,003,00,007,0204,466 ,726,13,739,908,0,2,1,2,0,1,0,0.00,81.39 ,50
03,003,00,007,0205,467 ,1083,13,1096,1352,0,2,1,2,0,1,0,0.00,81.07 ,50
03,003,00,007,0205,468 ,1056,20,1076,1341,0,2,1,2,0,1,0,0.00,80.24 ,50
03,003,00,007,0206,469 ,709,6,715,882,0,2,1,2,0,1,0,0.00,81.07 ,50
03,003,00,007,0206,470 ,788,12,800,970,0,2,1,2,0,1,0,0.00,82.47 ,50
03,003,00,007,0207,471 ,919,11,930,1163,0,2,1,2,0,1,0,0.00,79.97 ,50
03,003,00,007,0207,472 ,745,8,753,964,0,2,1,2,0,1,0,0.00,78.11 ,50
03,003,00,007,0208,473 ,1224,17,1241,1521,0,2,1,2,0,1,0,0.00,81.59 ,50
03,003,00,007,0209,474 ,1262,14,1276,1572,0,2,1,2,0,1,0,0.00,81.17 ,50
03,003,00,007,0210,475 ,788,8,796,1013,0,2,1,2,0,1,0,0.00,78.58 ,50
03,003,00,007,0210,476 ,803,5,808,1001,0,2,1,2,0,1,0,0.00,80.72 ,50
03,003,00,007,0211,477 ,759,20,779,945,0,2,1,2,0,1,0,0.00,82.43 ,50
03,003,00,007,0212,478 ,1203,23,1226,1615,0,2,1,2,0,1,0,0.00,75.91 ,50
03,003,00,007,0212,479 ,1231,18,1249,1590,0,2,1,2,0,1,0,0.00,78.55 ,50
03,003,00,007,0212,480 ,933,14,947,1212,0,2,1,2,0,1,0,0.00,78.14 ,50
03,003,00,007,0213,481 ,1300,20,1320,1613,0,2,1,2,0,1,0,0.00,81.84 ,50
03,003,00,007,0214,482 ,951,17,968,1175,0,2,1,2,0,1,0,0.00,82.38 ,50
03,003,00,007,0215,483 ,1210,19,1229,1512,0,2,1,2,0,1,0,0.00,81.28 ,50
03,003,00,007,0216,484 ,953,11,964,1170,0,2,1,2,0,1,0,0.00,82.39 ,50
03,003,00,007,0217,485 ,986,7,993,1200,0,2,1,2,0,1,0,0.00,82.75 ,50
03,003,00,007,0217,486 ,1251,30,1281,1575,0,2,1,2,0,1,0,0.00,81.33 ,50
03,003,00,007,0218,487 ,782,12,794,983,0,2,1,2,0,1,0,0.00,80.77 ,50
03,003,00,007,0218,488 ,736,7,743,926,0,2,1,2,0,1,0,0.00,80.24 ,50
03,003,00,007,0219,489 ,1069,12,1081,1397,0,2,1,2,0,1,0,0.00,77.38 ,50
03,003,00,007,0219,490 ,975,11,986,1226,0,2,1,2,0,1,0,0.00,80.42 ,50
03,003,00,008,0220,491 ,1139,10,1149,1401,0,2,1,2,0,1,0,0.00,82.01 ,50
03,003,00,008,0220,492 ,1359,22,1381,1708,0,2,1,2,0,1,0,0.00,80.85 ,50
03,003,00,008,0220,493 ,1231,25,1256,1564,0,2,1,2,0,1,0,0.00,80.31 ,50
03,003,00,008,0221,494 ,1510,16,1526,1914,0,2,1,2,0,1,0,0.00,79.73 ,50
03,003,00,008,0221,495 ,1222,12,1234,1557,0,2,1,2,0,1,0,0.00,79.25 ,50
03,003,00,008,0222,496 ,806,13,819,1048,0,2,1,2,0,1,0,0.00,78.15 ,50
03,003,00,008,0222,497 ,935,17,952,1287,0,2,1,2,0,1,0,0.00,73.97 ,50
03,003,00,008,0223,498 ,1074,16,1090,1391,0,2,1,2,0,1,0,0.00,78.36 ,50
03,003,00,008,0224,499 ,1258,20,1278,1588,0,2,1,2,0,1,0,0.00,80.48 ,50
03,003,00,008,0224,500 ,1085,16,1101,1358,0,2,1,2,0,1,0,0.00,81.08 ,50
03,003,00,008,0224,501 ,1201,15,1216,1501,0,2,1,2,0,1,0,0.00,81.01 ,50
03,003,00,008,0225,502 ,1333,13,1346,1630,0,2,1,2,0,1,0,0.00,82.58 ,50
03,003,00,008,0225,503 ,1105,16,1121,1398,0,2,1,2,0,1,0,0.00,80.19 ,50
03,003,00,008,0226,504 ,888,16,904,1097,0,2,1,2,0,1,0,0.00,82.41 ,50
03,003,00,008,0226,505 ,814,17,831,1080,0,2,1,2,0,1,0,0.00,76.94 ,50
03,003,00,008,0226,506 ,1185,19,1204,1533,0,2,1,2,0,1,0,0.00,78.54 ,50
03,003,00,008,0227,507 ,928,14,942,1193,0,2,1,2,0,1,0,0.00,78.96 ,50
03,003,00,008,0228,508 ,825,8,833,1017,0,2,1,2,0,1,0,0.00,81.91 ,50
03,003,00,008,0229,509 ,684,6,690,870,0,2,1,2,0,1,0,0.00,79.31 ,50
03,003,00,008,0229,510 ,1102,12,1114,1335,0,2,1,2,0,1,0,0.00,83.45 ,50
03,003,00,008,0230,511 ,1290,14,1304,1602,0,2,1,2,0,1,0,0.00,81.40 ,50
03,003,00,008,0230,512 ,1539,11,1550,2011,0,2,1,2,0,1,0,0.00,77.08 ,50
03,003,00,008,0231,513 ,695,2,697,862,0,2,1,2,0,1,0,0.00,80.86 ,50
03,003,00,008,0231,514 ,972,9,981,1258,0,2,1,2,0,1,0,0.00,77.98 ,50
03,003,00,008,0232,515 ,978,20,998,1271,0,2,1,2,0,1,0,0.00,78.52 ,50
03,003,00,008,0233,516 ,807,13,820,1039,0,2,1,2,0,1,0,0.00,78.92 ,50
03,003,00,008,0233,517 ,893,15,908,1166,0,2,1,2,0,1,0,0.00,77.87 ,50
03,003,00,008,0234,518 ,1036,13,1049,1299,0,2,1,2,0,1,0,0.00,80.75 ,50
03,003,00,008,0235,519 ,1348,27,1375,1715,0,2,1,2,0,1,0,0.00,80.17 ,50
03,003,00,008,0236,520 ,1304,16,1320,1640,0,2,1,2,0,1,0,0.00,80.49 ,50
03,003,00,008,0237,521 ,1100,17,1117,1416,0,2,1,2,0,1,0,0.00,78.88 ,50
03,003,00,008,0238,522 ,1344,17,1361,1816,0,2,1,2,0,1,0,0.00,74.94 ,50
03,003,00,009,0239,523 ,807,10,817,1051,0,2,1,2,0,1,0,0.00,77.74 ,50
03,003,00,009,0239,524 ,873,11,884,1102,0,2,1,2,0,1,0,0.00,80.22 ,50
03,003,00,009,0240,525 ,902,15,917,1155,0,2,1,2,0,1,0,0.00,79.39 ,50
03,003,00,009,0241,526 ,925,12,937,1304,0,2,1,2,0,1,0,0.00,71.86 ,50
03,003,00,009,0242,527 ,846,8,854,1127,0,2,1,2,0,1,0,0.00,75.78 ,50
03,003,00,009,0243,528 ,1030,17,1047,1370,0,2,1,2,0,1,0,0.00,76.42 ,50
03,003,00,009,0244,529 ,509,10,519,684,0,2,1,2,0,1,0,0.00,75.88 ,50
03,003,00,009,0245,530 ,597,8,605,746,0,2,1,2,0,1,0,0.00,81.10 ,50
03,003,00,009,0246,531 ,528,6,534,679,0,2,1,2,0,1,0,0.00,78.65 ,50
03,003,00,009,0247,532 ,824,17,841,1039,0,2,1,2,0,1,0,0.00,80.94 ,50
03,003,00,009,0248,533 ,1169,17,1186,1548,0,2,1,2,0,1,0,0.00,76.61 ,50
03,003,00,009,0249,534 ,1202,21,1223,1547,0,2,1,2,0,1,0,0.00,79.06 ,50
03,003,00,009,0250,535 ,1134,18,1152,1485,0,2,1,2,0,1,0,0.00,77.58 ,50
03,003,00,009,0251,536 ,667,5,672,874,0,2,1,2,0,1,0,0.00,76.89 ,50
03,003,00,009,0252,537 ,1071,13,1084,1447,0,2,1,2,0,1,0,0.00,74.91 ,50
03,003,00,009,0252,538 ,1216,15,1231,1609,0,2,1,2,0,1,0,0.00,76.51 ,50
03,003,00,009,0253,539 ,1110,14,1124,1467,0,2,1,2,0,1,0,0.00,76.62 ,50
03,003,00,009,0254,540 ,1011,9,1020,1310,0,2,1,2,0,1,0,0.00,77.86 ,50
03,003,00,009,0255,541 ,926,4,930,1207,0,2,1,2,0,1,0,0.00,77.05 ,50
03,003,00,009,0255,542 ,931,15,946,1234,0,2,1,2,0,1,0,0.00,76.66 ,50
03,003,00,009,0256,543 ,1226,16,1242,1629,0,2,1,2,0,1,0,0.00,76.24 ,50
03,003,00,009,0257,544 ,758,9,767,969,0,2,1,2,0,1,0,0.00,79.15 ,50
03,003,00,009,0258,545 ,1164,15,1179,1513,0,2,1,2,0,1,0,0.00,77.92 ,50
03,003,00,009,0259,546 ,905,7,912,1112,0,2,1,2,0,1,0,0.00,82.01 ,50
03,003,00,009,0259,547 ,1100,15,1115,1463,0,2,1,2,0,1,0,0.00,76.21 ,50
03,003,00,009,0260,548 ,983,13,996,1382,0,2,1,2,0,1,0,0.00,72.07 ,50
03,003,00,009,0261,549 ,941,9,950,1195,0,2,1,2,0,1,0,0.00,79.50 ,50
03,003,00,010,0262,550 ,1012,8,1020,1241,0,2,1,2,0,1,0,0.00,82.19 ,50
03,003,00,010,0262,551 ,838,7,845,1035,0,2,1,2,0,1,0,0.00,81.64 ,50
03,003,00,010,0263,552 ,964,16,980,1199,0,2,1,2,0,1,0,0.00,81.73 ,50
03,003,00,010,0263,553 ,1148,11,1159,1459,0,2,1,2,0,1,0,0.00,79.44 ,50
03,003,00,010,0264,554 ,854,7,861,1055,0,2,1,2,0,1,0,0.00,81.61 ,50
03,003,00,010,0265,555 ,1025,13,1038,1288,0,2,1,2,0,1,0,0.00,80.59 ,50
03,003,00,010,0265,556 ,864,15,879,1146,0,2,1,2,0,1,0,0.00,76.70 ,50
03,003,00,010,0266,557 ,1194,16,1210,1563,0,2,1,2,0,1,0,0.00,77.42 ,50
03,003,00,010,0267,558 ,811,9,820,1030,0,2,1,2,0,1,0,0.00,79.61 ,50
03,003,00,010,0268,559 ,1038,15,1053,1297,0,2,1,2,0,1,0,0.00,81.19 ,50
03,003,00,010,0269,560 ,1326,18,1344,1769,0,2,1,2,0,1,0,0.00,75.98 ,50
03,003,00,010,0270,561 ,1242,10,1252,1610,0,2,1,2,0,1,0,0.00,77.76 ,50
03,003,00,010,0271,562 ,1132,24,1156,1495,0,2,1,2,0,1,0,0.00,77.32 ,50
03,003,00,010,0271,563 ,776,12,788,1042,0,2,1,2,0,1,0,0.00,75.62 ,50
03,003,00,010,0272,564 ,1023,5,1028,1369,0,2,1,2,0,1,0,0.00,75.09 ,50
03,003,00,010,0273,565 ,1165,15,1180,1540,0,2,1,2,0,1,0,0.00,76.62 ,50
03,003,00,010,0274,566 ,843,13,856,1146,0,2,1,2,0,1,0,0.00,74.69 ,50
03,003,00,010,0275,567 ,611,5,616,805,0,2,1,2,0,1,0,0.00,76.52 ,50
03,003,00,010,0276,568 ,548,3,551,717,0,2,1,2,0,1,0,0.00,76.85 ,50
03,003,00,010,0277,569 ,840,5,845,1096,0,2,1,2,0,1,0,0.00,77.10 ,50
03,003,00,010,0278,570 ,819,9,828,1101,0,2,1,2,0,1,0,0.00,75.20 ,50
03,003,00,010,0279,571 ,669,13,682,863,0,2,1,2,0,1,0,0.00,79.03 ,50
03,003,00,010,0279,572 ,951,12,963,1217,0,2,1,2,0,1,0,0.00,79.13 ,50
03,003,00,010,0280,573 ,723,7,730,945,0,2,1,2,0,1,0,0.00,77.25 ,50
03,003,00,010,0281,574 ,552,4,556,736,0,2,1,2,0,1,0,0.00,75.54 ,50
03,003,00,010,0282,575 ,651,9,660,831,0,2,1,2,0,1,0,0.00,79.42 ,50
03,003,00,010,0283,576 ,1144,15,1159,1450,0,2,1,2,0,1,0,0.00,79.93 ,50
03,003,00,010,0284,577 ,800,9,809,1030,0,2,1,2,0,1,0,0.00,78.54 ,50
03,003,00,011,0285,578 ,1176,15,1191,1537,0,2,1,2,0,1,0,0.00,77.49 ,50
03,003,00,011,0285,579 ,1198,16,1214,1506,0,2,1,2,0,1,0,0.00,80.61 ,50
03,003,00,011,0286,580 ,1008,18,1026,1282,0,2,1,2,0,1,0,0.00,80.03 ,50
03,003,00,011,0286,581 ,1189,12,1201,1537,0,2,1,2,0,1,0,0.00,78.14 ,50
03,003,00,011,0287,582 ,791,4,795,1011,0,2,1,2,0,1,0,0.00,78.64 ,50
03,003,00,011,0287,583 ,1171,14,1185,1621,0,2,1,2,0,1,0,0.00,73.10 ,50
03,003,00,011,0288,584 ,1343,16,1359,1752,0,2,1,2,0,1,0,0.00,77.57 ,50
03,003,00,011,0289,585 ,1213,13,1226,1588,0,2,1,2,0,1,0,0.00,77.20 ,50
03,003,00,011,0290,586 ,872,4,876,1078,0,2,1,2,0,1,0,0.00,81.26 ,50
03,003,00,011,0290,587 ,788,10,798,1004,0,2,1,2,0,1,0,0.00,79.48 ,50
03,003,00,011,0291,588 ,994,20,1014,1328,0,2,1,2,0,1,0,0.00,76.36 ,50
03,003,00,011,0291,589 ,742,13,755,938,0,2,1,2,0,1,0,0.00,80.49 ,50
03,003,00,011,0292,590 ,1214,17,1231,1504,0,2,1,2,0,1,0,0.00,81.85 ,50
03,003,00,011,0293,591 ,1176,14,1190,1493,0,2,1,2,0,1,0,0.00,79.71 ,50
03,003,00,011,0293,592 ,1098,19,1117,1423,0,2,1,2,0,1,0,0.00,78.50 ,50
03,003,00,011,0294,593 ,945,10,955,1194,0,2,1,2,0,1,0,0.00,79.98 ,50
03,003,00,011,0294,594 ,1023,9,1032,1285,0,2,1,2,0,1,0,0.00,80.31 ,50
03,003,00,011,0295,595 ,1477,17,1494,1960,0,2,1,2,0,1,0,0.00,76.22 ,50
03,003,00,011,0296,596 ,988,22,1010,1285,0,2,1,2,0,1,0,0.00,78.60 ,50
03,003,00,011,0296,597 ,859,19,878,1138,0,2,1,2,0,1,0,0.00,77.15 ,50
03,003,00,011,0297,598 ,1187,10,1197,1494,0,2,1,2,0,1,0,0.00,80.12 ,50
03,003,00,011,0297,599 ,1027,16,1043,1320,0,2,1,2,0,1,0,0.00,79.02 ,50
03,003,00,011,0298,600 ,816,11,827,1047,0,2,1,2,0,1,0,0.00,78.99 ,50
03,003,00,011,0298,601 ,895,10,905,1183,0,2,1,2,0,1,0,0.00,76.50 ,50
03,003,00,011,0299,602 ,983,19,1002,1341,0,2,1,2,0,1,0,0.00,74.72 ,50
03,003,00,011,0300,603 ,985,13,998,1245,0,2,1,2,0,1,0,0.00,80.16 ,50
03,003,00,011,0301,604 ,1153,15,1168,1436,0,2,1,2,0,1,0,0.00,81.34 ,50
03,003,00,011,0301,605 ,803,8,811,1003,0,2,1,2,0,1,0,0.00,80.86 ,50
03,003,00,011,0302,606 ,969,15,984,1261,0,2,1,2,0,1,0,0.00,78.03 ,50
03,003,00,011,0302,607 ,1088,17,1105,1355,0,2,1,2,0,1,0,0.00,81.55 ,50
03,003,00,011,0303,608 ,1035,18,1053,1326,0,2,1,2,0,1,0,0.00,79.41 ,50
03,003,00,011,0303,609 ,973,18,991,1246,0,2,1,2,0,1,0,0.00,79.53 ,50
03,003,00,011,0304,610 ,907,16,923,1189,0,2,1,2,0,1,0,0.00,77.63 ,50
03,003,00,011,0304,611 ,627,4,631,806,0,2,1,2,0,1,0,0.00,78.29 ,50
03,003,00,011,0305,612 ,860,16,876,1164,0,2,1,2,0,1,0,0.00,75.26 ,50
03,003,00,011,0305,613 ,964,13,977,1219,0,2,1,2,0,1,0,0.00,80.15 ,50
03,003,00,011,0306,614 ,806,12,818,1002,0,2,1,2,0,1,0,0.00,81.64 ,50
03,003,00,011,0306,615 ,788,7,795,1007,0,2,1,2,0,1,0,0.00,78.95 ,50
03,003,00,011,0306,616 ,871,16,887,1238,0,2,1,2,0,1,0,0.00,71.65 ,50
03,003,00,011,0307,617 ,994,16,1010,1254,0,2,1,2,0,1,0,0.00,80.54 ,50
03,003,00,011,0307,618 ,1023,13,1036,1293,0,2,1,2,0,1,0,0.00,80.12 ,50
03,003,00,011,0307,619 ,949,9,958,1277,0,2,1,2,0,1,0,0.00,75.02 ,50
03,003,00,011,0308,620 ,1003,14,1017,1295,0,2,1,2,0,1,0,0.00,78.53 ,50
03,003,00,011,0309,621 ,1011,9,1020,1299,0,2,1,2,0,1,0,0.00,78.52 ,50
03,003,00,011,0309,622 ,977,21,998,1266,0,2,1,2,0,1,0,0.00,78.83 ,50
03,003,00,011,0309,623 ,1090,26,1116,1434,0,2,1,2,0,1,0,0.00,77.82 ,50
03,003,00,011,0310,624 ,852,15,867,1107,0,2,1,2,0,1,0,0.00,78.32 ,50
03,003,00,011,0310,625 ,927,15,942,1244,0,2,1,2,0,1,0,0.00,75.72 ,50
03,003,00,011,0311,626 ,1168,15,1183,1506,0,2,1,2,0,1,0,0.00,78.55 ,50
03,003,00,011,0311,627 ,1243,10,1253,1606,0,2,1,2,0,1,0,0.00,78.02 ,50
03,003,00,011,0312,628 ,1268,18,1286,1633,0,2,1,2,0,1,0,0.00,78.75 ,50
03,003,00,011,0312,629 ,900,8,908,1132,0,2,1,2,0,1,0,0.00,80.21 ,50
03,003,00,011,0313,630 ,978,7,985,1260,0,2,1,2,0,1,0,0.00,78.17 ,50
03,003,00,011,0313,631 ,874,6,880,1115,0,2,1,2,0,1,0,0.00,78.92 ,50
03,003,00,011,0313,632 ,1249,14,1263,1633,0,2,1,2,0,1,0,0.00,77.34 ,50
03,003,00,011,0314,633 ,1044,15,1059,1321,0,2,1,2,0,1,0,0.00,80.17 ,50
03,003,00,011,0314,634 ,1036,10,1046,1321,0,2,1,2,0,1,0,0.00,79.18 ,50
03,003,00,011,0314,635 ,913,18,931,1184,0,2,1,2,0,1,0,0.00,78.63 ,50
03,003,00,011,0315,636 ,1022,16,1038,1318,0,2,1,2,0,1,0,0.00,78.76 ,50
03,003,00,011,0315,637 ,1103,11,1114,1442,0,2,1,2,0,1,0,0.00,77.25 ,50
03,003,00,011,0316,638 ,1190,23,1213,1564,0,2,1,2,0,1,0,0.00,77.56 ,50
03,003,00,011,0316,639 ,841,15,856,1086,0,2,1,2,0,1,0,0.00,78.82 ,50
03,003,00,011,0317,640 ,810,14,824,1049,0,2,1,2,0,1,0,0.00,78.55 ,50
03,003,00,011,0317,641 ,726,13,739,983,0,2,1,2,0,1,0,0.00,75.18 ,50
03,003,00,011,0317,642 ,782,13,795,1078,0,2,1,2,0,1,0,0.00,73.75 ,50
03,003,00,011,0318,643 ,1145,23,1168,1478,0,2,1,2,0,1,0,0.00,79.03 ,50
03,003,00,011,0318,644 ,1286,17,1303,1640,0,2,1,2,0,1,0,0.00,79.45 ,50
03,003,00,011,0319,645 ,798,10,808,1062,0,2,1,2,0,1,0,0.00,76.08 ,50
03,003,00,011,0319,646 ,813,4,817,1088,0,2,1,2,0,1,0,0.00,75.09 ,50
03,003,00,011,0320,647 ,764,17,781,1003,0,2,1,2,0,1,0,0.00,77.87 ,50
03,003,00,011,0320,648 ,813,12,825,1026,0,2,1,2,0,1,0,0.00,80.41 ,50
03,003,00,011,0320,649 ,690,10,700,884,0,2,1,2,0,1,0,0.00,79.19 ,50
03,003,00,011,0321,650 ,853,14,867,1131,0,2,1,2,0,1,0,0.00,76.66 ,50
03,003,00,011,0321,651 ,627,6,633,810,0,2,1,2,0,1,0,0.00,78.15 ,50
03,003,00,011,0322,652 ,973,10,983,1279,0,2,1,2,0,1,0,0.00,76.86 ,50
03,003,00,011,0322,653 ,1229,12,1241,1529,0,2,1,2,0,1,0,0.00,81.16 ,50
03,003,00,011,0322,654 ,1087,14,1101,1377,0,2,1,2,0,1,0,0.00,79.96 ,50
03,003,00,011,0322,655 ,1031,16,1047,1337,0,2,1,2,0,1,0,0.00,78.31 ,50
03,003,00,011,0323,656 ,1051,10,1061,1398,0,2,1,2,0,1,0,0.00,75.89 ,50
03,003,00,011,0323,657 ,1121,10,1131,1412,0,2,1,2,0,1,0,0.00,80.10 ,50
03,003,00,011,0324,658 ,866,14,880,1083,0,2,1,2,0,1,0,0.00,81.26 ,50
03,003,00,011,0324,659 ,593,8,601,755,0,2,1,2,0,1,0,0.00,79.60 ,50
03,003,00,011,0325,660 ,839,14,853,1128,0,2,1,2,0,1,0,0.00,75.62 ,50
03,003,00,011,0325,661 ,847,13,860,1074,0,2,1,2,0,1,0,0.00,80.07 ,50
03,003,00,012,0326,662 ,903,13,916,1172,0,2,1,2,0,1,0,0.00,78.16 ,50
03,003,00,012,0326,663 ,1155,16,1171,1467,0,2,1,2,0,1,0,0.00,79.82 ,50
03,003,00,012,0326,664 ,820,13,833,1025,0,2,1,2,0,1,0,0.00,81.27 ,50
03,003,00,012,0327,665 ,1274,20,1294,1609,0,2,1,2,0,1,0,0.00,80.42 ,50
03,003,00,012,0328,666 ,986,9,995,1257,0,2,1,2,0,1,0,0.00,79.16 ,50
03,003,00,012,0328,667 ,1036,15,1051,1284,0,2,1,2,0,1,0,0.00,81.85 ,50
03,003,00,012,0329,668 ,757,12,769,943,0,2,1,2,0,1,0,0.00,81.55 ,50
03,003,00,012,0329,669 ,605,5,610,771,0,2,1,2,0,1,0,0.00,79.12 ,50
03,003,00,012,0330,670 ,663,7,670,840,0,2,1,2,0,1,0,0.00,79.76 ,50
03,003,00,012,0330,671 ,721,6,727,916,0,2,1,2,0,1,0,0.00,79.37 ,50
03,003,00,012,0331,672 ,1005,12,1017,1367,0,2,1,2,0,1,0,0.00,74.40 ,50
03,003,00,012,0331,673 ,1022,17,1039,1395,0,2,1,2,0,1,0,0.00,74.48 ,50
03,003,00,012,0331,674 ,998,11,1009,1271,0,2,1,2,0,1,0,0.00,79.39 ,50
03,003,00,012,0331,675 ,1136,13,1149,1513,0,2,1,2,0,1,0,0.00,75.94 ,50
03,003,00,012,0332,676 ,864,7,871,1116,0,2,1,2,0,1,0,0.00,78.05 ,50
03,003,00,012,0332,677 ,919,9,928,1279,0,2,1,2,0,1,0,0.00,72.56 ,50
03,003,00,012,0332,678 ,926,12,938,1312,0,2,1,2,0,1,0,0.00,71.49 ,50
03,003,00,012,0332,679 ,1240,16,1256,1608,0,2,1,2,0,1,0,0.00,78.11 ,50
03,003,00,012,0333,680 ,930,14,944,1159,0,2,1,2,0,1,0,0.00,81.45 ,50
03,003,00,012,0333,681 ,1015,11,1026,1289,0,2,1,2,0,1,0,0.00,79.60 ,50
03,003,00,012,0333,682 ,1042,10,1052,1324,0,2,1,2,0,1,0,0.00,79.46 ,50
03,003,00,012,0334,683 ,1146,11,1157,1406,0,2,1,2,0,1,0,0.00,82.29 ,50
03,003,00,012,0334,684 ,1080,15,1095,1366,0,2,1,2,0,1,0,0.00,80.16 ,50
03,003,00,012,0335,685 ,872,14,886,1145,0,2,1,2,0,1,0,0.00,77.38 ,50
03,003,00,012,0336,686 ,1253,16,1269,1643,0,2,1,2,0,1,0,0.00,77.24 ,50
03,003,00,012,0337,687 ,762,14,776,966,0,2,1,2,0,1,0,0.00,80.33 ,50
03,003,00,012,0337,688 ,906,7,913,1099,0,2,1,2,0,1,0,0.00,83.08 ,50
03,003,00,012,0338,689 ,1194,16,1210,1476,0,2,1,2,0,1,0,0.00,81.98 ,50
03,003,00,012,0338,690 ,1198,17,1215,1466,0,2,1,2,0,1,0,0.00,82.88 ,50
03,003,00,012,0339,691 ,972,17,989,1246,0,2,1,2,0,1,0,0.00,79.37 ,50
03,003,00,012,0339,692 ,1039,10,1049,1331,0,2,1,2,0,1,0,0.00,78.81 ,50
03,003,00,012,0339,693 ,1059,23,1082,1310,0,2,1,2,0,1,0,0.00,82.60 ,50
03,003,00,012,0339,694 ,1082,15,1097,1388,0,2,1,2,0,1,0,0.00,79.03 ,50
03,003,00,012,0340,695 ,1142,13,1155,1435,0,2,1,2,0,1,0,0.00,80.49 ,50
03,003,00,012,0341,696 ,1130,21,1151,1468,0,2,1,2,0,1,0,0.00,78.41 ,50
03,003,00,012,0341,697 ,1009,17,1026,1294,0,2,1,2,0,1,0,0.00,79.29 ,50
03,003,00,012,0342,698 ,1029,25,1054,1293,0,2,1,2,0,1,0,0.00,81.52 ,50
03,003,00,012,0342,699 ,969,22,991,1262,0,2,1,2,0,1,0,0.00,78.53 ,50
03,003,00,012,0342,700 ,964,19,983,1312,0,2,1,2,0,1,0,0.00,74.92 ,50
03,003,00,012,0343,701 ,1138,26,1164,1511,0,2,1,2,0,1,0,0.00,77.04 ,50
03,003,00,012,0344,702 ,1204,17,1221,1528,0,2,1,2,0,1,0,0.00,79.91 ,50
03,003,00,012,0345,703 ,951,22,973,1231,0,2,1,2,0,1,0,0.00,79.04 ,50
03,003,00,012,0345,704 ,911,16,927,1197,0,2,1,2,0,1,0,0.00,77.44 ,50
03,003,00,012,0346,705 ,778,9,787,986,0,2,1,2,0,1,0,0.00,79.82 ,50
03,003,00,012,0346,706 ,712,9,721,905,0,2,1,2,0,1,0,0.00,79.67 ,50
03,003,00,012,0347,707 ,752,11,763,1012,0,2,1,2,0,1,0,0.00,75.40 ,50
03,003,00,012,0347,708 ,766,13,779,1055,0,2,1,2,0,1,0,0.00,73.84 ,50
03,003,00,012,0347,709 ,1088,22,1110,1447,0,2,1,2,0,1,0,0.00,76.71 ,50
03,003,00,012,0348,710 ,1137,18,1155,1502,0,2,1,2,0,1,0,0.00,76.90 ,50
03,003,00,012,0348,711 ,742,15,757,1027,0,2,1,2,0,1,0,0.00,73.71 ,50
03,003,00,012,0348,712 ,872,16,888,1125,0,2,1,2,0,1,0,0.00,78.93 ,50
03,003,00,012,0348,713 ,652,13,665,824,0,2,1,2,0,1,0,0.00,80.70 ,50
03,003,00,012,0349,714 ,1061,11,1072,1349,0,2,1,2,0,1,0,0.00,79.47 ,50
03,003,00,012,0349,715 ,1044,13,1057,1330,0,2,1,2,0,1,0,0.00,79.47 ,50
03,003,00,012,0350,716 ,1004,15,1019,1282,0,2,1,2,0,1,0,0.00,79.49 ,50
03,003,00,012,0350,717 ,967,18,985,1278,0,2,1,2,0,1,0,0.00,77.07 ,50
03,003,00,013,0351,718 ,1438,15,1453,1851,0,2,1,2,0,1,0,0.00,78.50 ,50
03,003,00,013,0351,719 ,1164,17,1181,1518,0,2,1,2,0,1,0,0.00,77.80 ,50
03,003,00,013,0351,720 ,1154,15,1169,1447,0,2,1,2,0,1,0,0.00,80.79 ,50
03,003,00,013,0352,721 ,1393,12,1405,1713,0,2,1,2,0,1,0,0.00,82.02 ,50
03,003,00,013,0352,722 ,1151,12,1163,1439,0,2,1,2,0,1,0,0.00,80.82 ,50
03,003,00,013,0353,723 ,1058,22,1080,1374,0,2,1,2,0,1,0,0.00,78.60 ,50
03,003,00,013,0353,724 ,1060,20,1080,1430,0,2,1,2,0,1,0,0.00,75.52 ,50
03,003,00,013,0353,725 ,1176,19,1195,1519,0,2,1,2,0,1,0,0.00,78.67 ,50
03,003,00,013,0354,726 ,584,8,592,741,0,2,1,2,0,1,0,0.00,79.89 ,50
03,003,00,013,0355,727 ,1300,14,1314,1623,0,2,1,2,0,1,0,0.00,80.96 ,50
03,003,00,013,0355,728 ,1356,18,1374,1818,0,2,1,2,0,1,0,0.00,75.58 ,50
03,003,00,013,0355,729 ,1086,17,1103,1398,0,2,1,2,0,1,0,0.00,78.90 ,50
03,003,00,013,0356,730 ,855,20,875,1132,0,2,1,2,0,1,0,0.00,77.30 ,50
03,003,00,013,0356,731 ,740,11,751,972,0,2,1,2,0,1,0,0.00,77.26 ,50
03,003,00,013,0356,732 ,898,15,913,1178,0,2,1,2,0,1,0,0.00,77.50 ,50
03,003,00,013,0356,733 ,951,16,967,1246,0,2,1,2,0,1,0,0.00,77.61 ,50
03,003,00,013,0357,734 ,1595,29,1624,2061,0,2,1,2,0,1,0,0.00,78.80 ,50
03,003,00,013,0358,735 ,805,7,812,989,0,2,1,2,0,1,0,0.00,82.10 ,50
03,003,00,013,0358,736 ,823,8,831,998,0,2,1,2,0,1,0,0.00,83.27 ,50
03,003,00,013,0359,737 ,1272,15,1287,1547,0,2,1,2,0,1,0,0.00,83.19 ,50
03,003,00,013,0359,738 ,1731,29,1760,2278,0,2,1,2,0,1,0,0.00,77.26 ,50
03,003,00,013,0359,739 ,1223,19,1242,1562,0,2,1,2,0,1,0,0.00,79.51 ,50
03,003,00,013,0360,740 ,1168,22,1190,1563,0,2,1,2,0,1,0,0.00,76.14 ,50
03,003,00,013,0360,741 ,1567,21,1588,2020,0,2,1,2,0,1,0,0.00,78.61 ,50
03,003,00,013,0361,742 ,1003,11,1014,1281,0,2,1,2,0,1,0,0.00,79.16 ,50
03,003,00,013,0361,743 ,1358,22,1380,1730,0,2,1,2,0,1,0,0.00,79.77 ,50
03,003,00,013,0361,744 ,1399,35,1434,1852,0,2,1,2,0,1,0,0.00,77.43 ,50
03,003,00,013,0361,745 ,1432,22,1454,1950,0,2,1,2,0,1,0,0.00,74.56 ,50
03,003,00,013,0362,746 ,1241,14,1255,1583,0,2,1,2,0,1,0,0.00,79.28 ,50
03,003,00,013,0362,747 ,1009,4,1013,1213,0,2,1,2,0,1,0,0.00,83.51 ,50
03,003,00,013,0363,748 ,968,10,978,1262,0,2,1,2,0,1,0,0.00,77.50 ,50
03,003,00,013,0364,749 ,582,5,587,761,0,2,1,2,0,1,0,0.00,77.14 ,50
03,003,00,013,0365,750 ,1278,6,1284,1601,0,2,1,2,0,1,0,0.00,80.20 ,50
03,003,00,013,0365,751 ,1229,16,1245,1522,0,2,1,2,0,1,0,0.00,81.80 ,50
03,003,00,013,0365,752 ,1285,4,1289,1584,0,2,1,2,0,1,0,0.00,81.38 ,50
03,003,00,013,0365,753 ,1173,16,1189,1500,0,2,1,2,0,1,0,0.00,79.27 ,50
03,003,00,013,0366,754 ,1468,19,1487,1886,0,2,1,2,0,1,0,0.00,78.84 ,50
03,003,00,013,0367,755 ,1507,26,1533,1938,0,2,1,2,0,1,0,0.00,79.10 ,50
03,003,00,013,0368,756 ,657,12,669,850,0,2,1,2,0,1,0,0.00,78.71 ,50
03,003,00,013,0369,757 ,521,8,529,659,0,2,1,2,0,1,0,0.00,80.27 ,50
03,004,00,001,0001,1 ,753,11,764,945,0,2,1,2,0,1,0,0.00,80.85 ,50
03,004,00,001,0002,2 ,354,6,360,437,0,2,1,2,0,1,0,0.00,82.38 ,50
03,004,00,001,0003,3 ,966,10,976,1207,0,2,1,2,0,1,0,0.00,80.86 ,50
03,004,00,001,0004,4 ,596,7,603,740,0,2,1,2,0,1,0,0.00,81.49 ,50
03,004,00,001,0005,5 ,874,4,878,1088,0,2,1,2,0,1,0,0.00,80.70 ,50
03,004,00,001,0005,6 ,815,5,820,1019,0,2,1,2,0,1,0,0.00,80.47 ,50
03,004,00,001,0006,7 ,1038,12,1050,1319,0,2,1,2,0,1,0,0.00,79.61 ,50
03,004,00,001,0006,8 ,876,9,885,1088,0,2,1,2,0,1,0,0.00,81.34 ,50
03,004,00,001,0006,9 ,798,6,804,1017,0,2,1,2,0,1,0,0.00,79.06 ,50
03,004,00,001,0007,10 ,910,8,918,1165,0,2,1,2,0,1,0,0.00,78.80 ,50
03,004,00,001,0007,11 ,1124,13,1137,1400,0,2,1,2,0,1,0,0.00,81.21 ,50
03,004,00,001,0007,12 ,1052,10,1062,1367,0,2,1,2,0,1,0,0.00,77.69 ,50
03,004,00,001,0007,13 ,615,10,625,786,0,2,1,2,0,1,0,0.00,79.52 ,50
03,004,00,001,0007,14 ,655,5,660,805,0,2,1,2,0,1,0,0.00,81.99 ,50
03,004,00,001,0008,15 ,1159,17,1176,1482,0,2,1,2,0,1,0,0.00,79.35 ,50
03,004,00,001,0008,16 ,741,8,749,942,0,2,1,2,0,1,0,0.00,79.51 ,50
03,004,00,001,0009,17 ,833,4,837,1078,0,2,1,2,0,1,0,0.00,77.64 ,50
03,004,00,001,0009,18 ,952,13,965,1227,0,2,1,2,0,1,0,0.00,78.65 ,50
03,004,00,001,0009,19 ,908,15,923,1167,0,2,1,2,0,1,0,0.00,79.09 ,50
03,004,00,001,0009,20 ,880,9,889,1120,0,2,1,2,0,1,0,0.00,79.38 ,50
03,004,00,001,0010,21 ,1017,14,1031,1259,0,2,1,2,0,1,0,0.00,81.89 ,50
03,004,00,001,0010,22 ,996,11,1007,1310,0,2,1,2,0,1,0,0.00,76.87 ,50
03,004,00,001,0010,23 ,883,13,896,1148,0,2,1,2,0,1,0,0.00,78.05 ,50
03,004,00,001,0010,24 ,735,1,736,953,0,2,1,2,0,1,0,0.00,77.23 ,50
03,004,00,001,0010,25 ,821,5,826,1012,0,2,1,2,0,1,0,0.00,81.62 ,50
03,004,00,001,0011,26 ,823,9,832,1050,0,2,1,2,0,1,0,0.00,79.24 ,50
03,004,00,001,0011,27 ,1232,9,1241,1587,0,2,1,2,0,1,0,0.00,78.20 ,50
03,004,00,001,0012,28 ,1032,12,1044,1301,0,2,1,2,0,1,0,0.00,80.25 ,50
03,004,00,001,0012,29 ,819,13,832,1094,0,2,1,2,0,1,0,0.00,76.05 ,50
03,004,00,001,0012,30 ,990,14,1004,1291,0,2,1,2,0,1,0,0.00,77.77 ,50
03,004,00,001,0013,31 ,1048,14,1062,1354,0,2,1,2,0,1,0,0.00,78.43 ,50
03,004,00,001,0013,32 ,1081,11,1092,1409,0,2,1,2,0,1,0,0.00,77.50 ,50
03,004,00,001,0014,33 ,801,14,815,1043,0,2,1,2,0,1,0,0.00,78.14 ,50
03,004,00,001,0014,34 ,975,22,997,1246,0,2,1,2,0,1,0,0.00,80.02 ,50
03,004,00,001,0015,35 ,812,8,820,1005,0,2,1,2,0,1,0,0.00,81.59 ,50
03,004,00,001,0016,36 ,1081,19,1100,1412,0,2,1,2,0,1,0,0.00,77.90 ,50
03,004,00,001,0017,37 ,535,9,544,725,0,2,1,2,0,1,0,0.00,75.03 ,50
03,004,00,001,0018,38 ,1045,19,1064,1354,0,2,1,2,0,1,0,0.00,78.58 ,50
03,004,00,001,0019,39 ,768,14,782,973,0,2,1,2,0,1,0,0.00,80.37 ,50
03,004,00,001,0020,40 ,902,13,915,1204,0,2,1,2,0,1,0,0.00,76.00 ,50
03,004,00,001,0021,41 ,922,12,934,1179,0,2,1,2,0,1,0,0.00,79.22 ,50
03,004,00,001,0022,42 ,956,8,964,1251,0,2,1,2,0,1,0,0.00,77.06 ,50
03,004,00,001,0023,43 ,1036,17,1053,1343,0,2,1,2,0,1,0,0.00,78.41 ,50
03,004,00,002,0024,44 ,379,2,381,499,0,2,1,2,0,1,0,0.00,76.35 ,50
03,004,00,002,0025,45 ,268,6,274,379,0,2,1,2,0,1,0,0.00,72.30 ,50
03,004,00,002,0026,46 ,323,4,327,403,0,2,1,2,0,1,0,0.00,81.14 ,50
03,004,00,002,0027,47 ,599,6,605,762,0,2,1,2,0,1,0,0.00,79.40 ,50
03,004,00,002,0027,48 ,749,7,756,947,0,2,1,2,0,1,0,0.00,79.83 ,50
03,004,00,002,0028,49 ,866,9,875,1141,0,2,1,2,0,1,0,0.00,76.69 ,50
03,004,00,002,0028,50 ,783,9,792,997,0,2,1,2,0,1,0,0.00,79.44 ,50
03,004,00,002,0028,51 ,672,8,680,826,0,2,1,2,0,1,0,0.00,82.32 ,50
03,004,00,002,0028,52 ,745,15,760,943,0,2,1,2,0,1,0,0.00,80.59 ,50
03,004,00,002,0028,53 ,768,10,778,943,0,2,1,2,0,1,0,0.00,82.50 ,50
03,004,00,002,0029,54 ,648,6,654,844,0,2,1,2,0,1,0,0.00,77.49 ,50
03,004,00,002,0029,55 ,683,7,690,851,0,2,1,2,0,1,0,0.00,81.08 ,50
03,004,00,002,0029,56 ,736,6,742,899,0,2,1,2,0,1,0,0.00,82.54 ,50
03,004,00,002,0030,57 ,550,9,559,690,0,2,1,2,0,1,0,0.00,81.01 ,50
03,004,00,002,0030,58 ,628,7,635,755,0,2,1,2,0,1,0,0.00,84.11 ,50
03,004,00,002,0031,59 ,714,4,718,889,0,2,1,2,0,1,0,0.00,80.76 ,50
03,004,00,002,0031,60 ,800,9,809,1007,0,2,1,2,0,1,0,0.00,80.34 ,50
03,004,00,002,0031,61 ,712,12,724,891,0,2,1,2,0,1,0,0.00,81.26 ,50
03,004,00,002,0032,62 ,797,5,802,981,0,2,1,2,0,1,0,0.00,81.75 ,50
03,004,00,002,0032,63 ,809,6,815,994,0,2,1,2,0,1,0,0.00,81.99 ,50
03,004,00,002,0033,64 ,978,6,984,1202,0,2,1,2,0,1,0,0.00,81.86 ,50
03,004,00,002,0034,65 ,670,4,674,819,0,2,1,2,0,1,0,0.00,82.30 ,50
03,004,00,002,0035,66 ,808,7,815,1024,0,2,1,2,0,1,0,0.00,79.59 ,50
03,004,00,002,0035,67 ,856,12,868,1079,0,2,1,2,0,1,0,0.00,80.44 ,50
03,004,00,002,0036,68 ,769,16,785,972,0,2,1,2,0,1,0,0.00,80.76 ,50
03,004,00,002,0036,69 ,998,11,1009,1277,0,2,1,2,0,1,0,0.00,79.01 ,50
03,004,00,002,0036,70 ,812,7,819,1033,0,2,1,2,0,1,0,0.00,79.28 ,50
03,004,00,002,0037,71 ,867,10,877,1156,0,2,1,2,0,1,0,0.00,75.87 ,50
03,004,00,002,0037,72 ,997,14,1011,1277,0,2,1,2,0,1,0,0.00,79.17 ,50
03,004,00,002,0038,73 ,554,6,560,673,0,2,1,2,0,1,0,0.00,83.21 ,50
03,004,00,002,0038,74 ,683,6,689,854,0,2,1,2,0,1,0,0.00,80.68 ,50
03,004,00,002,0039,75 ,999,16,1015,1287,0,2,1,2,0,1,0,0.00,78.87 ,50
03,004,00,002,0040,76 ,589,6,595,721,0,2,1,2,0,1,0,0.00,82.52 ,50
03,004,00,002,0040,77 ,594,5,599,731,0,2,1,2,0,1,0,0.00,81.94 ,50
03,004,00,002,0041,78 ,822,11,833,1013,0,2,1,2,0,1,0,0.00,82.23 ,50
03,004,00,002,0041,79 ,851,11,862,1060,0,2,1,2,0,1,0,0.00,81.32 ,50
03,004,00,002,0041,80 ,699,11,710,870,0,2,1,2,0,1,0,0.00,81.61 ,50
03,004,00,002,0041,81 ,831,10,841,1039,0,2,1,2,0,1,0,0.00,80.94 ,50
03,004,00,002,0041,82 ,707,15,722,924,0,2,1,2,0,1,0,0.00,78.14 ,50
03,004,00,002,0042,83 ,903,9,912,1170,0,2,1,2,0,1,0,0.00,77.95 ,50
03,004,00,002,0042,84 ,628,14,642,808,0,2,1,2,0,1,0,0.00,79.46 ,50
03,004,00,002,0042,85 ,744,10,754,949,0,2,1,2,0,1,0,0.00,79.45 ,50
03,004,00,002,0042,86 ,640,6,646,805,0,2,1,2,0,1,0,0.00,80.25 ,50
03,004,00,002,0043,87 ,353,4,357,439,0,2,1,2,0,1,0,0.00,81.32 ,50
03,004,00,002,0044,88 ,1143,14,1157,1459,0,2,1,2,0,1,0,0.00,79.30 ,50
03,004,00,002,0044,89 ,624,5,629,774,0,2,1,2,0,1,0,0.00,81.27 ,50
03,004,00,002,0044,90 ,530,9,539,648,0,2,1,2,0,1,0,0.00,83.18 ,50
03,004,00,002,0044,91 ,773,10,783,988,0,2,1,2,0,1,0,0.00,79.25 ,50
03,004,00,002,0045,92 ,975,24,999,1232,0,2,1,2,0,1,0,0.00,81.09 ,50
03,004,00,002,0045,93 ,904,13,917,1129,0,2,1,2,0,1,0,0.00,81.22 ,50
03,004,00,002,0045,94 ,1068,13,1081,1332,0,2,1,2,0,1,0,0.00,81.16 ,50
03,004,00,002,0045,95 ,1023,16,1039,1295,0,2,1,2,0,1,0,0.00,80.23 ,50
03,004,00,002,0046,96 ,812,9,821,1048,0,2,1,2,0,1,0,0.00,78.34 ,50
03,004,00,002,0046,97 ,728,8,736,896,0,2,1,2,0,1,0,0.00,82.14 ,50
03,004,00,002,0046,98 ,972,15,987,1209,0,2,1,2,0,1,0,0.00,81.64 ,50
03,004,00,002,0047,99 ,1017,12,1029,1305,0,2,1,2,0,1,0,0.00,78.85 ,50
03,004,00,002,0048,100 ,534,10,544,695,0,2,1,2,0,1,0,0.00,78.27 ,50
03,004,00,003,0049,101 ,792,9,801,975,0,2,1,2,0,1,0,0.00,82.15 ,50
03,004,00,003,0050,102 ,555,4,559,666,0,2,1,2,0,1,0,0.00,83.93 ,50
03,004,00,003,0051,103 ,787,17,804,1014,0,2,1,2,0,1,0,0.00,79.29 ,50
03,004,00,003,0052,104 ,1202,25,1227,1465,0,2,1,2,0,1,0,0.00,83.75 ,50
03,004,00,003,0052,105 ,621,7,628,754,0,2,1,2,0,1,0,0.00,83.29 ,50
03,004,00,003,0053,106 ,1240,18,1258,1579,0,2,1,2,0,1,0,0.00,79.67 ,50
03,004,00,003,0054,107 ,1291,16,1307,1612,0,2,1,2,0,1,0,0.00,81.08 ,50
03,004,00,003,0055,108 ,1084,24,1108,1349,0,2,1,2,0,1,0,0.00,82.13 ,50
03,004,00,003,0055,109 ,891,26,917,1143,0,2,1,2,0,1,0,0.00,80.23 ,50
03,004,00,003,0056,110 ,1117,9,1126,1397,0,2,1,2,0,1,0,0.00,80.60 ,50
03,004,00,003,0057,111 ,350,6,356,436,0,2,1,2,0,1,0,0.00,81.65 ,50
03,004,00,003,0058,112 ,550,4,554,705,0,2,1,2,0,1,0,0.00,78.58 ,50
03,004,00,003,0059,113 ,484,10,494,614,0,2,1,2,0,1,0,0.00,80.46 ,50
03,004,00,003,0060,114 ,903,8,911,1114,0,2,1,2,0,1,0,0.00,81.78 ,50
03,004,00,003,0061,115 ,884,13,897,1109,0,2,1,2,0,1,0,0.00,80.88 ,50
03,004,00,003,0062,116 ,558,6,564,707,0,2,1,2,0,1,0,0.00,79.77 ,50
03,004,00,003,0063,117 ,945,25,970,1225,0,2,1,2,0,1,0,0.00,79.18 ,50
03,004,00,003,0063,118 ,794,12,806,986,0,2,1,2,0,1,0,0.00,81.74 ,50
03,004,00,003,0063,119 ,903,8,911,1135,0,2,1,2,0,1,0,0.00,80.26 ,50
03,004,00,003,0064,120 ,1181,18,1199,1488,0,2,1,2,0,1,0,0.00,80.58 ,50
03,004,00,003,0065,121 ,1251,15,1266,1608,0,2,1,2,0,1,0,0.00,78.73 ,50
03,004,00,003,0066,122 ,769,10,779,958,0,2,1,2,0,1,0,0.00,81.32 ,50
03,004,00,003,0067,123 ,526,6,532,659,0,2,1,2,0,1,0,0.00,80.73 ,50
03,004,00,004,0068,124 ,521,6,527,623,0,2,1,2,0,1,0,0.00,84.59 ,50
03,004,00,004,0069,125 ,1211,13,1224,1483,0,2,1,2,0,1,0,0.00,82.54 ,50
03,004,00,004,0070,126 ,607,7,614,740,0,2,1,2,0,1,0,0.00,82.97 ,50
03,004,00,004,0071,127 ,656,14,670,842,0,2,1,2,0,1,0,0.00,79.57 ,50
03,004,00,004,0071,128 ,892,8,900,1118,0,2,1,2,0,1,0,0.00,80.50 ,50
03,004,00,004,0071,129 ,1086,16,1102,1378,0,2,1,2,0,1,0,0.00,79.97 ,50
03,004,00,004,0072,130 ,622,6,628,765,0,2,1,2,0,1,0,0.00,82.09 ,50
03,004,00,004,0073,131 ,698,13,711,888,0,2,1,2,0,1,0,0.00,80.07 ,50
03,004,00,004,0074,132 ,844,11,855,1047,0,2,1,2,0,1,0,0.00,81.66 ,50
03,004,00,004,0075,133 ,909,11,920,1181,0,2,1,2,0,1,0,0.00,77.90 ,50
03,004,00,004,0075,134 ,987,16,1003,1261,0,2,1,2,0,1,0,0.00,79.54 ,50
03,004,00,004,0076,135 ,574,8,582,736,0,2,1,2,0,1,0,0.00,79.08 ,50
03,004,00,004,0077,136 ,899,8,907,1117,0,2,1,2,0,1,0,0.00,81.20 ,50
03,004,00,004,0078,137 ,779,12,791,1007,0,2,1,2,0,1,0,0.00,78.55 ,50
03,004,00,004,0079,138 ,470,7,477,616,0,2,1,2,0,1,0,0.00,77.44 ,50
03,004,00,004,0080,139 ,417,4,421,548,0,2,1,2,0,1,0,0.00,76.82 ,50
03,004,00,004,0081,140 ,532,6,538,684,0,2,1,2,0,1,0,0.00,78.65 ,50
03,004,00,004,0082,141 ,854,6,860,1144,0,2,1,2,0,1,0,0.00,75.17 ,50
03,004,00,004,0083,142 ,572,6,578,720,0,2,1,2,0,1,0,0.00,80.28 ,50
03,004,00,004,0084,143 ,729,5,734,895,0,2,1,2,0,1,0,0.00,82.01 ,50
03,004,00,004,0084,144 ,724,15,739,929,0,2,1,2,0,1,0,0.00,79.55 ,50
03,004,00,004,0085,145 ,761,13,774,994,0,2,1,2,0,1,0,0.00,77.87 ,50
03,004,00,004,0086,146 ,688,5,693,869,0,2,1,2,0,1,0,0.00,79.75 ,50
03,004,00,004,0087,147 ,488,5,493,597,0,2,1,2,0,1,0,0.00,82.58 ,50
03,004,00,004,0088,148 ,613,12,625,772,0,2,1,2,0,1,0,0.00,80.96 ,50
03,004,00,005,0089,149 ,1075,15,1090,1367,0,2,1,2,0,1,0,0.00,79.74 ,50
03,004,00,005,0089,150 ,1073,15,1088,1378,0,2,1,2,0,1,0,0.00,78.96 ,50
03,004,00,005,0089,151 ,1134,23,1157,1463,0,2,1,2,0,1,0,0.00,79.08 ,50
03,004,00,005,0090,152 ,1152,21,1173,1435,0,2,1,2,0,1,0,0.00,81.74 ,50
03,004,00,005,0090,153 ,1068,14,1082,1355,0,2,1,2,0,1,0,0.00,79.85 ,50
03,004,00,005,0091,154 ,903,9,912,1124,0,2,1,2,0,1,0,0.00,81.14 ,50
03,004,00,005,0091,155 ,973,19,992,1209,0,2,1,2,0,1,0,0.00,82.05 ,50
03,004,00,005,0091,156 ,857,22,879,1101,0,2,1,2,0,1,0,0.00,79.84 ,50
03,004,00,005,0092,157 ,665,5,670,819,0,2,1,2,0,1,0,0.00,81.81 ,50
03,004,00,005,0093,158 ,878,7,885,1071,0,2,1,2,0,1,0,0.00,82.63 ,50
03,004,00,005,0094,159 ,1030,9,1039,1280,0,2,1,2,0,1,0,0.00,81.17 ,50
03,004,00,005,0094,160 ,1272,19,1291,1576,0,2,1,2,0,1,0,0.00,81.92 ,50
03,004,00,005,0094,161 ,969,18,987,1186,0,2,1,2,0,1,0,0.00,83.22 ,50
03,004,00,005,0095,162 ,1289,11,1300,1574,0,2,1,2,0,1,0,0.00,82.59 ,50
03,004,00,005,0095,163 ,1091,20,1111,1422,0,2,1,2,0,1,0,0.00,78.13 ,50
03,004,00,005,0095,164 ,1065,14,1079,1374,0,2,1,2,0,1,0,0.00,78.53 ,50
03,004,00,005,0096,165 ,624,6,630,828,0,2,1,2,0,1,0,0.00,76.09 ,50
03,004,00,005,0097,166 ,730,11,741,923,0,2,1,2,0,1,0,0.00,80.28 ,50
03,004,00,005,0097,167 ,882,19,901,1142,0,2,1,2,0,1,0,0.00,78.90 ,50
03,004,00,005,0098,168 ,747,11,758,987,0,2,1,2,0,1,0,0.00,76.80 ,50
03,004,00,005,0099,169 ,1066,14,1080,1338,0,2,1,2,0,1,0,0.00,80.72 ,50
03,004,00,005,0099,170 ,516,4,520,650,0,2,1,2,0,1,0,0.00,80.00 ,50
03,004,00,005,0100,171 ,887,10,897,1128,0,2,1,2,0,1,0,0.00,79.52 ,50
03,004,00,005,0100,172 ,712,12,724,871,0,2,1,2,0,1,0,0.00,83.12 ,50
03,004,00,005,0101,173 ,969,12,981,1242,0,2,1,2,0,1,0,0.00,78.99 ,50
03,004,00,005,0102,174 ,1211,12,1223,1520,0,2,1,2,0,1,0,0.00,80.46 ,50
03,004,00,005,0102,175 ,1124,20,1144,1415,0,2,1,2,0,1,0,0.00,80.85 ,50
03,004,00,005,0103,176 ,757,17,774,978,0,2,1,2,0,1,0,0.00,79.14 ,50
03,004,00,005,0103,177 ,1166,19,1185,1506,0,2,1,2,0,1,0,0.00,78.69 ,50
03,004,00,005,0103,178 ,1374,22,1396,1781,0,2,1,2,0,1,0,0.00,78.38 ,50
03,004,00,005,0104,179 ,893,15,908,1171,0,2,1,2,0,1,0,0.00,77.54 ,50
03,004,00,005,0104,180 ,925,19,944,1219,0,2,1,2,0,1,0,0.00,77.44 ,50
03,004,00,006,0105,181 ,589,4,593,745,0,2,1,2,0,1,0,0.00,79.60 ,50
03,004,00,006,0106,182 ,1172,18,1190,1545,0,2,1,2,0,1,0,0.00,77.02 ,50
03,004,00,006,0107,183 ,949,11,960,1273,0,2,1,2,0,1,0,0.00,75.41 ,50
03,004,00,006,0108,184 ,863,13,876,1119,0,2,1,2,0,1,0,0.00,78.28 ,50
03,004,00,006,0108,185 ,592,6,598,811,0,2,1,2,0,1,0,0.00,73.74 ,50
03,004,00,006,0109,186 ,563,7,570,718,0,2,1,2,0,1,0,0.00,79.39 ,50
03,004,00,006,0110,187 ,822,11,833,1018,0,2,1,2,0,1,0,0.00,81.83 ,50
03,004,00,006,0110,188 ,764,10,774,959,0,2,1,2,0,1,0,0.00,80.71 ,50
03,004,00,006,0111,189 ,819,48,867,1113,0,2,1,2,0,1,0,0.00,77.90 ,50
03,004,00,006,0112,190 ,1175,10,1185,1480,0,2,1,2,0,1,0,0.00,80.07 ,50
03,004,00,006,0113,191 ,1519,21,1540,1970,0,2,1,2,0,1,0,0.00,78.17 ,50
03,004,00,006,0113,192 ,1338,81,1419,1801,0,2,1,2,0,1,0,0.00,78.79 ,50
03,004,00,006,0113,193 ,740,13,753,995,0,2,1,2,0,1,0,0.00,75.68 ,50
03,004,00,006,0114,194 ,867,13,880,1134,0,2,1,2,0,1,0,0.00,77.60 ,50
03,004,00,006,0115,195 ,706,12,718,903,0,2,1,2,0,1,0,0.00,79.51 ,50
03,004,00,006,0116,196 ,966,50,1016,1286,0,2,1,2,0,1,0,0.00,79.00 ,50
03,004,00,006,0116,197 ,1023,15,1038,1289,0,2,1,2,0,1,0,0.00,80.53 ,50
03,004,00,006,0116,198 ,923,10,933,1231,0,2,1,2,0,1,0,0.00,75.79 ,50
03,004,00,006,0116,199 ,1008,37,1045,1320,0,2,1,2,0,1,0,0.00,79.17 ,50
03,004,00,006,0117,200 ,832,17,849,1065,0,2,1,2,0,1,0,0.00,79.72 ,50
03,004,00,006,0117,201 ,902,10,912,1229,0,2,1,2,0,1,0,0.00,74.21 ,50
03,004,00,006,0117,202 ,945,11,956,1244,0,2,1,2,0,1,0,0.00,76.85 ,50
03,004,00,007,0118,203 ,336,1,337,422,0,2,1,2,0,1,0,0.00,79.86 ,50
03,004,00,007,0119,204 ,408,8,416,498,0,2,1,2,0,1,0,0.00,83.53 ,50
03,004,00,007,0120,205 ,617,10,627,745,0,2,1,2,0,1,0,0.00,84.16 ,50
03,004,00,007,0121,206 ,316,4,320,396,0,2,1,2,0,1,0,0.00,80.81 ,50
03,004,00,007,0122,207 ,706,14,720,893,0,2,1,2,0,1,0,0.00,80.63 ,50
03,004,00,007,0122,208 ,928,8,936,1194,0,2,1,2,0,1,0,0.00,78.39 ,50
03,004,00,007,0123,209 ,1159,17,1176,1455,0,2,1,2,0,1,0,0.00,80.82 ,50
03,004,00,007,0124,210 ,439,4,443,536,0,2,1,2,0,1,0,0.00,82.65 ,50
03,004,00,007,0125,211 ,494,7,501,621,0,2,1,2,0,1,0,0.00,80.68 ,50
03,004,00,007,0126,212 ,838,10,848,1016,0,2,1,2,0,1,0,0.00,83.46 ,50
03,004,00,007,0126,213 ,605,16,621,776,0,2,1,2,0,1,0,0.00,80.03 ,50
03,004,00,007,0127,214 ,1105,18,1123,1372,0,2,1,2,0,1,0,0.00,81.85 ,50
03,004,00,007,0128,215 ,892,10,902,1111,0,2,1,2,0,1,0,0.00,81.19 ,50
03,004,00,007,0128,216 ,781,4,785,975,0,2,1,2,0,1,0,0.00,80.51 ,50
03,004,00,007,0129,217 ,816,10,826,999,0,2,1,2,0,1,0,0.00,82.68 ,50
03,004,00,008,0130,218 ,932,14,946,1148,0,2,1,2,0,1,0,0.00,82.40 ,50
03,004,00,008,0130,219 ,747,8,755,975,0,2,1,2,0,1,0,0.00,77.44 ,50
03,004,00,008,0130,220 ,878,17,895,1148,0,2,1,2,0,1,0,0.00,77.96 ,50
03,004,00,008,0131,221 ,711,4,715,826,0,2,1,2,0,1,0,0.00,86.56 ,50
03,004,00,008,0132,222 ,127,1,128,153,0,2,1,2,0,1,0,0.00,83.66 ,50
03,004,00,008,0133,223 ,97,1,98,129,0,2,1,2,0,1,0,0.00,75.97 ,50
03,004,00,008,0134,224 ,269,0,269,318,0,2,1,2,0,1,0,0.00,84.59 ,50
03,004,00,008,0135,225 ,914,21,935,1200,0,2,1,2,0,1,0,0.00,77.92 ,50
03,004,00,008,0136,226 ,444,11,455,601,0,2,1,2,0,1,0,0.00,75.71 ,50
03,004,00,008,0136,227 ,218,3,221,258,0,2,1,2,0,1,0,0.00,85.66 ,50
03,004,00,008,0137,228 ,376,7,383,482,0,2,1,2,0,1,0,0.00,79.46 ,50
03,004,00,008,0138,229 ,608,4,612,776,0,2,1,2,0,1,0,0.00,78.87 ,50
03,004,00,008,0138,230 ,309,4,313,377,0,2,1,2,0,1,0,0.00,83.02 ,50
03,004,00,008,0139,231 ,616,4,620,758,0,2,1,2,0,1,0,0.00,81.79 ,50
03,004,00,008,0139,232 ,670,10,680,799,0,2,1,2,0,1,0,0.00,85.11 ,50
03,004,00,008,0140,233 ,1066,15,1081,1316,0,2,1,2,0,1,0,0.00,82.14 ,50
03,004,00,009,0141,234 ,882,15,897,1119,0,2,1,2,0,1,0,0.00,80.16 ,50
03,004,00,009,0142,235 ,1062,14,1076,1320,0,2,1,2,0,1,0,0.00,81.52 ,50
03,004,00,009,0143,236 ,386,10,396,485,0,2,1,2,0,1,0,0.00,81.65 ,50
03,004,00,009,0144,237 ,742,9,751,905,0,2,1,2,0,1,0,0.00,82.98 ,50
03,004,00,009,0144,238 ,1142,18,1160,1451,0,2,1,2,0,1,0,0.00,79.94 ,50
03,004,00,009,0145,239 ,596,13,609,781,0,2,1,2,0,1,0,0.00,77.98 ,50
03,004,00,009,0146,240 ,280,5,285,337,0,2,1,2,0,1,0,0.00,84.57 ,50
03,004,00,009,0147,241 ,505,5,510,613,0,2,1,2,0,1,0,0.00,83.20 ,50
03,004,00,009,0148,242 ,258,0,258,346,0,2,1,2,0,1,0,0.00,74.57 ,50
03,004,00,009,0149,243 ,224,1,225,300,0,2,1,2,0,1,0,0.00,75.00 ,50
03,004,00,010,0150,244 ,806,10,816,1034,0,2,1,2,0,1,0,0.00,78.92 ,50
03,004,00,010,0150,245 ,1414,15,1429,1792,0,2,1,2,0,1,0,0.00,79.74 ,50
03,004,00,010,0151,246 ,720,14,734,902,0,2,1,2,0,1,0,0.00,81.37 ,50
03,004,00,010,0152,247 ,558,10,568,732,0,2,1,2,0,1,0,0.00,77.60 ,50
03,004,00,010,0153,248 ,833,13,846,1082,0,2,1,2,0,1,0,0.00,78.19 ,50
03,004,00,010,0154,249 ,498,8,506,655,0,2,1,2,0,1,0,0.00,77.25 ,50
03,004,00,010,0155,250 ,564,4,568,704,0,2,1,2,0,1,0,0.00,80.68 ,50
03,004,00,010,0156,251 ,498,5,503,604,0,2,1,2,0,1,0,0.00,83.28 ,50
03,004,00,010,0157,252 ,435,11,446,559,0,2,1,2,0,1,0,0.00,79.79 ,50
03,004,00,010,0158,253 ,439,7,446,539,0,2,1,2,0,1,0,0.00,82.75 ,50
03,004,00,011,0159,254 ,701,6,707,883,0,2,1,2,0,1,0,0.00,80.07 ,50
03,004,00,011,0160,255 ,569,4,573,707,0,2,1,2,0,1,0,0.00,81.05 ,50
03,004,00,011,0161,256 ,480,8,488,622,0,2,1,2,0,1,0,0.00,78.46 ,50
03,004,00,011,0162,257 ,262,4,266,339,0,2,1,2,0,1,0,0.00,78.47 ,50
03,004,00,011,0162,258 ,238,3,241,311,0,2,1,2,0,1,0,0.00,77.49 ,50
03,004,00,011,0163,259 ,923,8,931,1217,0,2,1,2,0,1,0,0.00,76.50 ,50
03,004,00,011,0164,260 ,411,3,414,564,0,2,1,2,0,1,0,0.00,73.40 ,50
03,004,00,011,0164,261 ,310,3,313,412,0,2,1,2,0,1,0,0.00,75.97 ,50
03,004,00,012,0165,262 ,517,9,526,695,0,2,1,2,0,1,0,0.00,75.68 ,50
03,004,00,012,0166,263 ,161,7,168,254,0,2,1,2,0,1,0,0.00,66.14 ,50
03,004,00,012,0167,264 ,270,3,273,357,0,2,1,2,0,1,0,0.00,76.47 ,50
03,004,00,012,0168,265 ,702,15,717,1009,0,2,1,2,0,1,0,0.00,71.06 ,50
03,004,00,012,0169,266 ,263,4,267,372,0,2,1,2,0,1,0,0.00,71.77 ,50
03,004,00,012,0169,267 ,375,6,381,531,0,2,1,2,0,1,0,0.00,71.75 ,50
03,004,00,012,0170,268 ,331,4,335,472,0,2,1,2,0,1,0,0.00,70.97 ,50
03,004,00,012,0171,269 ,235,8,243,361,0,2,1,2,0,1,0,0.00,67.31 ,50
03,004,00,012,0171,270 ,194,4,198,281,0,2,1,2,0,1,0,0.00,70.46 ,50
03,004,00,012,0172,271 ,179,11,190,264,0,2,1,2,0,1,0,0.00,71.97 ,50
03,004,00,012,0172,272 ,310,14,324,532,0,2,1,2,0,1,0,0.00,60.90 ,50
03,004,00,012,0172,273 ,127,2,129,230,0,2,1,2,0,1,0,0.00,56.09 ,50
03,004,00,013,0173,274 ,524,4,528,715,0,2,1,2,0,1,0,0.00,73.85 ,50
03,004,00,013,0173,275 ,428,9,437,617,0,2,1,2,0,1,0,0.00,70.83 ,50
03,004,00,013,0174,276 ,373,24,397,613,0,2,1,2,0,1,0,0.00,64.76 ,50
03,004,00,013,0175,277 ,130,6,136,211,0,2,1,2,0,1,0,0.00,64.45 ,50
03,004,00,013,0176,278 ,361,5,366,512,0,2,1,2,0,1,0,0.00,71.48 ,50
03,004,00,013,0176,279 ,468,9,477,683,0,2,1,2,0,1,0,0.00,69.84 ,50
03,005,00,001,0001,1 ,656,8,664,840,0,2,1,2,0,1,0,0.00,79.05 ,50
03,005,00,001,0002,2 ,824,9,833,1064,0,2,1,2,0,1,0,0.00,78.29 ,50
03,005,00,001,0003,3 ,1053,10,1063,1382,0,2,1,2,0,1,0,0.00,76.92 ,50
03,005,00,001,0003,4 ,1101,16,1117,1396,0,2,1,2,0,1,0,0.00,80.01 ,50
03,005,00,001,0004,5 ,1005,5,1010,1324,0,2,1,2,0,1,0,0.00,76.28 ,50
03,005,00,001,0004,6 ,882,11,893,1124,0,2,1,2,0,1,0,0.00,79.45 ,50
03,005,00,001,0004,7 ,836,3,839,1103,0,2,1,2,0,1,0,0.00,76.07 ,50
03,005,00,001,0005,8 ,798,7,805,1027,0,2,1,2,0,1,0,0.00,78.38 ,50
03,005,00,001,0005,9 ,826,6,832,1073,0,2,1,2,0,1,0,0.00,77.54 ,50
03,005,00,001,0006,10 ,1256,15,1271,1599,0,2,1,2,0,1,0,0.00,79.49 ,50
03,005,00,001,0006,11 ,1234,15,1249,1599,0,2,1,2,0,1,0,0.00,78.11 ,50
03,005,00,001,0007,12 ,690,10,700,903,0,2,1,2,0,1,0,0.00,77.52 ,50
03,005,00,001,0008,13 ,892,8,900,1166,0,2,1,2,0,1,0,0.00,77.19 ,50
03,005,00,001,0008,14 ,941,16,957,1292,0,2,1,2,0,1,0,0.00,74.07 ,50
03,005,00,001,0009,15 ,768,6,774,996,0,2,1,2,0,1,0,0.00,77.71 ,50
03,005,00,001,0010,16 ,910,10,920,1188,0,2,1,2,0,1,0,0.00,77.44 ,50
03,005,00,001,0011,17 ,498,6,504,681,0,2,1,2,0,1,0,0.00,74.01 ,50
03,005,00,001,0012,18 ,1179,13,1192,1508,0,2,1,2,0,1,0,0.00,79.05 ,50
03,005,00,001,0013,19 ,997,13,1010,1332,0,2,1,2,0,1,0,0.00,75.83 ,50
03,005,00,001,0013,20 ,697,4,701,875,0,2,1,2,0,1,0,0.00,80.11 ,50
03,005,00,001,0014,21 ,1027,14,1041,1319,0,2,1,2,0,1,0,0.00,78.92 ,50
03,005,00,001,0014,22 ,921,19,940,1211,0,2,1,2,0,1,0,0.00,77.62 ,50
03,005,00,001,0014,23 ,774,15,789,1002,0,2,1,2,0,1,0,0.00,78.74 ,50
03,005,00,001,0015,24 ,1291,13,1304,1629,0,2,1,2,0,1,0,0.00,80.05 ,50
03,005,00,001,0015,25 ,996,5,1001,1276,0,2,1,2,0,1,0,0.00,78.45 ,50
03,005,00,001,0016,26 ,705,10,715,868,0,2,1,2,0,1,0,0.00,82.37 ,50
03,005,00,001,0016,27 ,737,6,743,920,0,2,1,2,0,1,0,0.00,80.76 ,50
03,005,00,001,0017,28 ,917,13,930,1173,0,2,1,2,0,1,0,0.00,79.28 ,50
03,005,00,001,0017,29 ,849,11,860,1115,0,2,1,2,0,1,0,0.00,77.13 ,50
03,005,00,001,0017,30 ,954,8,962,1198,0,2,1,2,0,1,0,0.00,80.30 ,50
03,005,00,001,0018,31 ,1149,19,1168,1510,0,2,1,2,0,1,0,0.00,77.35 ,50
03,005,00,001,0018,32 ,877,12,889,1142,0,2,1,2,0,1,0,0.00,77.85 ,50
03,005,00,001,0018,33 ,1026,15,1041,1275,0,2,1,2,0,1,0,0.00,81.65 ,50
03,005,00,001,0018,34 ,975,9,984,1225,0,2,1,2,0,1,0,0.00,80.33 ,50
03,005,00,001,0019,35 ,1244,14,1258,1606,0,2,1,2,0,1,0,0.00,78.33 ,50
03,005,00,001,0019,36 ,1380,18,1398,1784,0,2,1,2,0,1,0,0.00,78.36 ,50
03,005,00,001,0019,37 ,1190,12,1202,1497,0,2,1,2,0,1,0,0.00,80.29 ,50
03,005,00,001,0020,38 ,726,7,733,918,0,2,1,2,0,1,0,0.00,79.85 ,50
03,005,00,001,0020,39 ,923,11,934,1172,0,2,1,2,0,1,0,0.00,79.69 ,50
03,005,00,001,0020,40 ,921,8,929,1194,0,2,1,2,0,1,0,0.00,77.81 ,50
03,005,00,001,0021,41 ,983,12,995,1259,0,2,1,2,0,1,0,0.00,79.03 ,50
03,005,00,001,0021,42 ,1042,11,1053,1344,0,2,1,2,0,1,0,0.00,78.35 ,50
03,005,00,001,0021,43 ,982,9,991,1324,0,2,1,2,0,1,0,0.00,74.85 ,50
03,005,00,001,0022,44 ,989,22,1011,1294,0,2,1,2,0,1,0,0.00,78.13 ,50
03,005,00,001,0022,45 ,1060,10,1070,1362,0,2,1,2,0,1,0,0.00,78.56 ,50
03,005,00,001,0022,46 ,764,7,771,1026,0,2,1,2,0,1,0,0.00,75.15 ,50
03,005,00,001,0023,47 ,783,11,794,1052,0,2,1,2,0,1,0,0.00,75.48 ,50
03,005,00,001,0024,48 ,1195,25,1220,1626,0,2,1,2,0,1,0,0.00,75.03 ,50
03,005,00,001,0024,49 ,859,12,871,1153,0,2,1,2,0,1,0,0.00,75.54 ,50
03,005,00,002,0025,50 ,568,5,573,719,0,2,1,2,0,1,0,0.00,79.69 ,50
03,005,00,002,0025,51 ,655,6,661,805,0,2,1,2,0,1,0,0.00,82.11 ,50
03,005,00,002,0026,52 ,716,5,721,896,0,2,1,2,0,1,0,0.00,80.47 ,50
03,005,00,002,0026,53 ,529,8,537,690,0,2,1,2,0,1,0,0.00,77.83 ,50
03,005,00,002,0027,54 ,709,8,717,917,0,2,1,2,0,1,0,0.00,78.19 ,50
03,005,00,002,0028,55 ,965,13,978,1282,0,2,1,2,0,1,0,0.00,76.29 ,50
03,005,00,002,0029,56 ,810,7,817,1055,0,2,1,2,0,1,0,0.00,77.44 ,50
03,005,00,002,0030,57 ,639,11,650,768,0,2,1,2,0,1,0,0.00,84.64 ,50
03,005,00,002,0030,58 ,576,3,579,694,0,2,1,2,0,1,0,0.00,83.43 ,50
03,005,00,002,0031,59 ,764,3,767,964,0,2,1,2,0,1,0,0.00,79.56 ,50
03,005,00,002,0032,60 ,720,9,729,901,0,2,1,2,0,1,0,0.00,80.91 ,50
03,005,00,002,0032,61 ,799,12,811,995,0,2,1,2,0,1,0,0.00,81.51 ,50
03,005,00,002,0033,62 ,1184,9,1193,1480,0,2,1,2,0,1,0,0.00,80.61 ,50
03,005,00,002,0033,63 ,1021,11,1032,1261,0,2,1,2,0,1,0,0.00,81.84 ,50
03,005,00,002,0034,64 ,738,14,752,904,0,2,1,2,0,1,0,0.00,83.19 ,50
03,005,00,002,0034,65 ,646,4,650,801,0,2,1,2,0,1,0,0.00,81.15 ,50
03,005,00,002,0035,66 ,728,4,732,998,0,2,1,2,0,1,0,0.00,73.35 ,50
03,005,00,002,0036,67 ,461,4,465,621,0,2,1,2,0,1,0,0.00,74.88 ,50
03,005,00,002,0037,68 ,823,12,835,1097,0,2,1,2,0,1,0,0.00,76.12 ,50
03,005,00,002,0038,69 ,669,3,672,836,0,2,1,2,0,1,0,0.00,80.38 ,50
03,005,00,002,0038,70 ,634,8,642,791,0,2,1,2,0,1,0,0.00,81.16 ,50
03,005,00,002,0039,71 ,1158,16,1174,1435,0,2,1,2,0,1,0,0.00,81.81 ,50
03,005,00,002,0040,72 ,1006,12,1018,1295,0,2,1,2,0,1,0,0.00,78.61 ,50
03,005,00,002,0041,73 ,543,4,547,645,0,2,1,2,0,1,0,0.00,84.81 ,50
03,005,00,002,0042,74 ,757,13,770,966,0,2,1,2,0,1,0,0.00,79.71 ,50
03,005,00,002,0043,75 ,595,8,603,767,0,2,1,2,0,1,0,0.00,78.62 ,50
03,005,00,002,0044,76 ,1060,13,1073,1312,0,2,1,2,0,1,0,0.00,81.78 ,50
03,005,00,002,0045,77 ,1230,21,1251,1554,0,2,1,2,0,1,0,0.00,80.50 ,50
03,005,00,002,0046,78 ,1084,27,1111,1357,0,2,1,2,0,1,0,0.00,81.87 ,50
03,005,00,002,0047,79 ,754,11,765,932,0,2,1,2,0,1,0,0.00,82.08 ,50
03,005,00,002,0047,80 ,707,10,717,893,0,2,1,2,0,1,0,0.00,80.29 ,50
03,005,00,002,0048,81 ,829,7,836,1013,0,2,1,2,0,1,0,0.00,82.53 ,50
03,005,00,002,0049,82 ,887,12,899,1109,0,2,1,2,0,1,0,0.00,81.06 ,50
03,005,00,003,0050,83 ,1040,12,1052,1282,0,2,1,2,0,1,0,0.00,82.06 ,50
03,005,00,003,0051,84 ,982,5,987,1218,0,2,1,2,0,1,0,0.00,81.03 ,50
03,005,00,003,0051,85 ,768,8,776,927,0,2,1,2,0,1,0,0.00,83.71 ,50
03,005,00,003,0052,86 ,964,9,973,1190,0,2,1,2,0,1,0,0.00,81.76 ,50
03,005,00,003,0052,87 ,783,2,785,965,0,2,1,2,0,1,0,0.00,81.35 ,50
03,005,00,003,0052,88 ,767,4,771,995,0,2,1,2,0,1,0,0.00,77.49 ,50
03,005,00,003,0053,89 ,999,11,1010,1240,0,2,1,2,0,1,0,0.00,81.45 ,50
03,005,00,003,0054,90 ,523,11,534,656,0,2,1,2,0,1,0,0.00,81.40 ,50
03,005,00,003,0054,91 ,585,14,599,746,0,2,1,2,0,1,0,0.00,80.29 ,50
03,005,00,003,0055,92 ,590,6,596,740,0,2,1,2,0,1,0,0.00,80.54 ,50
03,005,00,003,0055,93 ,525,5,530,657,0,2,1,2,0,1,0,0.00,80.67 ,50
03,005,00,003,0056,94 ,876,7,883,1087,0,2,1,2,0,1,0,0.00,81.23 ,50
03,005,00,003,0056,95 ,909,18,927,1149,0,2,1,2,0,1,0,0.00,80.68 ,50
03,005,00,003,0057,96 ,944,12,956,1241,0,2,1,2,0,1,0,0.00,77.03 ,50
03,005,00,003,0058,97 ,511,6,517,711,0,2,1,2,0,1,0,0.00,72.71 ,50
03,005,00,003,0059,98 ,664,6,670,845,0,2,1,2,0,1,0,0.00,79.29 ,50
03,005,00,003,0060,99 ,816,6,822,1075,0,2,1,2,0,1,0,0.00,76.47 ,50
03,005,00,003,0061,100 ,588,8,596,736,0,2,1,2,0,1,0,0.00,80.98 ,50
03,005,00,003,0062,101 ,612,3,615,774,0,2,1,2,0,1,0,0.00,79.46 ,50
03,005,00,003,0063,102 ,795,7,802,953,0,2,1,2,0,1,0,0.00,84.16 ,50
03,005,00,003,0063,103 ,595,6,601,728,0,2,1,2,0,1,0,0.00,82.55 ,50
03,005,00,003,0064,104 ,451,4,455,595,0,2,1,2,0,1,0,0.00,76.47 ,50
03,005,00,003,0065,105 ,750,4,754,959,0,2,1,2,0,1,0,0.00,78.62 ,50
03,005,00,003,0066,106 ,391,3,394,543,0,2,1,2,0,1,0,0.00,72.56 ,50
03,005,00,003,0067,107 ,500,12,512,656,0,2,1,2,0,1,0,0.00,78.05 ,50
03,005,00,003,0068,108 ,847,9,856,1084,0,2,1,2,0,1,0,0.00,78.97 ,50
03,005,00,003,0068,109 ,742,8,750,967,0,2,1,2,0,1,0,0.00,77.56 ,50
03,005,00,003,0069,110 ,915,14,929,1242,0,2,1,2,0,1,0,0.00,74.80 ,50
03,005,00,003,0070,111 ,585,11,596,767,0,2,1,2,0,1,0,0.00,77.71 ,50
03,005,00,003,0071,112 ,959,13,972,1352,0,2,1,2,0,1,0,0.00,71.89 ,50
03,005,00,003,0071,113 ,639,6,645,859,0,2,1,2,0,1,0,0.00,75.09 ,50
03,005,00,004,0072,114 ,611,3,614,727,0,2,1,2,0,1,0,0.00,84.46 ,50
03,005,00,004,0072,115 ,686,5,691,848,0,2,1,2,0,1,0,0.00,81.49 ,50
03,005,00,004,0073,116 ,964,14,978,1214,0,2,1,2,0,1,0,0.00,80.56 ,50
03,005,00,004,0073,117 ,870,7,877,1078,0,2,1,2,0,1,0,0.00,81.35 ,50
03,005,00,004,0074,118 ,800,6,806,971,0,2,1,2,0,1,0,0.00,83.01 ,50
03,005,00,004,0074,119 ,834,5,839,1020,0,2,1,2,0,1,0,0.00,82.25 ,50
03,005,00,004,0075,120 ,1123,12,1135,1402,0,2,1,2,0,1,0,0.00,80.96 ,50
03,005,00,004,0075,121 ,888,14,902,1107,0,2,1,2,0,1,0,0.00,81.48 ,50
03,005,00,004,0076,122 ,782,13,795,952,0,2,1,2,0,1,0,0.00,83.51 ,50
03,005,00,004,0076,123 ,793,6,799,981,0,2,1,2,0,1,0,0.00,81.45 ,50
03,005,00,004,0076,124 ,841,6,847,1019,0,2,1,2,0,1,0,0.00,83.12 ,50
03,005,00,004,0077,125 ,835,7,842,1052,0,2,1,2,0,1,0,0.00,80.04 ,50
03,005,00,004,0077,126 ,919,5,924,1133,0,2,1,2,0,1,0,0.00,81.55 ,50
03,005,00,004,0078,127 ,783,9,792,952,0,2,1,2,0,1,0,0.00,83.19 ,50
03,005,00,004,0078,128 ,857,5,862,1034,0,2,1,2,0,1,0,0.00,83.37 ,50
03,005,00,004,0079,129 ,630,9,639,817,0,2,1,2,0,1,0,0.00,78.21 ,50
03,005,00,004,0079,130 ,635,2,637,833,0,2,1,2,0,1,0,0.00,76.47 ,50
03,005,00,004,0079,131 ,720,12,732,922,0,2,1,2,0,1,0,0.00,79.39 ,50
03,005,00,004,0080,132 ,894,6,900,1102,0,2,1,2,0,1,0,0.00,81.67 ,50
03,005,00,004,0080,133 ,880,13,893,1067,0,2,1,2,0,1,0,0.00,83.69 ,50
03,005,00,004,0080,134 ,878,8,886,1021,0,2,1,2,0,1,0,0.00,86.78 ,50
03,005,00,004,0081,135 ,794,11,805,1010,0,2,1,2,0,1,0,0.00,79.70 ,50
03,005,00,004,0081,136 ,921,6,927,1197,0,2,1,2,0,1,0,0.00,77.44 ,50
03,005,00,004,0081,137 ,775,10,785,976,0,2,1,2,0,1,0,0.00,80.43 ,50
03,005,00,004,0081,138 ,790,8,798,1002,0,2,1,2,0,1,0,0.00,79.64 ,50
03,005,00,004,0082,139 ,754,8,762,914,0,2,1,2,0,1,0,0.00,83.37 ,50
03,005,00,004,0083,140 ,692,5,697,835,0,2,1,2,0,1,0,0.00,83.47 ,50
03,005,00,004,0083,141 ,761,3,764,915,0,2,1,2,0,1,0,0.00,83.50 ,50
03,005,00,004,0084,142 ,840,16,856,1058,0,2,1,2,0,1,0,0.00,80.91 ,50
03,005,00,004,0085,143 ,944,11,955,1191,0,2,1,2,0,1,0,0.00,80.18 ,50
03,005,00,004,0086,144 ,425,4,429,504,0,2,1,2,0,1,0,0.00,85.12 ,50
03,005,00,004,0087,145 ,669,6,675,831,0,2,1,2,0,1,0,0.00,81.23 ,50
03,005,00,004,0087,146 ,757,11,768,973,0,2,1,2,0,1,0,0.00,78.93 ,50
03,005,00,004,0088,147 ,978,15,993,1173,0,2,1,2,0,1,0,0.00,84.65 ,50
03,005,00,004,0089,148 ,788,10,798,980,0,2,1,2,0,1,0,0.00,81.43 ,50
03,005,00,004,0090,149 ,738,10,748,875,0,2,1,2,0,1,0,0.00,85.49 ,50
03,005,00,004,0090,150 ,817,17,834,1016,0,2,1,2,0,1,0,0.00,82.09 ,50
03,005,00,004,0090,151 ,733,12,745,888,0,2,1,2,0,1,0,0.00,83.90 ,50
03,005,00,004,0091,152 ,850,14,864,1061,0,2,1,2,0,1,0,0.00,81.43 ,50
03,005,00,004,0091,153 ,768,14,782,968,0,2,1,2,0,1,0,0.00,80.79 ,50
03,005,00,004,0092,154 ,790,14,804,1016,0,2,1,2,0,1,0,0.00,79.13 ,50
03,005,00,004,0092,155 ,768,8,776,958,0,2,1,2,0,1,0,0.00,81.00 ,50
03,005,00,004,0093,156 ,707,8,715,863,0,2,1,2,0,1,0,0.00,82.85 ,50
03,005,00,005,0094,157 ,567,8,575,736,0,2,1,2,0,1,0,0.00,78.13 ,50
03,005,00,005,0094,158 ,854,10,864,1139,0,2,1,2,0,1,0,0.00,75.86 ,50
03,005,00,005,0095,159 ,726,9,735,900,0,2,1,2,0,1,0,0.00,81.67 ,50
03,005,00,005,0095,160 ,762,11,773,985,0,2,1,2,0,1,0,0.00,78.48 ,50
03,005,00,005,0096,161 ,904,11,915,1184,0,2,1,2,0,1,0,0.00,77.28 ,50
03,005,00,005,0096,162 ,1143,16,1159,1512,0,2,1,2,0,1,0,0.00,76.65 ,50
03,005,00,005,0097,163 ,813,9,822,997,0,2,1,2,0,1,0,0.00,82.45 ,50
03,005,00,005,0097,164 ,854,13,867,1119,0,2,1,2,0,1,0,0.00,77.48 ,50
03,005,00,005,0097,165 ,964,4,968,1247,0,2,1,2,0,1,0,0.00,77.63 ,50
03,005,00,005,0098,166 ,945,6,951,1239,0,2,1,2,0,1,0,0.00,76.76 ,50
03,005,00,005,0098,167 ,1037,9,1046,1405,0,2,1,2,0,1,0,0.00,74.45 ,50
03,005,00,005,0099,168 ,945,13,958,1215,0,2,1,2,0,1,0,0.00,78.85 ,50
03,005,00,005,0099,169 ,709,9,718,917,0,2,1,2,0,1,0,0.00,78.30 ,50
03,005,00,005,0100,170 ,647,9,656,862,0,2,1,2,0,1,0,0.00,76.10 ,50
03,005,00,005,0101,171 ,790,15,805,1055,0,2,1,2,0,1,0,0.00,76.30 ,50
03,005,00,005,0101,172 ,706,12,718,949,0,2,1,2,0,1,0,0.00,75.66 ,50
03,005,00,005,0102,173 ,808,4,812,1047,0,2,1,2,0,1,0,0.00,77.55 ,50
03,005,00,005,0102,174 ,1011,7,1018,1282,0,2,1,2,0,1,0,0.00,79.41 ,50
03,005,00,005,0102,175 ,1155,7,1162,1462,0,2,1,2,0,1,0,0.00,79.48 ,50
03,005,00,005,0103,176 ,597,6,603,774,0,2,1,2,0,1,0,0.00,77.91 ,50
03,005,00,005,0104,177 ,1123,15,1138,1447,0,2,1,2,0,1,0,0.00,78.65 ,50
03,005,00,005,0105,178 ,787,20,807,999,0,2,1,2,0,1,0,0.00,80.78 ,50
03,005,00,005,0106,179 ,663,18,681,861,0,2,1,2,0,1,0,0.00,79.09 ,50
03,005,00,005,0106,180 ,573,12,585,752,0,2,1,2,0,1,0,0.00,77.79 ,50
03,005,00,005,0107,181 ,753,9,762,982,0,2,1,2,0,1,0,0.00,77.60 ,50
03,005,00,005,0107,182 ,656,4,660,829,0,2,1,2,0,1,0,0.00,79.61 ,50
03,005,00,005,0108,183 ,1262,10,1272,1639,0,2,1,2,0,1,0,0.00,77.61 ,50
03,005,00,005,0108,184 ,1145,23,1168,1495,0,2,1,2,0,1,0,0.00,78.13 ,50
03,005,00,005,0109,185 ,1099,16,1115,1415,0,2,1,2,0,1,0,0.00,78.80 ,50
03,005,00,005,0109,186 ,1101,12,1113,1403,0,2,1,2,0,1,0,0.00,79.33 ,50
03,005,00,005,0109,187 ,1078,23,1101,1438,0,2,1,2,0,1,0,0.00,76.56 ,50
03,005,00,005,0109,188 ,982,7,989,1314,0,2,1,2,0,1,0,0.00,75.27 ,50
03,005,00,005,0110,189 ,781,9,790,1023,0,2,1,2,0,1,0,0.00,77.22 ,50
03,005,00,005,0110,190 ,844,16,860,1103,0,2,1,2,0,1,0,0.00,77.97 ,50
03,005,00,005,0111,191 ,829,14,843,1076,0,2,1,2,0,1,0,0.00,78.35 ,50
03,005,00,005,0112,192 ,704,9,713,905,0,2,1,2,0,1,0,0.00,78.78 ,50
03,005,00,005,0112,193 ,872,7,879,1176,0,2,1,2,0,1,0,0.00,74.74 ,50
03,005,00,005,0112,194 ,1002,14,1016,1354,0,2,1,2,0,1,0,0.00,75.04 ,50
03,005,00,005,0112,195 ,835,14,849,1123,0,2,1,2,0,1,0,0.00,75.60 ,50
03,005,00,005,0113,196 ,1002,12,1014,1295,0,2,1,2,0,1,0,0.00,78.30 ,50
03,005,00,005,0113,197 ,910,15,925,1230,0,2,1,2,0,1,0,0.00,75.20 ,50
03,005,00,005,0114,198 ,1057,17,1074,1338,0,2,1,2,0,1,0,0.00,80.27 ,50
03,005,00,005,0115,199 ,1023,19,1042,1300,0,2,1,2,0,1,0,0.00,80.15 ,50
03,005,00,005,0116,200 ,619,7,626,801,0,2,1,2,0,1,0,0.00,78.15 ,50
03,005,00,005,0117,201 ,860,13,873,1134,0,2,1,2,0,1,0,0.00,76.98 ,50
03,005,00,005,0117,202 ,936,11,947,1246,0,2,1,2,0,1,0,0.00,76.00 ,50
03,005,00,005,0118,203 ,587,15,602,784,0,2,1,2,0,1,0,0.00,76.79 ,50
03,005,00,005,0118,204 ,643,24,667,839,0,2,1,2,0,1,0,0.00,79.50 ,50
03,005,00,006,0119,205 ,1134,16,1150,1518,0,2,1,2,0,1,0,0.00,75.76 ,50
03,005,00,006,0120,206 ,794,7,801,957,0,2,1,2,0,1,0,0.00,83.70 ,50
03,005,00,006,0121,207 ,1152,13,1165,1435,0,2,1,2,0,1,0,0.00,81.18 ,50
03,005,00,006,0122,208 ,1056,14,1070,1364,0,2,1,2,0,1,0,0.00,78.45 ,50
03,005,00,006,0122,209 ,1148,15,1163,1469,0,2,1,2,0,1,0,0.00,79.17 ,50
03,005,00,006,0123,210 ,735,8,743,962,0,2,1,2,0,1,0,0.00,77.23 ,50
03,005,00,006,0123,211 ,824,10,834,1068,0,2,1,2,0,1,0,0.00,78.09 ,50
03,005,00,006,0124,212 ,983,17,1000,1259,0,2,1,2,0,1,0,0.00,79.43 ,50
03,005,00,006,0125,213 ,911,11,922,1167,0,2,1,2,0,1,0,0.00,79.01 ,50
03,005,00,006,0126,214 ,796,13,809,1019,0,2,1,2,0,1,0,0.00,79.39 ,50
03,005,00,006,0126,215 ,777,15,792,995,0,2,1,2,0,1,0,0.00,79.60 ,50
03,005,00,006,0127,216 ,991,17,1008,1311,0,2,1,2,0,1,0,0.00,76.89 ,50
03,005,00,006,0128,217 ,535,6,541,666,0,2,1,2,0,1,0,0.00,81.23 ,50
03,005,00,006,0129,218 ,971,16,987,1311,0,2,1,2,0,1,0,0.00,75.29 ,50
03,005,00,006,0130,219 ,596,18,614,783,0,2,1,2,0,1,0,0.00,78.42 ,50
03,005,00,006,0130,220 ,616,16,632,843,0,2,1,2,0,1,0,0.00,74.97 ,50
03,005,00,006,0131,221 ,1023,15,1038,1406,0,2,1,2,0,1,0,0.00,73.83 ,50
03,005,00,006,0132,222 ,762,13,775,1033,0,2,1,2,0,1,0,0.00,75.02 ,50
03,005,00,006,0133,223 ,877,29,906,1193,0,2,1,2,0,1,0,0.00,75.94 ,50
03,005,00,006,0134,224 ,828,12,840,1109,0,2,1,2,0,1,0,0.00,75.74 ,50
03,005,00,006,0135,225 ,595,14,609,786,0,2,1,2,0,1,0,0.00,77.48 ,50
03,005,00,006,0136,226 ,853,27,880,1127,0,2,1,2,0,1,0,0.00,78.08 ,50
03,005,00,006,0137,227 ,506,6,512,652,0,2,1,2,0,1,0,0.00,78.53 ,50
03,005,00,006,0138,228 ,973,8,981,1275,0,2,1,2,0,1,0,0.00,76.94 ,50
03,005,00,006,0139,229 ,619,5,624,869,0,2,1,2,0,1,0,0.00,71.81 ,50
03,005,00,006,0140,230 ,894,14,908,1337,0,2,1,2,0,1,0,0.00,67.91 ,50
03,005,00,006,0141,231 ,920,15,935,1343,0,2,1,2,0,1,0,0.00,69.62 ,50
03,005,00,007,0142,232 ,945,4,949,1204,0,2,1,2,0,1,0,0.00,78.82 ,50
03,005,00,007,0142,233 ,695,10,705,879,0,2,1,2,0,1,0,0.00,80.20 ,50
03,005,00,007,0143,234 ,925,8,933,1162,0,2,1,2,0,1,0,0.00,80.29 ,50
03,005,00,007,0144,235 ,629,6,635,792,0,2,1,2,0,1,0,0.00,80.18 ,50
03,005,00,007,0145,236 ,1135,11,1146,1491,0,2,1,2,0,1,0,0.00,76.86 ,50
03,005,00,007,0146,237 ,796,13,809,1008,0,2,1,2,0,1,0,0.00,80.26 ,50
03,005,00,007,0147,238 ,427,7,434,576,0,2,1,2,0,1,0,0.00,75.35 ,50
03,005,00,007,0148,239 ,550,11,561,704,0,2,1,2,0,1,0,0.00,79.69 ,50
03,005,00,007,0149,240 ,1125,15,1140,1452,0,2,1,2,0,1,0,0.00,78.51 ,50
03,005,00,007,0149,241 ,355,2,357,436,0,2,1,2,0,1,0,0.00,81.88 ,50
03,005,00,007,0150,242 ,1133,13,1146,1416,0,2,1,2,0,1,0,0.00,80.93 ,50
03,005,00,007,0150,243 ,547,8,555,652,0,2,1,2,0,1,0,0.00,85.12 ,50
03,005,00,007,0151,244 ,697,11,708,1000,0,2,1,2,0,1,0,0.00,70.80 ,50
03,005,00,007,0151,245 ,380,3,383,505,0,2,1,2,0,1,0,0.00,75.84 ,50
03,005,00,007,0152,246 ,499,12,511,741,0,2,1,2,0,1,0,0.00,68.96 ,50
03,005,00,008,0153,247 ,630,8,638,831,0,2,1,2,0,1,0,0.00,76.77 ,50
03,005,00,008,0153,248 ,709,2,711,952,0,2,1,2,0,1,0,0.00,74.68 ,50
03,005,00,008,0154,249 ,581,2,583,744,0,2,1,2,0,1,0,0.00,78.36 ,50
03,005,00,008,0155,250 ,663,12,675,881,0,2,1,2,0,1,0,0.00,76.62 ,50
03,005,00,008,0155,251 ,554,4,558,767,0,2,1,2,0,1,0,0.00,72.75 ,50
03,005,00,008,0156,252 ,995,30,1025,1385,0,2,1,2,0,1,0,0.00,74.01 ,50
03,005,00,008,0157,253 ,506,9,515,744,0,2,1,2,0,1,0,0.00,69.22 ,50
03,005,00,008,0158,254 ,956,15,971,1302,0,2,1,2,0,1,0,0.00,74.58 ,50
03,005,00,008,0159,255 ,560,11,571,784,0,2,1,2,0,1,0,0.00,72.83 ,50
03,005,00,008,0160,256 ,1060,23,1083,1513,0,2,1,2,0,1,0,0.00,71.58 ,50
03,005,00,008,0161,257 ,558,5,563,796,0,2,1,2,0,1,0,0.00,70.73 ,50
03,005,00,008,0162,258 ,400,3,403,567,0,2,1,2,0,1,0,0.00,71.08 ,50
03,005,00,008,0163,259 ,701,19,720,1007,0,2,1,2,0,1,0,0.00,71.50 ,50
03,005,00,008,0164,260 ,668,9,677,935,0,2,1,2,0,1,0,0.00,72.41 ,50
03,005,00,009,0165,261 ,661,5,666,826,0,2,1,2,0,1,0,0.00,80.63 ,50
03,005,00,009,0165,262 ,521,7,528,662,0,2,1,2,0,1,0,0.00,79.76 ,50
03,005,00,009,0166,263 ,810,11,821,1056,0,2,1,2,0,1,0,0.00,77.75 ,50
03,005,00,009,0166,264 ,857,16,873,1108,0,2,1,2,0,1,0,0.00,78.79 ,50
03,005,00,009,0167,265 ,824,6,830,1082,0,2,1,2,0,1,0,0.00,76.71 ,50
03,005,00,009,0167,266 ,952,8,960,1266,0,2,1,2,0,1,0,0.00,75.83 ,50
03,005,00,009,0168,267 ,666,21,687,898,0,2,1,2,0,1,0,0.00,76.50 ,50
03,005,00,009,0168,268 ,689,6,695,888,0,2,1,2,0,1,0,0.00,78.27 ,50
03,005,00,009,0169,269 ,573,6,579,747,0,2,1,2,0,1,0,0.00,77.51 ,50
03,005,00,009,0169,270 ,606,7,613,770,0,2,1,2,0,1,0,0.00,79.61 ,50
03,005,00,009,0170,271 ,731,8,739,947,0,2,1,2,0,1,0,0.00,78.04 ,50
03,005,00,009,0171,272 ,799,18,817,1077,0,2,1,2,0,1,0,0.00,75.86 ,50
03,005,00,009,0172,273 ,328,4,332,441,0,2,1,2,0,1,0,0.00,75.28 ,50
03,005,00,009,0173,274 ,1010,20,1030,1356,0,2,1,2,0,1,0,0.00,75.96 ,50
03,005,00,009,0174,275 ,571,7,578,702,0,2,1,2,0,1,0,0.00,82.34 ,50
03,005,00,009,0174,276 ,543,8,551,699,0,2,1,2,0,1,0,0.00,78.83 ,50
03,005,00,009,0175,277 ,268,0,268,351,0,2,1,2,0,1,0,0.00,76.35 ,50
03,005,00,009,0176,278 ,650,6,656,826,0,2,1,2,0,1,0,0.00,79.42 ,50
03,005,00,009,0176,279 ,659,8,667,830,0,2,1,2,0,1,0,0.00,80.36 ,50
03,005,00,009,0177,280 ,773,6,779,997,0,2,1,2,0,1,0,0.00,78.13 ,50
03,005,00,009,0178,281 ,993,20,1013,1334,0,2,1,2,0,1,0,0.00,75.94 ,50
03,005,00,009,0179,282 ,1000,10,1010,1318,0,2,1,2,0,1,0,0.00,76.63 ,50
03,005,00,009,0180,283 ,1023,2,1025,1336,0,2,1,2,0,1,0,0.00,76.72 ,50
03,005,00,009,0181,284 ,909,16,925,1190,0,2,1,2,0,1,0,0.00,77.73 ,50
03,005,00,009,0182,285 ,165,2,167,218,0,2,1,2,0,1,0,0.00,76.61 ,50
03,005,00,009,0183,286 ,265,0,265,339,0,2,1,2,0,1,0,0.00,78.17 ,50
03,005,00,010,0184,287 ,809,9,818,1058,0,2,1,2,0,1,0,0.00,77.32 ,50
03,005,00,010,0185,288 ,1257,25,1282,1628,0,2,1,2,0,1,0,0.00,78.75 ,50
03,005,00,010,0186,289 ,817,9,826,1114,0,2,1,2,0,1,0,0.00,74.15 ,50
03,005,00,010,0187,290 ,1139,9,1148,1394,0,2,1,2,0,1,0,0.00,82.35 ,50
03,005,00,010,0187,291 ,1221,23,1244,1591,0,2,1,2,0,1,0,0.00,78.19 ,50
03,005,00,010,0187,292 ,625,9,634,844,0,2,1,2,0,1,0,0.00,75.12 ,50
03,005,00,010,0188,293 ,935,11,946,1231,0,2,1,2,0,1,0,0.00,76.85 ,50
03,005,00,010,0189,294 ,933,38,971,1314,0,2,1,2,0,1,0,0.00,73.90 ,50
03,005,00,010,0190,295 ,881,12,893,1188,0,2,1,2,0,1,0,0.00,75.17 ,50
03,005,00,010,0190,296 ,912,16,928,1221,0,2,1,2,0,1,0,0.00,76.00 ,50
03,005,00,010,0191,297 ,479,3,482,647,0,2,1,2,0,1,0,0.00,74.50 ,50
03,005,00,010,0192,298 ,406,5,411,580,0,2,1,2,0,1,0,0.00,70.86 ,50
03,005,00,010,0193,299 ,479,12,491,655,0,2,1,2,0,1,0,0.00,74.96 ,50
03,005,00,011,0194,300 ,522,2,524,693,0,2,1,2,0,1,0,0.00,75.61 ,50
03,005,00,011,0194,301 ,577,6,583,768,0,2,1,2,0,1,0,0.00,75.91 ,50
03,005,00,011,0195,302 ,577,5,582,778,0,2,1,2,0,1,0,0.00,74.81 ,50
03,005,00,011,0196,303 ,697,10,707,1031,0,2,1,2,0,1,0,0.00,68.57 ,50
03,005,00,011,0196,304 ,381,3,384,549,0,2,1,2,0,1,0,0.00,69.95 ,50
03,005,00,011,0197,305 ,675,4,679,946,0,2,1,2,0,1,0,0.00,71.78 ,50
03,005,00,011,0198,306 ,501,1,502,692,0,2,1,2,0,1,0,0.00,72.54 ,50
03,005,00,011,0198,307 ,313,7,320,442,0,2,1,2,0,1,0,0.00,72.40 ,50
03,005,00,011,0199,308 ,833,15,848,1138,0,2,1,2,0,1,0,0.00,74.52 ,50
03,005,00,011,0200,309 ,782,8,790,1083,0,2,1,2,0,1,0,0.00,72.95 ,50
03,005,00,011,0201,310 ,601,12,613,893,0,2,1,2,0,1,0,0.00,68.65 ,50
03,005,00,011,0202,311 ,626,11,637,935,0,2,1,2,0,1,0,0.00,68.13 ,50
03,005,00,012,0203,312 ,934,12,946,1169,0,2,1,2,0,1,0,0.00,80.92 ,50
03,005,00,012,0203,313 ,860,17,877,1099,0,2,1,2,0,1,0,0.00,79.80 ,50
03,005,00,012,0204,314 ,679,13,692,890,0,2,1,2,0,1,0,0.00,77.75 ,50
03,005,00,012,0204,315 ,711,13,724,904,0,2,1,2,0,1,0,0.00,80.09 ,50
03,005,00,012,0205,316 ,445,7,452,574,0,2,1,2,0,1,0,0.00,78.75 ,50
03,005,00,012,0206,317 ,537,9,546,694,0,2,1,2,0,1,0,0.00,78.67 ,50
03,005,00,012,0206,318 ,611,15,626,775,0,2,1,2,0,1,0,0.00,80.77 ,50
03,005,00,012,0207,319 ,677,5,682,878,0,2,1,2,0,1,0,0.00,77.68 ,50
03,005,00,012,0208,320 ,280,6,286,377,0,2,1,2,0,1,0,0.00,75.86 ,50
03,005,00,012,0209,321 ,733,11,744,930,0,2,1,2,0,1,0,0.00,80.00 ,50
03,005,00,012,0209,322 ,175,5,180,233,0,2,1,2,0,1,0,0.00,77.25 ,50
03,005,00,012,0210,323 ,285,0,285,365,0,2,1,2,0,1,0,0.00,78.08 ,50
03,005,00,013,0211,324 ,797,8,805,1001,0,2,1,2,0,1,0,0.00,80.42 ,50
03,005,00,013,0211,325 ,779,11,790,1009,0,2,1,2,0,1,0,0.00,78.30 ,50
03,005,00,013,0211,326 ,830,7,837,1023,0,2,1,2,0,1,0,0.00,81.82 ,50
03,005,00,013,0211,327 ,662,4,666,853,0,2,1,2,0,1,0,0.00,78.08 ,50
03,005,00,013,0212,328 ,935,18,953,1181,0,2,1,2,0,1,0,0.00,80.69 ,50
03,005,00,013,0212,329 ,966,13,979,1281,0,2,1,2,0,1,0,0.00,76.42 ,50
03,005,00,013,0213,330 ,691,16,707,908,0,2,1,2,0,1,0,0.00,77.86 ,50
03,005,00,013,0213,331 ,546,2,548,701,0,2,1,2,0,1,0,0.00,78.17 ,50
03,005,00,013,0214,332 ,579,9,588,727,0,2,1,2,0,1,0,0.00,80.88 ,50
03,005,00,013,0214,333 ,502,8,510,665,0,2,1,2,0,1,0,0.00,76.69 ,50
03,005,00,013,0215,334 ,984,21,1005,1258,0,2,1,2,0,1,0,0.00,79.89 ,50
03,005,00,013,0216,335 ,304,3,307,395,0,2,1,2,0,1,0,0.00,77.72 ,50
03,005,00,013,0217,336 ,911,13,924,1135,0,2,1,2,0,1,0,0.00,81.41 ,50
03,005,00,014,0218,337 ,499,4,503,657,0,2,1,2,0,1,0,0.00,76.56 ,50
03,005,00,014,0219,338 ,437,8,445,615,0,2,1,2,0,1,0,0.00,72.36 ,50
03,005,00,014,0220,339 ,689,7,696,971,0,2,1,2,0,1,0,0.00,71.68 ,50
03,005,00,014,0221,340 ,538,1,539,705,0,2,1,2,0,1,0,0.00,76.45 ,50
03,005,00,014,0222,341 ,748,5,753,1082,0,2,1,2,0,1,0,0.00,69.59 ,50
03,005,00,014,0223,342 ,387,10,397,553,0,2,1,2,0,1,0,0.00,71.79 ,50
03,005,00,014,0224,343 ,399,8,407,577,0,2,1,2,0,1,0,0.00,70.54 ,50
03,005,00,014,0225,344 ,854,12,866,1154,0,2,1,2,0,1,0,0.00,75.04 ,50
03,005,00,014,0226,345 ,494,6,500,720,0,2,1,2,0,1,0,0.00,69.44 ,50
03,005,00,015,0227,346 ,1248,11,1259,1565,0,2,1,2,0,1,0,0.00,80.45 ,50
03,005,00,015,0228,347 ,432,2,434,542,0,2,1,2,0,1,0,0.00,80.07 ,50
03,005,00,015,0229,348 ,719,5,724,936,0,2,1,2,0,1,0,0.00,77.35 ,50
03,005,00,015,0230,349 ,1226,12,1238,1500,0,2,1,2,0,1,0,0.00,82.53 ,50
03,005,00,015,0230,350 ,1026,9,1035,1290,0,2,1,2,0,1,0,0.00,80.23 ,50
03,005,00,015,0231,351 ,448,2,450,571,0,2,1,2,0,1,0,0.00,78.81 ,50
03,005,00,015,0232,352 ,447,7,454,546,0,2,1,2,0,1,0,0.00,83.15 ,50
03,005,00,015,0233,353 ,1003,16,1019,1330,0,2,1,2,0,1,0,0.00,76.62 ,50
03,005,00,015,0234,354 ,558,5,563,712,0,2,1,2,0,1,0,0.00,79.07 ,50
03,005,00,015,0235,355 ,801,18,819,1061,0,2,1,2,0,1,0,0.00,77.19 ,50
03,005,00,016,0236,356 ,845,17,862,1090,0,2,1,2,0,1,0,0.00,79.08 ,50
03,005,00,016,0236,357 ,788,6,794,1037,0,2,1,2,0,1,0,0.00,76.57 ,50
03,005,00,016,0237,358 ,466,8,474,589,0,2,1,2,0,1,0,0.00,80.48 ,50
03,005,00,016,0238,359 ,694,9,703,881,0,2,1,2,0,1,0,0.00,79.80 ,50
03,005,00,016,0239,360 ,209,4,213,261,0,2,1,2,0,1,0,0.00,81.61 ,50
03,005,00,016,0240,361 ,461,5,466,607,0,2,1,2,0,1,0,0.00,76.77 ,50
03,005,00,016,0241,362 ,529,9,538,716,0,2,1,2,0,1,0,0.00,75.14 ,50
03,005,00,016,0242,363 ,388,6,394,508,0,2,1,2,0,1,0,0.00,77.56 ,50
03,005,00,016,0243,364 ,277,4,281,345,0,2,1,2,0,1,0,0.00,81.45 ,50
03,005,00,017,0244,365 ,283,3,286,404,0,2,1,2,0,1,0,0.00,70.79 ,50
03,005,00,017,0245,366 ,506,8,514,695,0,2,1,2,0,1,0,0.00,73.96 ,50
03,005,00,017,0246,367 ,758,9,767,1039,0,2,1,2,0,1,0,0.00,73.82 ,50
03,005,00,017,0247,368 ,412,17,429,631,0,2,1,2,0,1,0,0.00,67.99 ,50
03,005,00,017,0248,369 ,466,5,471,697,0,2,1,2,0,1,0,0.00,67.58 ,50
03,005,00,017,0249,370 ,285,8,293,393,0,2,1,2,0,1,0,0.00,74.55 ,50
03,005,00,017,0250,371 ,564,19,583,811,0,2,1,2,0,1,0,0.00,71.89 ,50
03,005,00,018,0251,372 ,166,3,169,245,0,2,1,2,0,1,0,0.00,68.98 ,50
03,005,00,018,0252,373 ,536,9,545,913,0,2,1,2,0,1,0,0.00,59.69 ,50
03,005,00,018,0253,374 ,227,2,229,325,0,2,1,2,0,1,0,0.00,70.46 ,50
03,005,00,018,0253,375 ,366,4,370,539,0,2,1,2,0,1,0,0.00,68.65 ,50
03,005,00,018,0254,376 ,278,0,278,393,0,2,1,2,0,1,0,0.00,70.74 ,50
03,005,00,018,0255,377 ,260,3,263,383,0,2,1,2,0,1,0,0.00,68.67 ,50
03,005,00,018,0256,378 ,240,3,243,363,0,2,1,2,0,1,0,0.00,66.94 ,50
03,005,00,018,0257,379 ,393,11,404,562,0,2,1,2,0,1,0,0.00,71.89 ,50
03,005,00,018,0258,380 ,331,7,338,461,0,2,1,2,0,1,0,0.00,73.32 ,50
03,006,00,001,0001,1 ,789,12,801,1009,0,2,1,2,0,1,0,0.00,79.39 ,50
03,006,00,001,0001,2 ,825,10,835,1048,0,2,1,2,0,1,0,0.00,79.68 ,50
03,006,00,001,0002,3 ,722,7,729,931,0,2,1,2,0,1,0,0.00,78.30 ,50
03,006,00,001,0003,4 ,613,6,619,787,0,2,1,2,0,1,0,0.00,78.65 ,50
03,006,00,001,0004,5 ,796,2,798,1001,0,2,1,2,0,1,0,0.00,79.72 ,50
03,006,00,001,0005,6 ,693,9,702,859,0,2,1,2,0,1,0,0.00,81.72 ,50
03,006,00,001,0006,7 ,1062,5,1067,1376,0,2,1,2,0,1,0,0.00,77.54 ,50
03,006,00,001,0006,8 ,1075,19,1094,1361,0,2,1,2,0,1,0,0.00,80.38 ,50
03,006,00,001,0006,9 ,1287,6,1293,1581,0,2,1,2,0,1,0,0.00,81.78 ,50
03,006,00,001,0007,10 ,781,12,793,1027,0,2,1,2,0,1,0,0.00,77.22 ,50
03,006,00,001,0007,11 ,851,8,859,1022,0,2,1,2,0,1,0,0.00,84.05 ,50
03,006,00,001,0008,12 ,736,12,748,918,0,2,1,2,0,1,0,0.00,81.48 ,50
03,006,00,001,0008,13 ,848,13,861,1090,0,2,1,2,0,1,0,0.00,78.99 ,50
03,006,00,001,0009,14 ,1432,23,1455,1798,0,2,1,2,0,1,0,0.00,80.92 ,50
03,006,00,001,0009,15 ,1173,23,1196,1482,0,2,1,2,0,1,0,0.00,80.70 ,50
03,006,00,001,0010,16 ,1315,34,1349,1682,0,2,1,2,0,1,0,0.00,80.20 ,50
03,006,00,001,0010,17 ,1296,19,1315,1645,0,2,1,2,0,1,0,0.00,79.94 ,50
03,006,00,001,0010,18 ,1431,21,1452,1862,0,2,1,2,0,1,0,0.00,77.98 ,50
03,006,00,001,0011,19 ,1265,9,1274,1609,0,2,1,2,0,1,0,0.00,79.18 ,50
03,006,00,001,0012,20 ,969,12,981,1167,0,2,1,2,0,1,0,0.00,84.06 ,50
03,006,00,001,0013,21 ,914,10,924,1147,0,2,1,2,0,1,0,0.00,80.56 ,50
03,006,00,001,0013,22 ,1053,15,1068,1343,0,2,1,2,0,1,0,0.00,79.52 ,50
03,006,00,001,0014,23 ,773,4,777,922,0,2,1,2,0,1,0,0.00,84.27 ,50
03,006,00,001,0015,24 ,730,6,736,920,0,2,1,2,0,1,0,0.00,80.00 ,50
03,006,00,001,0016,25 ,1217,10,1227,1497,0,2,1,2,0,1,0,0.00,81.96 ,50
03,006,00,001,0016,26 ,1260,19,1279,1614,0,2,1,2,0,1,0,0.00,79.24 ,50
03,006,00,001,0016,27 ,1179,15,1194,1477,0,2,1,2,0,1,0,0.00,80.84 ,50
03,006,00,001,0017,28 ,840,8,848,1053,0,2,1,2,0,1,0,0.00,80.53 ,50
03,006,00,001,0017,29 ,865,11,876,1065,0,2,1,2,0,1,0,0.00,82.25 ,50
03,006,00,001,0018,30 ,1063,11,1074,1346,0,2,1,2,0,1,0,0.00,79.79 ,50
03,006,00,001,0018,31 ,1110,18,1128,1394,0,2,1,2,0,1,0,0.00,80.92 ,50
03,006,00,001,0019,32 ,1396,22,1418,1773,0,2,1,2,0,1,0,0.00,79.98 ,50
03,006,00,001,0019,33 ,1167,16,1183,1490,0,2,1,2,0,1,0,0.00,79.40 ,50
03,006,00,001,0019,34 ,1181,19,1200,1615,0,2,1,2,0,1,0,0.00,74.30 ,50
03,006,00,001,0019,35 ,1236,19,1255,1604,0,2,1,2,0,1,0,0.00,78.24 ,50
03,006,00,001,0020,36 ,1536,19,1555,1889,0,2,1,2,0,1,0,0.00,82.32 ,50
03,006,00,001,0020,37 ,1557,24,1581,1942,0,2,1,2,0,1,0,0.00,81.41 ,50
03,006,00,001,0021,38 ,1131,12,1143,1428,0,2,1,2,0,1,0,0.00,80.04 ,50
03,006,00,001,0022,39 ,898,5,903,1136,0,2,1,2,0,1,0,0.00,79.49 ,50
03,006,00,001,0023,40 ,1102,16,1118,1394,0,2,1,2,0,1,0,0.00,80.20 ,50
03,006,00,001,0023,41 ,1131,21,1152,1453,0,2,1,2,0,1,0,0.00,79.28 ,50
03,006,00,001,0023,42 ,1087,13,1100,1340,0,2,1,2,0,1,0,0.00,82.09 ,50
03,006,00,001,0024,43 ,1167,16,1183,1416,0,2,1,2,0,1,0,0.00,83.55 ,50
03,006,00,001,0024,44 ,1201,16,1217,1538,0,2,1,2,0,1,0,0.00,79.13 ,50
03,006,00,001,0024,45 ,1149,9,1158,1439,0,2,1,2,0,1,0,0.00,80.47 ,50
03,006,00,001,0024,46 ,1176,14,1190,1475,0,2,1,2,0,1,0,0.00,80.68 ,50
03,006,00,001,0024,47 ,1044,12,1056,1336,0,2,1,2,0,1,0,0.00,79.04 ,50
03,006,00,001,0025,48 ,1308,26,1334,1625,0,2,1,2,0,1,0,0.00,82.09 ,50
03,006,00,001,0025,49 ,1158,21,1179,1453,0,2,1,2,0,1,0,0.00,81.14 ,50
03,006,00,001,0026,50 ,1087,10,1097,1341,0,2,1,2,0,1,0,0.00,81.80 ,50
03,006,00,001,0026,51 ,803,4,807,1032,0,2,1,2,0,1,0,0.00,78.20 ,50
03,006,00,001,0027,52 ,1398,18,1416,1778,0,2,1,2,0,1,0,0.00,79.64 ,50
03,006,00,001,0027,53 ,1275,17,1292,1620,0,2,1,2,0,1,0,0.00,79.75 ,50
03,006,00,001,0027,54 ,1265,13,1278,1650,0,2,1,2,0,1,0,0.00,77.45 ,50
03,006,00,001,0028,55 ,1352,18,1370,1713,0,2,1,2,0,1,0,0.00,79.98 ,50
03,006,00,001,0028,56 ,1593,22,1615,2006,0,2,1,2,0,1,0,0.00,80.51 ,50
03,006,00,001,0028,57 ,1382,13,1395,1754,0,2,1,2,0,1,0,0.00,79.53 ,50
03,006,00,001,0028,58 ,1315,20,1335,1673,0,2,1,2,0,1,0,0.00,79.80 ,50
03,006,00,001,0028,59 ,1292,14,1306,1659,0,2,1,2,0,1,0,0.00,78.72 ,50
03,006,00,001,0029,60 ,1247,8,1255,1531,0,2,1,2,0,1,0,0.00,81.97 ,50
03,006,00,001,0030,61 ,1239,18,1257,1521,0,2,1,2,0,1,0,0.00,82.64 ,50
03,006,00,001,0030,62 ,1413,14,1427,1790,0,2,1,2,0,1,0,0.00,79.72 ,50
03,006,00,001,0031,63 ,1326,17,1343,1692,0,2,1,2,0,1,0,0.00,79.37 ,50
03,006,00,001,0031,64 ,1020,5,1025,1282,0,2,1,2,0,1,0,0.00,79.95 ,50
03,006,00,001,0032,65 ,1051,16,1067,1314,0,2,1,2,0,1,0,0.00,81.20 ,50
03,006,00,001,0032,66 ,1069,11,1080,1347,0,2,1,2,0,1,0,0.00,80.18 ,50
03,006,00,001,0033,67 ,1097,30,1127,1367,0,2,1,2,0,1,0,0.00,82.44 ,50
03,006,00,001,0034,68 ,991,9,1000,1246,0,2,1,2,0,1,0,0.00,80.26 ,50
03,006,00,001,0034,69 ,764,7,771,949,0,2,1,2,0,1,0,0.00,81.24 ,50
03,006,00,001,0035,70 ,1420,26,1446,1748,0,2,1,2,0,1,0,0.00,82.72 ,50
03,006,00,001,0036,71 ,1112,15,1127,1414,0,2,1,2,0,1,0,0.00,79.70 ,50
03,006,00,001,0036,72 ,909,15,924,1170,0,2,1,2,0,1,0,0.00,78.97 ,50
03,006,00,002,0037,73 ,866,20,886,1150,0,2,1,2,0,1,0,0.00,77.04 ,50
03,006,00,002,0038,74 ,716,6,722,897,0,2,1,2,0,1,0,0.00,80.49 ,50
03,006,00,002,0039,75 ,1281,13,1294,1595,0,2,1,2,0,1,0,0.00,81.13 ,50
03,006,00,002,0040,76 ,741,9,750,909,0,2,1,2,0,1,0,0.00,82.51 ,50
03,006,00,002,0040,77 ,838,14,852,1074,0,2,1,2,0,1,0,0.00,79.33 ,50
03,006,00,002,0041,78 ,901,11,912,1146,0,2,1,2,0,1,0,0.00,79.58 ,50
03,006,00,002,0041,79 ,921,9,930,1164,0,2,1,2,0,1,0,0.00,79.90 ,50
03,006,00,002,0042,80 ,836,11,847,1093,0,2,1,2,0,1,0,0.00,77.49 ,50
03,006,00,002,0043,81 ,1275,19,1294,1621,0,2,1,2,0,1,0,0.00,79.83 ,50
03,006,00,002,0044,82 ,912,7,919,1169,0,2,1,2,0,1,0,0.00,78.61 ,50
03,006,00,002,0044,83 ,907,9,916,1159,0,2,1,2,0,1,0,0.00,79.03 ,50
03,006,00,002,0044,84 ,709,13,722,919,0,2,1,2,0,1,0,0.00,78.56 ,50
03,006,00,002,0045,85 ,686,15,701,901,0,2,1,2,0,1,0,0.00,77.80 ,50
03,006,00,002,0045,86 ,725,17,742,957,0,2,1,2,0,1,0,0.00,77.53 ,50
03,006,00,002,0046,87 ,787,8,795,994,0,2,1,2,0,1,0,0.00,79.98 ,50
03,006,00,002,0046,88 ,1098,13,1111,1459,0,2,1,2,0,1,0,0.00,76.15 ,50
03,006,00,002,0047,89 ,1135,22,1157,1481,0,2,1,2,0,1,0,0.00,78.12 ,50
03,006,00,002,0048,90 ,955,18,973,1258,0,2,1,2,0,1,0,0.00,77.34 ,50
03,006,00,002,0048,91 ,1173,14,1187,1505,0,2,1,2,0,1,0,0.00,78.87 ,50
03,006,00,002,0048,92 ,1211,10,1221,1525,0,2,1,2,0,1,0,0.00,80.07 ,50
03,006,00,002,0049,93 ,1159,19,1178,1483,0,2,1,2,0,1,0,0.00,79.43 ,50
03,006,00,002,0050,94 ,764,13,777,1011,0,2,1,2,0,1,0,0.00,76.85 ,50
03,006,00,002,0051,95 ,713,10,723,909,0,2,1,2,0,1,0,0.00,79.54 ,50
03,006,00,002,0052,96 ,780,7,787,1055,0,2,1,2,0,1,0,0.00,74.60 ,50
03,006,00,002,0052,97 ,702,7,709,891,0,2,1,2,0,1,0,0.00,79.57 ,50
03,006,00,002,0053,98 ,972,11,983,1374,0,2,1,2,0,1,0,0.00,71.54 ,50
03,006,00,002,0054,99 ,725,11,736,943,0,2,1,2,0,1,0,0.00,78.05 ,50
03,006,00,002,0054,100 ,620,6,626,815,0,2,1,2,0,1,0,0.00,76.81 ,50
03,006,00,002,0055,101 ,961,16,977,1156,0,2,1,2,0,1,0,0.00,84.52 ,50
03,006,00,002,0055,102 ,525,10,535,698,0,2,1,2,0,1,0,0.00,76.65 ,50
03,006,00,002,0056,103 ,1177,14,1191,1501,0,2,1,2,0,1,0,0.00,79.35 ,50
03,006,00,002,0057,104 ,917,13,930,1222,0,2,1,2,0,1,0,0.00,76.10 ,50
03,006,00,002,0058,105 ,1165,16,1181,1540,0,2,1,2,0,1,0,0.00,76.69 ,50
03,006,00,002,0059,106 ,582,9,591,749,0,2,1,2,0,1,0,0.00,78.91 ,50
03,006,00,002,0060,107 ,539,8,547,671,0,2,1,2,0,1,0,0.00,81.52 ,50
03,006,00,002,0061,108 ,1027,18,1045,1362,0,2,1,2,0,1,0,0.00,76.73 ,50
03,006,00,003,0062,109 ,911,6,917,1141,0,2,1,2,0,1,0,0.00,80.37 ,50
03,006,00,003,0063,110 ,968,4,972,1206,0,2,1,2,0,1,0,0.00,80.60 ,50
03,006,00,003,0064,111 ,696,4,700,860,0,2,1,2,0,1,0,0.00,81.40 ,50
03,006,00,003,0064,112 ,701,4,705,875,0,2,1,2,0,1,0,0.00,80.57 ,50
03,006,00,003,0065,113 ,582,8,590,712,0,2,1,2,0,1,0,0.00,82.87 ,50
03,006,00,003,0066,114 ,733,5,738,895,0,2,1,2,0,1,0,0.00,82.46 ,50
03,006,00,003,0066,115 ,643,6,649,762,0,2,1,2,0,1,0,0.00,85.17 ,50
03,006,00,003,0067,116 ,668,8,676,871,0,2,1,2,0,1,0,0.00,77.61 ,50
03,006,00,003,0067,117 ,829,10,839,989,0,2,1,2,0,1,0,0.00,84.83 ,50
03,006,00,003,0068,118 ,759,7,766,972,0,2,1,2,0,1,0,0.00,78.81 ,50
03,006,00,003,0068,119 ,811,11,822,1040,0,2,1,2,0,1,0,0.00,79.04 ,50
03,006,00,003,0068,120 ,824,8,832,997,0,2,1,2,0,1,0,0.00,83.45 ,50
03,006,00,003,0069,121 ,565,4,569,726,0,2,1,2,0,1,0,0.00,78.37 ,50
03,006,00,003,0069,122 ,628,5,633,739,0,2,1,2,0,1,0,0.00,85.66 ,50
03,006,00,003,0070,123 ,697,12,709,883,0,2,1,2,0,1,0,0.00,80.29 ,50
03,006,00,003,0070,124 ,717,5,722,882,0,2,1,2,0,1,0,0.00,81.86 ,50
03,006,00,003,0070,125 ,754,5,759,961,0,2,1,2,0,1,0,0.00,78.98 ,50
03,006,00,003,0071,126 ,720,11,731,911,0,2,1,2,0,1,0,0.00,80.24 ,50
03,006,00,003,0072,127 ,731,8,739,918,0,2,1,2,0,1,0,0.00,80.50 ,50
03,006,00,003,0073,128 ,903,9,912,1102,0,2,1,2,0,1,0,0.00,82.76 ,50
03,006,00,003,0073,129 ,958,21,979,1186,0,2,1,2,0,1,0,0.00,82.55 ,50
03,006,00,003,0074,130 ,833,16,849,993,0,2,1,2,0,1,0,0.00,85.50 ,50
03,006,00,003,0075,131 ,873,13,886,1049,0,2,1,2,0,1,0,0.00,84.46 ,50
03,006,00,003,0076,132 ,1102,10,1112,1305,0,2,1,2,0,1,0,0.00,85.21 ,50
03,006,00,003,0077,133 ,965,9,974,1194,0,2,1,2,0,1,0,0.00,81.57 ,50
03,006,00,003,0077,134 ,964,9,973,1184,0,2,1,2,0,1,0,0.00,82.18 ,50
03,006,00,003,0077,135 ,1132,7,1139,1351,0,2,1,2,0,1,0,0.00,84.31 ,50
03,006,00,003,0078,136 ,815,7,822,985,0,2,1,2,0,1,0,0.00,83.45 ,50
03,006,00,003,0079,137 ,1074,14,1088,1347,0,2,1,2,0,1,0,0.00,80.77 ,50
03,006,00,003,0080,138 ,679,14,693,834,0,2,1,2,0,1,0,0.00,83.09 ,50
03,006,00,003,0081,139 ,690,10,700,845,0,2,1,2,0,1,0,0.00,82.84 ,50
03,006,00,003,0081,140 ,789,12,801,968,0,2,1,2,0,1,0,0.00,82.75 ,50
03,006,00,003,0081,141 ,867,11,878,1048,0,2,1,2,0,1,0,0.00,83.78 ,50
03,006,00,003,0082,142 ,934,9,943,1143,0,2,1,2,0,1,0,0.00,82.50 ,50
03,006,00,003,0083,143 ,851,9,860,1001,0,2,1,2,0,1,0,0.00,85.91 ,50
03,006,00,003,0083,144 ,727,10,737,905,0,2,1,2,0,1,0,0.00,81.44 ,50
03,006,00,003,0083,145 ,736,7,743,886,0,2,1,2,0,1,0,0.00,83.86 ,50
03,006,00,003,0084,146 ,878,11,889,1111,0,2,1,2,0,1,0,0.00,80.02 ,50
03,006,00,003,0084,147 ,915,8,923,1139,0,2,1,2,0,1,0,0.00,81.04 ,50
03,006,00,003,0085,148 ,1005,8,1013,1268,0,2,1,2,0,1,0,0.00,79.89 ,50
03,006,00,003,0085,149 ,869,20,889,1092,0,2,1,2,0,1,0,0.00,81.41 ,50
03,006,00,003,0085,150 ,700,6,706,882,0,2,1,2,0,1,0,0.00,80.05 ,50
03,006,00,003,0086,151 ,1037,23,1060,1264,0,2,1,2,0,1,0,0.00,83.86 ,50
03,006,00,003,0087,152 ,599,10,609,721,0,2,1,2,0,1,0,0.00,84.47 ,50
03,006,00,003,0087,153 ,593,7,600,736,0,2,1,2,0,1,0,0.00,81.52 ,50
03,006,00,003,0088,154 ,879,15,894,1127,0,2,1,2,0,1,0,0.00,79.33 ,50
03,006,00,003,0089,155 ,835,20,855,1032,0,2,1,2,0,1,0,0.00,82.85 ,50
03,006,00,003,0090,156 ,953,17,970,1185,0,2,1,2,0,1,0,0.00,81.86 ,50
03,006,00,004,0091,157 ,969,11,980,1269,0,2,1,2,0,1,0,0.00,77.23 ,50
03,006,00,004,0092,158 ,863,7,870,1054,0,2,1,2,0,1,0,0.00,82.54 ,50
03,006,00,004,0093,159 ,817,7,824,1013,0,2,1,2,0,1,0,0.00,81.34 ,50
03,006,00,004,0093,160 ,787,8,795,983,0,2,1,2,0,1,0,0.00,80.87 ,50
03,006,00,004,0094,161 ,576,8,584,741,0,2,1,2,0,1,0,0.00,78.81 ,50
03,006,00,004,0095,162 ,805,8,813,988,0,2,1,2,0,1,0,0.00,82.29 ,50
03,006,00,004,0095,163 ,844,6,850,1026,0,2,1,2,0,1,0,0.00,82.85 ,50
03,006,00,004,0096,164 ,1103,7,1110,1357,0,2,1,2,0,1,0,0.00,81.80 ,50
03,006,00,004,0097,165 ,585,9,594,714,0,2,1,2,0,1,0,0.00,83.19 ,50
03,006,00,004,0098,166 ,390,3,393,494,0,2,1,2,0,1,0,0.00,79.55 ,50
03,006,00,004,0099,167 ,1110,17,1127,1379,0,2,1,2,0,1,0,0.00,81.73 ,50
03,006,00,004,0099,168 ,776,12,788,974,0,2,1,2,0,1,0,0.00,80.90 ,50
03,006,00,004,0100,169 ,729,11,740,921,0,2,1,2,0,1,0,0.00,80.35 ,50
03,006,00,004,0100,170 ,972,9,981,1193,0,2,1,2,0,1,0,0.00,82.23 ,50
03,006,00,004,0100,171 ,1013,12,1025,1240,0,2,1,2,0,1,0,0.00,82.66 ,50
03,006,00,004,0101,172 ,800,12,812,990,0,2,1,2,0,1,0,0.00,82.02 ,50
03,006,00,004,0102,173 ,1061,11,1072,1323,0,2,1,2,0,1,0,0.00,81.03 ,50
03,006,00,004,0103,174 ,1029,15,1044,1277,0,2,1,2,0,1,0,0.00,81.75 ,50
03,006,00,004,0103,175 ,1383,22,1405,1666,0,2,1,2,0,1,0,0.00,84.33 ,50
03,006,00,004,0104,176 ,1040,14,1054,1285,0,2,1,2,0,1,0,0.00,82.02 ,50
03,006,00,004,0104,177 ,876,10,886,1089,0,2,1,2,0,1,0,0.00,81.36 ,50
03,006,00,004,0105,178 ,1410,7,1417,1680,0,2,1,2,0,1,0,0.00,84.35 ,50
03,006,00,004,0106,179 ,993,8,1001,1191,0,2,1,2,0,1,0,0.00,84.05 ,50
03,006,00,004,0106,180 ,1097,19,1116,1390,0,2,1,2,0,1,0,0.00,80.29 ,50
03,006,00,004,0107,181 ,1141,10,1151,1365,0,2,1,2,0,1,0,0.00,84.32 ,50
03,006,00,004,0107,182 ,534,6,540,641,0,2,1,2,0,1,0,0.00,84.24 ,50
03,006,00,004,0108,183 ,1010,14,1024,1234,0,2,1,2,0,1,0,0.00,82.98 ,50
03,006,00,004,0109,184 ,974,7,981,1213,0,2,1,2,0,1,0,0.00,80.87 ,50
03,006,00,004,0110,185 ,963,17,980,1234,0,2,1,2,0,1,0,0.00,79.42 ,50
03,006,00,004,0111,186 ,764,15,779,962,0,2,1,2,0,1,0,0.00,80.98 ,50
03,006,00,004,0112,187 ,928,13,941,1217,0,2,1,2,0,1,0,0.00,77.32 ,50
03,006,00,004,0113,188 ,812,8,820,1042,0,2,1,2,0,1,0,0.00,78.69 ,50
03,006,00,004,0113,189 ,684,4,688,863,0,2,1,2,0,1,0,0.00,79.72 ,50
03,006,00,004,0114,190 ,811,12,823,966,0,2,1,2,0,1,0,0.00,85.20 ,50
03,006,00,004,0114,191 ,823,13,836,1066,0,2,1,2,0,1,0,0.00,78.42 ,50
03,006,00,004,0115,192 ,611,10,621,794,0,2,1,2,0,1,0,0.00,78.21 ,50
03,006,00,004,0115,193 ,703,7,710,849,0,2,1,2,0,1,0,0.00,83.63 ,50
03,006,00,004,0116,194 ,824,9,833,1057,0,2,1,2,0,1,0,0.00,78.81 ,50
03,006,00,004,0116,195 ,703,9,712,932,0,2,1,2,0,1,0,0.00,76.39 ,50
03,006,00,004,0117,196 ,1121,27,1148,1446,0,2,1,2,0,1,0,0.00,79.39 ,50
03,006,00,004,0117,197 ,1266,13,1279,1632,0,2,1,2,0,1,0,0.00,78.37 ,50
03,006,00,004,0117,198 ,1201,11,1212,1509,0,2,1,2,0,1,0,0.00,80.32 ,50
03,006,00,004,0118,199 ,954,5,959,1209,0,2,1,2,0,1,0,0.00,79.32 ,50
03,006,00,004,0118,200 ,1261,20,1281,1574,0,2,1,2,0,1,0,0.00,81.39 ,50
03,006,00,004,0119,201 ,846,14,860,1059,0,2,1,2,0,1,0,0.00,81.21 ,50
03,006,00,004,0120,202 ,822,6,828,1034,0,2,1,2,0,1,0,0.00,80.08 ,50
03,006,00,004,0121,203 ,745,8,753,951,0,2,1,2,0,1,0,0.00,79.18 ,50
03,006,00,004,0122,204 ,822,8,830,1067,0,2,1,2,0,1,0,0.00,77.79 ,50
03,006,00,005,0123,205 ,1098,10,1108,1314,0,2,1,2,0,1,0,0.00,84.32 ,50
03,006,00,005,0124,206 ,874,8,882,1057,0,2,1,2,0,1,0,0.00,83.44 ,50
03,006,00,005,0124,207 ,984,12,996,1179,0,2,1,2,0,1,0,0.00,84.48 ,50
03,006,00,005,0125,208 ,936,9,945,1170,0,2,1,2,0,1,0,0.00,80.77 ,50
03,006,00,005,0126,209 ,457,6,463,552,0,2,1,2,0,1,0,0.00,83.88 ,50
03,006,00,005,0127,210 ,989,11,1000,1222,0,2,1,2,0,1,0,0.00,81.83 ,50
03,006,00,005,0127,211 ,768,6,774,964,0,2,1,2,0,1,0,0.00,80.29 ,50
03,006,00,005,0128,212 ,751,10,761,916,0,2,1,2,0,1,0,0.00,83.08 ,50
03,006,00,005,0128,213 ,1173,14,1187,1444,0,2,1,2,0,1,0,0.00,82.20 ,50
03,006,00,005,0129,214 ,796,8,804,969,0,2,1,2,0,1,0,0.00,82.97 ,50
03,006,00,005,0129,215 ,832,10,842,1059,0,2,1,2,0,1,0,0.00,79.51 ,50
03,006,00,005,0129,216 ,834,9,843,989,0,2,1,2,0,1,0,0.00,85.24 ,50
03,006,00,005,0130,217 ,1386,15,1401,1728,0,2,1,2,0,1,0,0.00,81.08 ,50
03,006,00,005,0130,218 ,1308,14,1322,1584,0,2,1,2,0,1,0,0.00,83.46 ,50
03,006,00,005,0131,219 ,1086,11,1097,1337,0,2,1,2,0,1,0,0.00,82.05 ,50
03,006,00,005,0131,220 ,1364,6,1370,1642,0,2,1,2,0,1,0,0.00,83.43 ,50
03,006,00,005,0131,221 ,1115,9,1124,1356,0,2,1,2,0,1,0,0.00,82.89 ,50
03,006,00,005,0132,222 ,1295,11,1306,1565,0,2,1,2,0,1,0,0.00,83.45 ,50
03,006,00,005,0132,223 ,1362,15,1377,1657,0,2,1,2,0,1,0,0.00,83.10 ,50
03,006,00,005,0132,224 ,946,22,968,1215,0,2,1,2,0,1,0,0.00,79.67 ,50
03,006,00,005,0133,225 ,661,6,667,846,0,2,1,2,0,1,0,0.00,78.84 ,50
03,006,00,005,0134,226 ,1433,16,1449,1808,0,2,1,2,0,1,0,0.00,80.14 ,50
03,006,00,005,0135,227 ,1107,7,1114,1355,0,2,1,2,0,1,0,0.00,82.21 ,50
03,006,00,005,0135,228 ,1024,17,1041,1233,0,2,1,2,0,1,0,0.00,84.43 ,50
03,006,00,005,0136,229 ,872,11,883,1087,0,2,1,2,0,1,0,0.00,81.23 ,50
03,006,00,005,0137,230 ,969,14,983,1243,0,2,1,2,0,1,0,0.00,79.08 ,50
03,006,00,005,0138,231 ,1160,17,1177,1450,0,2,1,2,0,1,0,0.00,81.17 ,50
03,006,00,005,0139,232 ,1209,18,1227,1500,0,2,1,2,0,1,0,0.00,81.80 ,50
03,006,00,005,0139,233 ,1207,9,1216,1546,0,2,1,2,0,1,0,0.00,78.65 ,50
03,006,00,005,0140,234 ,1315,22,1337,1609,0,2,1,2,0,1,0,0.00,83.10 ,50
03,006,00,005,0140,235 ,1324,12,1336,1700,0,2,1,2,0,1,0,0.00,78.59 ,50
03,006,00,005,0141,236 ,1190,8,1198,1392,0,2,1,2,0,1,0,0.00,86.06 ,50
03,006,00,005,0142,237 ,1547,23,1570,1904,0,2,1,2,0,1,0,0.00,82.46 ,50
03,006,00,006,0143,238 ,677,6,683,884,0,2,1,2,0,1,0,0.00,77.26 ,50
03,006,00,006,0143,239 ,811,9,820,1029,0,2,1,2,0,1,0,0.00,79.69 ,50
03,006,00,006,0144,240 ,897,11,908,1096,0,2,1,2,0,1,0,0.00,82.85 ,50
03,006,00,006,0144,241 ,765,9,774,941,0,2,1,2,0,1,0,0.00,82.25 ,50
03,006,00,006,0145,242 ,852,14,866,1040,0,2,1,2,0,1,0,0.00,83.27 ,50
03,006,00,006,0145,243 ,721,9,730,895,0,2,1,2,0,1,0,0.00,81.56 ,50
03,006,00,006,0145,244 ,760,10,770,967,0,2,1,2,0,1,0,0.00,79.63 ,50
03,006,00,006,0146,245 ,443,5,448,556,0,2,1,2,0,1,0,0.00,80.58 ,50
03,006,00,006,0147,246 ,901,10,911,1097,0,2,1,2,0,1,0,0.00,83.04 ,50
03,006,00,006,0148,247 ,597,7,604,745,0,2,1,2,0,1,0,0.00,81.07 ,50
03,006,00,006,0149,248 ,1130,14,1144,1381,0,2,1,2,0,1,0,0.00,82.84 ,50
03,006,00,006,0149,249 ,971,11,982,1177,0,2,1,2,0,1,0,0.00,83.43 ,50
03,006,00,006,0149,250 ,966,6,972,1143,0,2,1,2,0,1,0,0.00,85.04 ,50
03,006,00,006,0150,251 ,1407,23,1430,1721,0,2,1,2,0,1,0,0.00,83.09 ,50
03,006,00,006,0151,252 ,967,15,982,1167,0,2,1,2,0,1,0,0.00,84.15 ,50
03,006,00,006,0151,253 ,833,14,847,1035,0,2,1,2,0,1,0,0.00,81.84 ,50
03,006,00,006,0152,254 ,1332,16,1348,1658,0,2,1,2,0,1,0,0.00,81.30 ,50
03,006,00,006,0152,255 ,946,12,958,1191,0,2,1,2,0,1,0,0.00,80.44 ,50
03,006,00,006,0152,256 ,1103,19,1122,1326,0,2,1,2,0,1,0,0.00,84.62 ,50
03,006,00,006,0153,257 ,884,8,892,1083,0,2,1,2,0,1,0,0.00,82.36 ,50
03,006,00,006,0153,258 ,709,7,716,870,0,2,1,2,0,1,0,0.00,82.30 ,50
03,006,00,006,0153,259 ,681,6,687,853,0,2,1,2,0,1,0,0.00,80.54 ,50
03,006,00,006,0154,260 ,791,15,806,938,0,2,1,2,0,1,0,0.00,85.93 ,50
03,006,00,006,0154,261 ,543,15,558,665,0,2,1,2,0,1,0,0.00,83.91 ,50
03,006,00,006,0155,262 ,753,13,766,896,0,2,1,2,0,1,0,0.00,85.49 ,50
03,006,00,006,0155,263 ,829,11,840,986,0,2,1,2,0,1,0,0.00,85.19 ,50
03,006,00,006,0156,264 ,790,6,796,949,0,2,1,2,0,1,0,0.00,83.88 ,50
03,006,00,006,0156,265 ,765,7,772,909,0,2,1,2,0,1,0,0.00,84.93 ,50
03,006,00,007,0157,266 ,1464,20,1484,1864,0,2,1,2,0,1,0,0.00,79.61 ,50
03,006,00,007,0158,267 ,743,11,754,894,0,2,1,2,0,1,0,0.00,84.34 ,50
03,006,00,007,0158,268 ,1164,11,1175,1402,0,2,1,2,0,1,0,0.00,83.81 ,50
03,006,00,007,0159,269 ,851,12,863,1050,0,2,1,2,0,1,0,0.00,82.19 ,50
03,006,00,007,0159,270 ,1179,19,1198,1511,0,2,1,2,0,1,0,0.00,79.29 ,50
03,006,00,007,0159,271 ,688,13,701,890,0,2,1,2,0,1,0,0.00,78.76 ,50
03,006,00,007,0159,272 ,986,16,1002,1236,0,2,1,2,0,1,0,0.00,81.07 ,50
03,006,00,007,0160,273 ,1148,10,1158,1394,0,2,1,2,0,1,0,0.00,83.07 ,50
03,006,00,007,0160,274 ,1397,18,1415,1667,0,2,1,2,0,1,0,0.00,84.88 ,50
03,006,00,007,0161,275 ,1334,12,1346,1590,0,2,1,2,0,1,0,0.00,84.65 ,50
03,006,00,007,0162,276 ,960,14,974,1172,0,2,1,2,0,1,0,0.00,83.11 ,50
03,006,00,007,0162,277 ,944,11,955,1146,0,2,1,2,0,1,0,0.00,83.33 ,50
03,006,00,007,0162,278 ,1005,19,1024,1180,0,2,1,2,0,1,0,0.00,86.78 ,50
03,006,00,007,0163,279 ,1492,11,1503,1786,0,2,1,2,0,1,0,0.00,84.15 ,50
03,006,00,007,0164,280 ,781,11,792,944,0,2,1,2,0,1,0,0.00,83.90 ,50
03,006,00,007,0164,281 ,960,17,977,1185,0,2,1,2,0,1,0,0.00,82.45 ,50
03,006,00,007,0165,282 ,996,8,1004,1217,0,2,1,2,0,1,0,0.00,82.50 ,50
03,006,00,007,0165,283 ,1163,13,1176,1394,0,2,1,2,0,1,0,0.00,84.36 ,50
03,006,00,007,0166,284 ,1402,19,1421,1680,0,2,1,2,0,1,0,0.00,84.58 ,50
03,006,00,007,0167,285 ,897,20,917,1079,0,2,1,2,0,1,0,0.00,84.99 ,50
03,006,00,007,0168,286 ,1143,25,1168,1400,0,2,1,2,0,1,0,0.00,83.43 ,50
03,006,00,007,0169,287 ,1415,25,1440,1760,0,2,1,2,0,1,0,0.00,81.82 ,50
03,006,00,007,0170,288 ,940,9,949,1110,0,2,1,2,0,1,0,0.00,85.50 ,50
03,006,00,007,0170,289 ,793,13,806,986,0,2,1,2,0,1,0,0.00,81.74 ,50
03,006,00,007,0171,290 ,279,5,284,327,0,2,1,2,0,1,0,0.00,86.85 ,50
03,006,00,007,0172,291 ,1167,11,1178,1406,0,2,1,2,0,1,0,0.00,83.78 ,50
03,006,00,007,0173,292 ,1328,19,1347,1673,0,2,1,2,0,1,0,0.00,80.51 ,50
03,006,00,007,0174,293 ,993,13,1006,1223,0,2,1,2,0,1,0,0.00,82.26 ,50
03,006,00,008,0175,294 ,905,18,923,1134,0,2,1,2,0,1,0,0.00,81.39 ,50
03,006,00,008,0175,295 ,813,11,824,1011,0,2,1,2,0,1,0,0.00,81.50 ,50
03,006,00,008,0176,296 ,991,11,1002,1243,0,2,1,2,0,1,0,0.00,80.61 ,50
03,006,00,008,0177,297 ,836,12,848,1045,0,2,1,2,0,1,0,0.00,81.15 ,50
03,006,00,008,0177,298 ,738,7,745,882,0,2,1,2,0,1,0,0.00,84.47 ,50
03,006,00,008,0178,299 ,1466,14,1480,1774,0,2,1,2,0,1,0,0.00,83.43 ,50
03,006,00,008,0179,300 ,850,8,858,1028,0,2,1,2,0,1,0,0.00,83.46 ,50
03,006,00,008,0179,301 ,771,5,776,997,0,2,1,2,0,1,0,0.00,77.83 ,50
03,006,00,008,0180,302 ,741,6,747,886,0,2,1,2,0,1,0,0.00,84.31 ,50
03,006,00,008,0180,303 ,785,8,793,1032,0,2,1,2,0,1,0,0.00,76.84 ,50
03,006,00,008,0181,304 ,1260,14,1274,1544,0,2,1,2,0,1,0,0.00,82.51 ,50
03,006,00,008,0181,305 ,1193,14,1207,1602,0,2,1,2,0,1,0,0.00,75.34 ,50
03,006,00,008,0182,306 ,696,5,701,892,0,2,1,2,0,1,0,0.00,78.59 ,50
03,006,00,008,0183,307 ,1169,9,1178,1404,0,2,1,2,0,1,0,0.00,83.90 ,50
03,006,00,008,0183,308 ,1163,9,1172,1475,0,2,1,2,0,1,0,0.00,79.46 ,50
03,006,00,008,0183,309 ,991,11,1002,1231,0,2,1,2,0,1,0,0.00,81.40 ,50
03,006,00,008,0184,310 ,1142,18,1160,1385,0,2,1,2,0,1,0,0.00,83.75 ,50
03,006,00,008,0184,311 ,1365,14,1379,1726,0,2,1,2,0,1,0,0.00,79.90 ,50
03,006,00,008,0185,312 ,1465,13,1478,1830,0,2,1,2,0,1,0,0.00,80.77 ,50
03,006,00,008,0186,313 ,1216,41,1257,1591,0,2,1,2,0,1,0,0.00,79.01 ,50
03,006,00,008,0187,314 ,856,3,859,1049,0,2,1,2,0,1,0,0.00,81.89 ,50
03,006,00,008,0187,315 ,841,9,850,1069,0,2,1,2,0,1,0,0.00,79.51 ,50
03,006,00,008,0188,316 ,1048,17,1065,1370,0,2,1,2,0,1,0,0.00,77.74 ,50
03,006,00,008,0188,317 ,980,12,992,1279,0,2,1,2,0,1,0,0.00,77.56 ,50
03,006,00,008,0188,318 ,1026,16,1042,1292,0,2,1,2,0,1,0,0.00,80.65 ,50
03,006,00,008,0188,319 ,1173,24,1197,1439,0,2,1,2,0,1,0,0.00,83.18 ,50
03,006,00,008,0189,320 ,792,12,804,981,0,2,1,2,0,1,0,0.00,81.96 ,50
03,006,00,008,0189,321 ,818,12,830,1018,0,2,1,2,0,1,0,0.00,81.53 ,50
03,006,00,008,0190,322 ,923,13,936,1089,0,2,1,2,0,1,0,0.00,85.95 ,50
03,006,00,008,0190,323 ,856,40,896,1088,0,2,1,2,0,1,0,0.00,82.35 ,50
03,006,00,009,0191,324 ,1222,14,1236,1490,0,2,1,2,0,1,0,0.00,82.95 ,50
03,006,00,009,0192,325 ,1530,21,1551,1905,0,2,1,2,0,1,0,0.00,81.42 ,50
03,006,00,009,0193,326 ,1266,11,1277,1559,0,2,1,2,0,1,0,0.00,81.91 ,50
03,006,00,009,0193,327 ,1497,13,1510,1859,0,2,1,2,0,1,0,0.00,81.23 ,50
03,006,00,009,0193,328 ,1400,17,1417,1815,0,2,1,2,0,1,0,0.00,78.07 ,50
03,006,00,009,0193,329 ,1296,20,1316,1608,0,2,1,2,0,1,0,0.00,81.84 ,50
03,006,00,009,0194,330 ,1281,7,1288,1572,0,2,1,2,0,1,0,0.00,81.93 ,50
03,006,00,009,0194,331 ,1207,16,1223,1577,0,2,1,2,0,1,0,0.00,77.55 ,50
03,006,00,009,0194,332 ,1526,17,1543,1936,0,2,1,2,0,1,0,0.00,79.70 ,50
03,006,00,009,0195,333 ,1136,13,1149,1593,0,2,1,2,0,1,0,0.00,72.13 ,50
03,006,00,009,0195,334 ,838,12,850,1097,0,2,1,2,0,1,0,0.00,77.48 ,50
03,006,00,009,0195,335 ,1394,10,1404,1777,0,2,1,2,0,1,0,0.00,79.01 ,50
03,006,00,009,0195,336 ,1359,21,1380,1825,0,2,1,2,0,1,0,0.00,75.62 ,50
03,006,00,009,0195,337 ,1096,4,1100,1358,0,2,1,2,0,1,0,0.00,81.00 ,50
03,006,00,009,0195,338 ,1624,18,1642,2066,0,2,1,2,0,1,0,0.00,79.48 ,50
03,006,00,009,0196,339 ,1155,14,1169,1448,0,2,1,2,0,1,0,0.00,80.73 ,50
03,006,00,009,0196,340 ,1325,14,1339,1687,0,2,1,2,0,1,0,0.00,79.37 ,50
03,006,00,009,0197,341 ,760,12,772,916,0,2,1,2,0,1,0,0.00,84.28 ,50
03,006,00,009,0197,342 ,1401,37,1438,1839,0,2,1,2,0,1,0,0.00,78.19 ,50
03,006,00,009,0197,343 ,1206,9,1215,1496,0,2,1,2,0,1,0,0.00,81.22 ,50
03,006,00,009,0197,344 ,1115,12,1127,1390,0,2,1,2,0,1,0,0.00,81.08 ,50
03,006,00,009,0197,345 ,860,9,869,1041,0,2,1,2,0,1,0,0.00,83.48 ,50
03,006,00,009,0198,346 ,989,9,998,1166,0,2,1,2,0,1,0,0.00,85.59 ,50
03,006,00,009,0199,347 ,683,7,690,815,0,2,1,2,0,1,0,0.00,84.66 ,50
03,006,00,009,0199,348 ,1036,14,1050,1332,0,2,1,2,0,1,0,0.00,78.83 ,50
03,006,00,009,0200,349 ,1147,12,1159,1441,0,2,1,2,0,1,0,0.00,80.43 ,50
03,006,00,009,0200,350 ,997,14,1011,1256,0,2,1,2,0,1,0,0.00,80.49 ,50
03,006,00,009,0200,351 ,814,6,820,1015,0,2,1,2,0,1,0,0.00,80.79 ,50
03,006,00,009,0201,352 ,1266,14,1280,1529,0,2,1,2,0,1,0,0.00,83.71 ,50
03,006,00,009,0201,353 ,1109,9,1118,1394,0,2,1,2,0,1,0,0.00,80.20 ,50
03,006,00,009,0202,354 ,1148,18,1166,1468,0,2,1,2,0,1,0,0.00,79.43 ,50
03,006,00,009,0203,355 ,1076,11,1087,1314,0,2,1,2,0,1,0,0.00,82.72 ,50
03,006,00,009,0203,356 ,1063,22,1085,1335,0,2,1,2,0,1,0,0.00,81.27 ,50
03,006,00,010,0204,357 ,1474,20,1494,1859,0,2,1,2,0,1,0,0.00,80.37 ,50
03,006,00,010,0204,358 ,1521,8,1529,1944,0,2,1,2,0,1,0,0.00,78.65 ,50
03,006,00,010,0204,359 ,1331,21,1352,1699,0,2,1,2,0,1,0,0.00,79.58 ,50
03,006,00,010,0204,360 ,1611,23,1634,2109,0,2,1,2,0,1,0,0.00,77.48 ,50
03,006,00,010,0204,361 ,1624,15,1639,2102,0,2,1,2,0,1,0,0.00,77.97 ,50
03,006,00,010,0205,362 ,1650,22,1672,2167,0,2,1,2,0,1,0,0.00,77.16 ,50
03,006,00,010,0205,363 ,1622,19,1641,2087,0,2,1,2,0,1,0,0.00,78.63 ,50
03,006,00,010,0205,364 ,1086,11,1097,1366,0,2,1,2,0,1,0,0.00,80.31 ,50
03,006,00,010,0205,365 ,1035,20,1055,1295,0,2,1,2,0,1,0,0.00,81.47 ,50
03,006,00,010,0206,366 ,1691,19,1710,2135,0,2,1,2,0,1,0,0.00,80.09 ,50
03,006,00,010,0207,367 ,1757,17,1774,2265,0,2,1,2,0,1,0,0.00,78.32 ,50
03,006,00,010,0207,368 ,1547,30,1577,2072,0,2,1,2,0,1,0,0.00,76.11 ,50
03,006,00,010,0207,369 ,795,16,811,990,0,2,1,2,0,1,0,0.00,81.92 ,50
03,006,00,010,0207,370 ,1181,25,1206,1716,0,2,1,2,0,1,0,0.00,70.28 ,50
03,006,00,010,0208,371 ,1077,16,1093,1336,0,2,1,2,0,1,0,0.00,81.81 ,50
03,006,00,010,0208,372 ,1072,11,1083,1350,0,2,1,2,0,1,0,0.00,80.22 ,50
03,006,00,010,0208,373 ,1267,15,1282,1591,0,2,1,2,0,1,0,0.00,80.58 ,50
03,006,00,010,0209,374 ,1380,15,1395,1718,0,2,1,2,0,1,0,0.00,81.20 ,50
03,006,00,010,0209,375 ,1359,16,1375,1713,0,2,1,2,0,1,0,0.00,80.27 ,50
03,006,00,010,0209,376 ,1026,15,1041,1331,0,2,1,2,0,1,0,0.00,78.21 ,50
03,006,00,010,0210,377 ,1105,16,1121,1341,0,2,1,2,0,1,0,0.00,83.59 ,50
03,006,00,010,0210,378 ,788,14,802,987,0,2,1,2,0,1,0,0.00,81.26 ,50
03,006,00,010,0211,379 ,1162,13,1175,1428,0,2,1,2,0,1,0,0.00,82.28 ,50
03,006,00,010,0211,380 ,920,12,932,1150,0,2,1,2,0,1,0,0.00,81.04 ,50
03,006,00,010,0212,381 ,1119,23,1142,1388,0,2,1,2,0,1,0,0.00,82.28 ,50
03,006,00,010,0212,382 ,1359,27,1386,1790,0,2,1,2,0,1,0,0.00,77.43 ,50
03,006,00,011,0213,383 ,984,8,992,1225,0,2,1,2,0,1,0,0.00,80.98 ,50
03,006,00,011,0213,384 ,938,15,953,1173,0,2,1,2,0,1,0,0.00,81.24 ,50
03,006,00,011,0214,385 ,1304,22,1326,1670,0,2,1,2,0,1,0,0.00,79.40 ,50
03,006,00,011,0215,386 ,966,14,980,1191,0,2,1,2,0,1,0,0.00,82.28 ,50
03,006,00,011,0216,387 ,691,5,696,858,0,2,1,2,0,1,0,0.00,81.12 ,50
03,006,00,011,0217,388 ,929,13,942,1229,0,2,1,2,0,1,0,0.00,76.65 ,50
03,006,00,011,0218,389 ,1573,28,1601,1957,0,2,1,2,0,1,0,0.00,81.81 ,50
03,006,00,011,0219,390 ,1385,18,1403,1761,0,2,1,2,0,1,0,0.00,79.67 ,50
03,006,00,011,0219,391 ,496,7,503,647,0,2,1,2,0,1,0,0.00,77.74 ,50
03,006,00,011,0220,392 ,697,6,703,880,0,2,1,2,0,1,0,0.00,79.89 ,50
03,006,00,011,0221,393 ,900,9,909,1146,0,2,1,2,0,1,0,0.00,79.32 ,50
03,006,00,011,0221,394 ,1022,18,1040,1294,0,2,1,2,0,1,0,0.00,80.37 ,50
03,006,00,011,0222,395 ,1024,17,1041,1278,0,2,1,2,0,1,0,0.00,81.46 ,50
03,006,00,011,0223,396 ,229,2,231,273,0,2,1,2,0,1,0,0.00,84.62 ,50
03,006,00,011,0223,397 ,487,9,496,629,0,2,1,2,0,1,0,0.00,78.86 ,50
03,006,00,011,0224,398 ,489,7,496,613,0,2,1,2,0,1,0,0.00,80.91 ,50
03,006,00,011,0225,399 ,824,14,838,1115,0,2,1,2,0,1,0,0.00,75.16 ,50
03,006,00,011,0225,400 ,216,4,220,287,0,2,1,2,0,1,0,0.00,76.66 ,50
03,006,00,012,0226,401 ,700,5,705,864,0,2,1,2,0,1,0,0.00,81.60 ,50
03,006,00,012,0227,402 ,874,7,881,1077,0,2,1,2,0,1,0,0.00,81.80 ,50
03,006,00,012,0228,403 ,716,11,727,927,0,2,1,2,0,1,0,0.00,78.43 ,50
03,006,00,012,0229,404 ,845,16,861,1060,0,2,1,2,0,1,0,0.00,81.23 ,50
03,006,00,012,0230,405 ,471,2,473,642,0,2,1,2,0,1,0,0.00,73.68 ,50
03,006,00,012,0231,406 ,973,8,981,1193,0,2,1,2,0,1,0,0.00,82.23 ,50
03,006,00,012,0232,407 ,1238,21,1259,1610,0,2,1,2,0,1,0,0.00,78.20 ,50
03,006,00,012,0233,408 ,777,10,787,973,0,2,1,2,0,1,0,0.00,80.88 ,50
03,006,00,012,0234,409 ,999,25,1024,1278,0,2,1,2,0,1,0,0.00,80.13 ,50
03,006,00,012,0235,410 ,1033,9,1042,1279,0,2,1,2,0,1,0,0.00,81.47 ,50
03,006,00,013,0236,411 ,796,7,803,935,0,2,1,2,0,1,0,0.00,85.88 ,50
03,006,00,013,0237,412 ,1032,16,1048,1251,0,2,1,2,0,1,0,0.00,83.77 ,50
03,006,00,013,0238,413 ,1230,17,1247,1515,0,2,1,2,0,1,0,0.00,82.31 ,50
03,006,00,013,0239,414 ,1331,18,1349,1640,0,2,1,2,0,1,0,0.00,82.26 ,50
03,006,00,013,0239,415 ,1255,14,1269,1504,0,2,1,2,0,1,0,0.00,84.38 ,50
03,006,00,013,0240,416 ,1662,28,1690,2017,0,2,1,2,0,1,0,0.00,83.79 ,50
03,006,00,013,0241,417 ,1324,35,1359,1681,0,2,1,2,0,1,0,0.00,80.84 ,50
03,006,00,013,0241,418 ,1576,25,1601,1949,0,2,1,2,0,1,0,0.00,82.14 ,50
03,006,00,013,0242,419 ,1053,23,1076,1283,0,2,1,2,0,1,0,0.00,83.87 ,50
03,006,00,013,0243,420 ,756,10,766,868,0,2,1,2,0,1,0,0.00,88.25 ,50
03,006,00,013,0244,421 ,1522,21,1543,1855,0,2,1,2,0,1,0,0.00,83.18 ,50
03,006,00,013,0245,422 ,1219,11,1230,1434,0,2,1,2,0,1,0,0.00,85.77 ,50
03,006,00,013,0246,423 ,922,18,940,1087,0,2,1,2,0,1,0,0.00,86.48 ,50
03,006,00,014,0247,424 ,855,8,863,1013,0,2,1,2,0,1,0,0.00,85.19 ,50
03,006,00,014,0248,425 ,833,6,839,1032,0,2,1,2,0,1,0,0.00,81.30 ,50
03,006,00,014,0249,426 ,845,3,848,1053,0,2,1,2,0,1,0,0.00,80.53 ,50
03,006,00,014,0249,427 ,859,14,873,1048,0,2,1,2,0,1,0,0.00,83.30 ,50
03,006,00,014,0250,428 ,947,15,962,1127,0,2,1,2,0,1,0,0.00,85.36 ,50
03,006,00,014,0251,429 ,820,15,835,1004,0,2,1,2,0,1,0,0.00,83.17 ,50
03,006,00,014,0252,430 ,1304,12,1316,1578,0,2,1,2,0,1,0,0.00,83.40 ,50
03,006,00,014,0253,431 ,658,8,666,800,0,2,1,2,0,1,0,0.00,83.25 ,50
03,006,00,014,0254,432 ,1189,16,1205,1460,0,2,1,2,0,1,0,0.00,82.53 ,50
03,006,00,014,0255,433 ,717,21,738,919,0,2,1,2,0,1,0,0.00,80.30 ,50
03,006,00,014,0256,434 ,1062,12,1074,1330,0,2,1,2,0,1,0,0.00,80.75 ,50
03,006,00,014,0257,435 ,965,6,971,1160,0,2,1,2,0,1,0,0.00,83.71 ,50
03,006,00,014,0258,436 ,529,7,536,633,0,2,1,2,0,1,0,0.00,84.68 ,50
03,006,00,015,0259,437 ,1783,31,1814,2197,0,2,1,2,0,1,0,0.00,82.57 ,50
03,006,00,015,0259,438 ,1913,15,1928,2432,0,2,1,2,0,1,0,0.00,79.28 ,50
03,006,00,015,0260,439 ,1775,14,1789,2307,0,2,1,2,0,1,0,0.00,77.55 ,50
03,006,00,015,0261,440 ,1673,23,1696,2107,0,2,1,2,0,1,0,0.00,80.49 ,50
03,006,00,015,0261,441 ,1250,23,1273,1562,0,2,1,2,0,1,0,0.00,81.50 ,50
03,006,00,015,0262,442 ,1215,10,1225,1443,0,2,1,2,0,1,0,0.00,84.89 ,50
03,006,00,015,0262,443 ,876,13,889,1088,0,2,1,2,0,1,0,0.00,81.71 ,50
03,006,00,015,0263,444 ,1588,15,1603,1956,0,2,1,2,0,1,0,0.00,81.95 ,50
03,006,00,015,0264,445 ,1903,26,1929,2420,0,2,1,2,0,1,0,0.00,79.71 ,50
03,006,00,015,0264,446 ,1601,36,1637,2027,0,2,1,2,0,1,0,0.00,80.76 ,50
03,006,00,015,0264,447 ,1822,16,1838,2305,0,2,1,2,0,1,0,0.00,79.74 ,50
03,006,00,015,0265,448 ,1725,19,1744,2135,0,2,1,2,0,1,0,0.00,81.69 ,50
03,006,00,015,0265,449 ,1363,25,1388,1715,0,2,1,2,0,1,0,0.00,80.93 ,50
03,006,00,015,0266,450 ,1574,19,1593,1909,0,2,1,2,0,1,0,0.00,83.45 ,50
03,006,00,015,0267,451 ,1025,11,1036,1253,0,2,1,2,0,1,0,0.00,82.68 ,50
03,006,00,015,0268,452 ,1525,16,1541,1850,0,2,1,2,0,1,0,0.00,83.30 ,50
03,006,00,015,0269,453 ,1117,12,1129,1349,0,2,1,2,0,1,0,0.00,83.69 ,50
03,006,00,015,0270,454 ,1208,10,1218,1481,0,2,1,2,0,1,0,0.00,82.24 ,50
03,006,00,015,0270,455 ,1098,16,1114,1373,0,2,1,2,0,1,0,0.00,81.14 ,50
03,006,00,015,0271,456 ,1124,17,1141,1360,0,2,1,2,0,1,0,0.00,83.90 ,50
03,006,00,015,0272,457 ,946,14,960,1132,0,2,1,2,0,1,0,0.00,84.81 ,50
03,006,00,015,0273,458 ,738,16,754,933,0,2,1,2,0,1,0,0.00,80.81 ,50
03,006,00,015,0274,459 ,611,14,625,806,0,2,1,2,0,1,0,0.00,77.54 ,50
03,006,00,016,0275,460 ,1245,11,1256,1521,0,2,1,2,0,1,0,0.00,82.58 ,50
03,006,00,016,0275,461 ,1215,22,1237,1565,0,2,1,2,0,1,0,0.00,79.04 ,50
03,006,00,016,0276,462 ,635,7,642,730,0,2,1,2,0,1,0,0.00,87.95 ,50
03,006,00,016,0277,463 ,1085,11,1096,1318,0,2,1,2,0,1,0,0.00,83.16 ,50
03,006,00,016,0277,464 ,1195,23,1218,1472,0,2,1,2,0,1,0,0.00,82.74 ,50
03,006,00,016,0278,465 ,912,13,925,1075,0,2,1,2,0,1,0,0.00,86.05 ,50
03,006,00,016,0279,466 ,854,8,862,995,0,2,1,2,0,1,0,0.00,86.63 ,50
03,006,00,016,0279,467 ,812,9,821,974,0,2,1,2,0,1,0,0.00,84.29 ,50
03,006,00,016,0280,468 ,767,16,783,931,0,2,1,2,0,1,0,0.00,84.10 ,50
03,006,00,016,0280,469 ,727,8,735,952,0,2,1,2,0,1,0,0.00,77.21 ,50
03,006,00,016,0281,470 ,941,11,952,1132,0,2,1,2,0,1,0,0.00,84.10 ,50
03,006,00,016,0281,471 ,778,7,785,941,0,2,1,2,0,1,0,0.00,83.42 ,50
03,006,00,016,0282,472 ,734,5,739,876,0,2,1,2,0,1,0,0.00,84.36 ,50
03,006,00,016,0282,473 ,716,11,727,864,0,2,1,2,0,1,0,0.00,84.14 ,50
03,006,00,016,0283,474 ,688,4,692,793,0,2,1,2,0,1,0,0.00,87.26 ,50
03,006,00,016,0284,475 ,990,14,1004,1185,0,2,1,2,0,1,0,0.00,84.73 ,50
03,006,00,016,0285,476 ,1185,13,1198,1448,0,2,1,2,0,1,0,0.00,82.73 ,50
03,006,00,016,0286,477 ,665,7,672,782,0,2,1,2,0,1,0,0.00,85.93 ,50
03,006,00,016,0287,478 ,1066,16,1082,1323,0,2,1,2,0,1,0,0.00,81.78 ,50
03,006,00,016,0288,479 ,1068,12,1080,1291,0,2,1,2,0,1,0,0.00,83.66 ,50
03,006,00,016,0288,480 ,1147,10,1157,1404,0,2,1,2,0,1,0,0.00,82.41 ,50
03,006,00,016,0289,481 ,1289,21,1310,1667,0,2,1,2,0,1,0,0.00,78.58 ,50
03,006,00,016,0289,482 ,1293,15,1308,1655,0,2,1,2,0,1,0,0.00,79.03 ,50
03,006,00,016,0290,483 ,1111,12,1123,1472,0,2,1,2,0,1,0,0.00,76.29 ,50
03,006,00,016,0290,484 ,977,20,997,1321,0,2,1,2,0,1,0,0.00,75.47 ,50
03,006,00,016,0290,485 ,962,11,973,1298,0,2,1,2,0,1,0,0.00,74.96 ,50
03,006,00,016,0290,486 ,1171,14,1185,1506,0,2,1,2,0,1,0,0.00,78.69 ,50
03,006,00,017,0291,487 ,1187,11,1198,1458,0,2,1,2,0,1,0,0.00,82.17 ,50
03,006,00,017,0292,488 ,1565,26,1591,1890,0,2,1,2,0,1,0,0.00,84.18 ,50
03,006,00,017,0293,489 ,1114,7,1121,1308,0,2,1,2,0,1,0,0.00,85.70 ,50
03,006,00,017,0294,490 ,882,22,904,1112,0,2,1,2,0,1,0,0.00,81.29 ,50
03,006,00,017,0294,491 ,738,12,750,904,0,2,1,2,0,1,0,0.00,82.96 ,50
03,006,00,017,0295,492 ,708,11,719,923,0,2,1,2,0,1,0,0.00,77.90 ,50
03,006,00,017,0296,493 ,1448,25,1473,1761,0,2,1,2,0,1,0,0.00,83.65 ,50
03,006,00,017,0297,494 ,1223,20,1243,1452,0,2,1,2,0,1,0,0.00,85.61 ,50
03,006,00,017,0297,495 ,1082,50,1132,1373,0,2,1,2,0,1,0,0.00,82.45 ,50
03,006,00,017,0297,496 ,571,7,578,749,0,2,1,2,0,1,0,0.00,77.17 ,50
03,006,00,017,0298,497 ,893,12,905,1109,0,2,1,2,0,1,0,0.00,81.61 ,50
03,006,00,017,0298,498 ,704,12,716,859,0,2,1,2,0,1,0,0.00,83.35 ,50
03,006,00,017,0299,499 ,1108,12,1120,1395,0,2,1,2,0,1,0,0.00,80.29 ,50
03,006,00,017,0299,500 ,1419,21,1440,1780,0,2,1,2,0,1,0,0.00,80.90 ,50
03,006,00,017,0300,501 ,920,7,927,1149,0,2,1,2,0,1,0,0.00,80.68 ,50
03,006,00,017,0300,502 ,1059,18,1077,1357,0,2,1,2,0,1,0,0.00,79.37 ,50
03,006,00,017,0301,503 ,1463,26,1489,1850,0,2,1,2,0,1,0,0.00,80.49 ,50
03,006,00,017,0301,504 ,1158,8,1166,1413,0,2,1,2,0,1,0,0.00,82.52 ,50
03,006,00,017,0302,505 ,1160,19,1179,1439,0,2,1,2,0,1,0,0.00,81.93 ,50
03,006,00,017,0303,506 ,1172,23,1195,1557,0,2,1,2,0,1,0,0.00,76.75 ,50
03,006,00,017,0303,507 ,1382,21,1403,1816,0,2,1,2,0,1,0,0.00,77.26 ,50
03,006,00,017,0304,508 ,906,15,921,1127,0,2,1,2,0,1,0,0.00,81.72 ,50
03,006,00,017,0305,509 ,796,6,802,1094,0,2,1,2,0,1,0,0.00,73.31 ,50
03,006,00,017,0305,510 ,707,9,716,939,0,2,1,2,0,1,0,0.00,76.25 ,50
03,006,00,017,0305,511 ,1253,13,1266,1667,0,2,1,2,0,1,0,0.00,75.94 ,50
03,006,00,017,0305,512 ,987,12,999,1322,0,2,1,2,0,1,0,0.00,75.57 ,50
03,006,00,017,0305,513 ,907,11,918,1249,0,2,1,2,0,1,0,0.00,73.50 ,50
03,006,00,018,0306,514 ,895,14,909,1127,0,2,1,2,0,1,0,0.00,80.66 ,50
03,006,00,018,0307,515 ,1360,26,1386,1763,0,2,1,2,0,1,0,0.00,78.62 ,50
03,006,00,018,0307,516 ,1339,14,1353,1715,0,2,1,2,0,1,0,0.00,78.89 ,50
03,006,00,018,0307,517 ,913,7,920,1186,0,2,1,2,0,1,0,0.00,77.57 ,50
03,006,00,018,0307,518 ,1127,14,1141,1449,0,2,1,2,0,1,0,0.00,78.74 ,50
03,006,00,018,0308,519 ,1125,12,1137,1379,0,2,1,2,0,1,0,0.00,82.45 ,50
03,006,00,018,0308,520 ,1101,10,1111,1405,0,2,1,2,0,1,0,0.00,79.07 ,50
03,006,00,018,0308,521 ,952,21,973,1224,0,2,1,2,0,1,0,0.00,79.49 ,50
03,006,00,018,0309,522 ,1450,15,1465,1817,0,2,1,2,0,1,0,0.00,80.63 ,50
03,006,00,018,0310,523 ,1223,18,1241,1496,0,2,1,2,0,1,0,0.00,82.95 ,50
03,006,00,018,0311,524 ,674,9,683,833,0,2,1,2,0,1,0,0.00,81.99 ,50
03,006,00,018,0312,525 ,870,14,884,1132,0,2,1,2,0,1,0,0.00,78.09 ,50
03,006,00,018,0313,526 ,1302,9,1311,1645,0,2,1,2,0,1,0,0.00,79.70 ,50
03,006,00,018,0313,527 ,1203,17,1220,1519,0,2,1,2,0,1,0,0.00,80.32 ,50
03,006,00,018,0313,528 ,1263,12,1275,1589,0,2,1,2,0,1,0,0.00,80.24 ,50
03,006,00,018,0314,529 ,1100,15,1115,1321,0,2,1,2,0,1,0,0.00,84.41 ,50
03,006,00,018,0314,530 ,1015,11,1026,1197,0,2,1,2,0,1,0,0.00,85.71 ,50
03,006,00,018,0315,531 ,1089,6,1095,1274,0,2,1,2,0,1,0,0.00,85.95 ,50
03,006,00,018,0316,532 ,1550,10,1560,1873,0,2,1,2,0,1,0,0.00,83.29 ,50
03,006,00,018,0317,533 ,1721,19,1740,2090,0,2,1,2,0,1,0,0.00,83.25 ,50
03,006,00,018,0318,534 ,1322,24,1346,1648,0,2,1,2,0,1,0,0.00,81.67 ,50
03,006,00,018,0319,535 ,1141,18,1159,1361,0,2,1,2,0,1,0,0.00,85.16 ,50
03,006,00,018,0320,536 ,783,8,791,972,0,2,1,2,0,1,0,0.00,81.38 ,50
03,006,00,018,0321,537 ,937,11,948,1163,0,2,1,2,0,1,0,0.00,81.51 ,50
03,006,00,018,0321,538 ,954,19,973,1255,0,2,1,2,0,1,0,0.00,77.53 ,50
03,006,00,018,0322,539 ,1507,10,1517,1920,0,2,1,2,0,1,0,0.00,79.01 ,50
03,006,00,018,0323,540 ,1695,33,1728,2154,0,2,1,2,0,1,0,0.00,80.22 ,50
03,006,00,018,0323,541 ,573,7,580,724,0,2,1,2,0,1,0,0.00,80.11 ,50
03,006,00,018,0324,542 ,858,6,864,1092,0,2,1,2,0,1,0,0.00,79.12 ,50
03,006,00,018,0325,543 ,1678,24,1702,2010,0,2,1,2,0,1,0,0.00,84.68 ,50
03,006,00,019,0326,544 ,1320,17,1337,1666,0,2,1,2,0,1,0,0.00,80.25 ,50
03,006,00,019,0326,545 ,1204,23,1227,1540,0,2,1,2,0,1,0,0.00,79.68 ,50
03,006,00,019,0326,546 ,1099,22,1121,1438,0,2,1,2,0,1,0,0.00,77.96 ,50
03,006,00,019,0327,547 ,1280,15,1295,1735,0,2,1,2,0,1,0,0.00,74.64 ,50
03,006,00,019,0327,548 ,1341,10,1351,1790,0,2,1,2,0,1,0,0.00,75.47 ,50
03,006,00,019,0327,549 ,1325,23,1348,1857,0,2,1,2,0,1,0,0.00,72.59 ,50
03,006,00,019,0328,550 ,1389,15,1404,1918,0,2,1,2,0,1,0,0.00,73.20 ,50
03,006,00,019,0328,551 ,1355,11,1366,1733,0,2,1,2,0,1,0,0.00,78.82 ,50
03,006,00,019,0328,552 ,1207,25,1232,1644,0,2,1,2,0,1,0,0.00,74.94 ,50
03,006,00,019,0329,553 ,1319,10,1329,1704,0,2,1,2,0,1,0,0.00,77.99 ,50
03,006,00,019,0329,554 ,1264,20,1284,1716,0,2,1,2,0,1,0,0.00,74.83 ,50
03,006,00,019,0329,555 ,1100,20,1120,1368,0,2,1,2,0,1,0,0.00,81.87 ,50
03,006,00,019,0330,556 ,1135,12,1147,1432,0,2,1,2,0,1,0,0.00,80.10 ,50
03,006,00,019,0330,557 ,1007,16,1023,1313,0,2,1,2,0,1,0,0.00,77.91 ,50
03,006,00,019,0330,558 ,1063,19,1082,1383,0,2,1,2,0,1,0,0.00,78.24 ,50
03,006,00,019,0330,559 ,963,8,971,1347,0,2,1,2,0,1,0,0.00,72.09 ,50
03,006,00,019,0330,560 ,1034,11,1045,1385,0,2,1,2,0,1,0,0.00,75.45 ,50
03,006,00,019,0331,561 ,1049,18,1067,1421,0,2,1,2,0,1,0,0.00,75.09 ,50
03,006,00,019,0331,562 ,1043,17,1060,1403,0,2,1,2,0,1,0,0.00,75.55 ,50
03,006,00,019,0331,563 ,1030,21,1051,1349,0,2,1,2,0,1,0,0.00,77.91 ,50
03,006,00,019,0332,564 ,1327,15,1342,1765,0,2,1,2,0,1,0,0.00,76.03 ,50
03,006,00,019,0332,565 ,1335,17,1352,1759,0,2,1,2,0,1,0,0.00,76.86 ,50
03,006,00,019,0332,566 ,1298,17,1315,1597,0,2,1,2,0,1,0,0.00,82.34 ,50
03,006,00,019,0332,567 ,1286,15,1301,1631,0,2,1,2,0,1,0,0.00,79.77 ,50
03,006,00,019,0333,568 ,1177,19,1196,1514,0,2,1,2,0,1,0,0.00,79.00 ,50
03,006,00,019,0333,569 ,1193,20,1213,1557,0,2,1,2,0,1,0,0.00,77.91 ,50
03,006,00,019,0333,570 ,1266,11,1277,1664,0,2,1,2,0,1,0,0.00,76.74 ,50
03,006,00,019,0333,571 ,1166,14,1180,1549,0,2,1,2,0,1,0,0.00,76.18 ,50
03,006,00,019,0334,572 ,1155,11,1166,1475,0,2,1,2,0,1,0,0.00,79.05 ,50
03,006,00,019,0334,573 ,920,10,930,1187,0,2,1,2,0,1,0,0.00,78.35 ,50
03,006,00,019,0334,574 ,1047,21,1068,1391,0,2,1,2,0,1,0,0.00,76.78 ,50
03,006,00,019,0334,575 ,1254,10,1264,1655,0,2,1,2,0,1,0,0.00,76.37 ,50
03,006,00,019,0335,576 ,1205,15,1220,1689,0,2,1,2,0,1,0,0.00,72.23 ,50
03,006,00,019,0335,577 ,1182,21,1203,1597,0,2,1,2,0,1,0,0.00,75.33 ,50
03,006,00,019,0335,578 ,1242,16,1258,1727,0,2,1,2,0,1,0,0.00,72.84 ,50
03,006,00,019,0335,579 ,1178,11,1189,1583,0,2,1,2,0,1,0,0.00,75.11 ,50
03,006,00,019,0335,580 ,1176,18,1194,1535,0,2,1,2,0,1,0,0.00,77.79 ,50
03,006,00,019,0335,581 ,1272,15,1287,1710,0,2,1,2,0,1,0,0.00,75.26 ,50
03,006,00,019,0336,582 ,1231,22,1253,1759,0,2,1,2,0,1,0,0.00,71.23 ,50
03,006,00,019,0336,583 ,1243,9,1252,1740,0,2,1,2,0,1,0,0.00,71.95 ,50
03,006,00,019,0336,584 ,1584,20,1604,2352,0,2,1,2,0,1,0,0.00,68.20 ,50
03,006,00,019,0336,585 ,1524,15,1539,2027,0,2,1,2,0,1,0,0.00,75.93 ,50
03,006,00,019,0337,586 ,1113,18,1131,1481,0,2,1,2,0,1,0,0.00,76.37 ,50
03,006,00,019,0337,587 ,1168,12,1180,1488,0,2,1,2,0,1,0,0.00,79.30 ,50
03,006,00,019,0337,588 ,1307,21,1328,1710,0,2,1,2,0,1,0,0.00,77.66 ,50
03,006,00,019,0337,589 ,1337,17,1354,1835,0,2,1,2,0,1,0,0.00,73.79 ,50
03,006,00,019,0338,590 ,1223,16,1239,1535,0,2,1,2,0,1,0,0.00,80.72 ,50
03,006,00,019,0338,591 ,1033,15,1048,1430,0,2,1,2,0,1,0,0.00,73.29 ,50
03,006,00,019,0339,592 ,861,10,871,1124,0,2,1,2,0,1,0,0.00,77.49 ,50
03,006,00,019,0339,593 ,945,16,961,1272,0,2,1,2,0,1,0,0.00,75.55 ,50
03,006,00,019,0339,594 ,844,15,859,1084,0,2,1,2,0,1,0,0.00,79.24 ,50
03,006,00,019,0340,595 ,950,19,969,1271,0,2,1,2,0,1,0,0.00,76.24 ,50
03,006,00,019,0341,596 ,1091,11,1102,1433,0,2,1,2,0,1,0,0.00,76.90 ,50
03,006,00,019,0341,597 ,1249,18,1267,1624,0,2,1,2,0,1,0,0.00,78.02 ,50
03,006,00,019,0341,598 ,1283,21,1304,1701,0,2,1,2,0,1,0,0.00,76.66 ,50
03,006,00,019,0342,599 ,736,8,744,918,0,2,1,2,0,1,0,0.00,81.05 ,50
03,006,00,019,0343,600 ,1078,14,1092,1433,0,2,1,2,0,1,0,0.00,76.20 ,50
03,006,00,019,0343,601 ,1069,23,1092,1427,0,2,1,2,0,1,0,0.00,76.52 ,50
03,006,00,019,0343,602 ,944,20,964,1201,0,2,1,2,0,1,0,0.00,80.27 ,50
03,006,00,019,0344,603 ,1097,15,1112,1452,0,2,1,2,0,1,0,0.00,76.58 ,50
03,006,00,019,0344,604 ,1016,13,1029,1370,0,2,1,2,0,1,0,0.00,75.11 ,50
03,006,00,020,0345,605 ,1072,11,1083,1334,0,2,1,2,0,1,0,0.00,81.18 ,50
03,006,00,020,0345,606 ,916,5,921,1124,0,2,1,2,0,1,0,0.00,81.94 ,50
03,006,00,020,0346,607 ,1177,18,1195,1510,0,2,1,2,0,1,0,0.00,79.14 ,50
03,006,00,020,0346,608 ,1227,14,1241,1587,0,2,1,2,0,1,0,0.00,78.20 ,50
03,006,00,020,0346,609 ,891,12,903,1143,0,2,1,2,0,1,0,0.00,79.00 ,50
03,006,00,020,0346,610 ,1351,19,1370,1729,0,2,1,2,0,1,0,0.00,79.24 ,50
03,006,00,020,0347,611 ,1041,10,1051,1269,0,2,1,2,0,1,0,0.00,82.82 ,50
03,006,00,020,0347,612 ,950,12,962,1192,0,2,1,2,0,1,0,0.00,80.70 ,50
03,006,00,020,0348,613 ,1446,18,1464,1998,0,2,1,2,0,1,0,0.00,73.27 ,50
03,006,00,020,0348,614 ,913,4,917,1204,0,2,1,2,0,1,0,0.00,76.16 ,50
03,006,00,020,0348,615 ,851,12,863,1147,0,2,1,2,0,1,0,0.00,75.24 ,50
03,006,00,020,0348,616 ,690,9,699,852,0,2,1,2,0,1,0,0.00,82.04 ,50
03,006,00,020,0349,617 ,1363,21,1384,1820,0,2,1,2,0,1,0,0.00,76.04 ,50
03,006,00,020,0349,618 ,1438,16,1454,1870,0,2,1,2,0,1,0,0.00,77.75 ,50
03,006,00,020,0349,619 ,1118,13,1131,1435,0,2,1,2,0,1,0,0.00,78.82 ,50
03,006,00,020,0349,620 ,1629,13,1642,2176,0,2,1,2,0,1,0,0.00,75.46 ,50
03,006,00,020,0350,621 ,993,14,1007,1241,0,2,1,2,0,1,0,0.00,81.14 ,50
03,006,00,020,0350,622 ,1019,9,1028,1315,0,2,1,2,0,1,0,0.00,78.17 ,50
03,006,00,020,0351,623 ,1291,18,1309,1655,0,2,1,2,0,1,0,0.00,79.09 ,50
03,006,00,020,0351,624 ,923,15,938,1164,0,2,1,2,0,1,0,0.00,80.58 ,50
03,006,00,020,0352,625 ,1081,11,1092,1307,0,2,1,2,0,1,0,0.00,83.55 ,50
03,006,00,020,0353,626 ,770,9,779,910,0,2,1,2,0,1,0,0.00,85.60 ,50
03,006,00,020,0354,627 ,935,18,953,1242,0,2,1,2,0,1,0,0.00,76.73 ,50
03,006,00,020,0354,628 ,992,13,1005,1325,0,2,1,2,0,1,0,0.00,75.85 ,50
03,006,00,020,0354,629 ,1038,7,1045,1344,0,2,1,2,0,1,0,0.00,77.75 ,50
03,006,00,020,0354,630 ,1276,12,1288,1695,0,2,1,2,0,1,0,0.00,75.99 ,50
03,006,00,020,0354,631 ,1389,11,1400,1774,0,2,1,2,0,1,0,0.00,78.92 ,50
03,006,00,020,0355,632 ,786,8,794,980,0,2,1,2,0,1,0,0.00,81.02 ,50
03,006,00,020,0355,633 ,1416,13,1429,1769,0,2,1,2,0,1,0,0.00,80.78 ,50
03,006,00,020,0355,634 ,449,4,453,592,0,2,1,2,0,1,0,0.00,76.52 ,50
03,006,00,020,0356,635 ,1230,14,1244,1607,0,2,1,2,0,1,0,0.00,77.41 ,50
03,006,00,020,0356,636 ,1344,18,1362,1773,0,2,1,2,0,1,0,0.00,76.82 ,50
03,006,00,020,0356,637 ,1495,14,1509,1958,0,2,1,2,0,1,0,0.00,77.07 ,50
03,006,00,020,0357,638 ,1483,10,1493,1995,0,2,1,2,0,1,0,0.00,74.84 ,50
03,006,00,020,0357,639 ,1169,30,1199,1594,0,2,1,2,0,1,0,0.00,75.22 ,50
03,006,00,020,0357,640 ,1328,15,1343,1765,0,2,1,2,0,1,0,0.00,76.09 ,50
03,006,00,020,0358,641 ,486,10,496,645,0,2,1,2,0,1,0,0.00,76.90 ,50
03,006,00,020,0358,642 ,1188,8,1196,1584,0,2,1,2,0,1,0,0.00,75.51 ,50
03,006,00,020,0358,643 ,1040,8,1048,1322,0,2,1,2,0,1,0,0.00,79.27 ,50
03,006,00,020,0358,644 ,1131,13,1144,1469,0,2,1,2,0,1,0,0.00,77.88 ,50
03,006,00,020,0358,645 ,1100,4,1104,1404,0,2,1,2,0,1,0,0.00,78.63 ,50
03,006,00,020,0358,646 ,745,5,750,939,0,2,1,2,0,1,0,0.00,79.87 ,50
03,006,00,020,0359,647 ,1050,14,1064,1389,0,2,1,2,0,1,0,0.00,76.60 ,50
03,006,00,020,0359,648 ,1114,25,1139,1434,0,2,1,2,0,1,0,0.00,79.43 ,50
03,006,00,020,0360,649 ,1284,18,1302,1693,0,2,1,2,0,1,0,0.00,76.90 ,50
03,006,00,020,0360,650 ,1349,19,1368,1753,0,2,1,2,0,1,0,0.00,78.04 ,50
03,006,00,020,0360,651 ,1235,15,1250,1678,0,2,1,2,0,1,0,0.00,74.49 ,50
03,006,00,020,0360,652 ,1146,7,1153,1480,0,2,1,2,0,1,0,0.00,77.91 ,50
03,006,00,020,0360,653 ,1123,13,1136,1440,0,2,1,2,0,1,0,0.00,78.89 ,50
03,006,00,020,0360,654 ,1161,11,1172,1525,0,2,1,2,0,1,0,0.00,76.85 ,50
03,006,00,020,0361,655 ,1421,17,1438,1983,0,2,1,2,0,1,0,0.00,72.52 ,50
03,006,00,020,0361,656 ,1295,13,1308,1754,0,2,1,2,0,1,0,0.00,74.57 ,50
03,006,00,020,0361,657 ,1454,10,1464,1872,0,2,1,2,0,1,0,0.00,78.21 ,50
03,006,00,020,0361,658 ,1381,12,1393,1813,0,2,1,2,0,1,0,0.00,76.83 ,50
03,006,00,020,0362,659 ,1239,18,1257,1668,0,2,1,2,0,1,0,0.00,75.36 ,50
03,006,00,020,0362,660 ,1375,20,1395,1806,0,2,1,2,0,1,0,0.00,77.24 ,50
03,006,00,020,0362,661 ,1032,8,1040,1351,0,2,1,2,0,1,0,0.00,76.98 ,50
03,006,00,020,0362,662 ,1123,11,1134,1484,0,2,1,2,0,1,0,0.00,76.42 ,50
03,006,00,020,0363,663 ,1341,17,1358,1710,0,2,1,2,0,1,0,0.00,79.42 ,50
03,006,00,020,0363,664 ,1208,11,1219,1578,0,2,1,2,0,1,0,0.00,77.25 ,50
03,006,00,020,0363,665 ,1216,17,1233,1578,0,2,1,2,0,1,0,0.00,78.14 ,50
03,006,00,020,0364,666 ,1229,16,1245,1602,0,2,1,2,0,1,0,0.00,77.72 ,50
03,006,00,020,0364,667 ,1255,5,1260,1600,0,2,1,2,0,1,0,0.00,78.75 ,50
03,006,00,020,0364,668 ,1189,12,1201,1586,0,2,1,2,0,1,0,0.00,75.73 ,50
03,006,00,020,0364,669 ,1367,16,1383,1824,0,2,1,2,0,1,0,0.00,75.82 ,50
03,006,00,021,0365,670 ,108,0,108,151,0,2,1,2,0,1,0,0.00,71.52 ,50
03,006,00,021,0365,671 ,519,3,522,699,0,2,1,2,0,1,0,0.00,74.68 ,50
03,006,00,021,0365,672 ,546,4,550,755,0,2,1,2,0,1,0,0.00,72.85 ,50
03,006,00,021,0366,673 ,330,3,333,462,0,2,1,2,0,1,0,0.00,72.08 ,50
03,006,00,021,0367,674 ,764,11,775,1033,0,2,1,2,0,1,0,0.00,75.02 ,50
03,006,00,021,0367,675 ,451,0,451,606,0,2,1,2,0,1,0,0.00,74.42 ,50
03,006,00,021,0368,676 ,143,0,143,186,0,2,1,2,0,1,0,0.00,76.88 ,50
03,006,00,021,0368,677 ,296,5,301,401,0,2,1,2,0,1,0,0.00,75.06 ,50
03,006,00,021,0368,678 ,190,1,191,280,0,2,1,2,0,1,0,0.00,68.21 ,50
03,006,00,021,0369,679 ,485,4,489,630,0,2,1,2,0,1,0,0.00,77.62 ,50
03,006,00,021,0369,680 ,192,2,194,242,0,2,1,2,0,1,0,0.00,80.17 ,50
03,006,00,021,0370,681 ,210,2,212,263,0,2,1,2,0,1,0,0.00,80.61 ,50
03,006,00,021,0371,682 ,227,6,233,363,0,2,1,2,0,1,0,0.00,64.19 ,50
03,006,00,021,0371,683 ,668,4,672,1029,0,2,1,2,0,1,0,0.00,65.31 ,50
03,006,00,021,0371,684 ,175,1,176,259,0,2,1,2,0,1,0,0.00,67.95 ,50
03,006,00,021,0371,685 ,160,1,161,251,0,2,1,2,0,1,0,0.00,64.14 ,50
03,006,00,021,0372,686 ,149,0,149,240,0,2,1,2,0,1,0,0.00,62.08 ,50
03,006,00,021,0372,687 ,360,7,367,535,0,2,1,2,0,1,0,0.00,68.60 ,50
03,007,00,001,0001,1 ,932,8,940,1208,0,2,1,2,0,1,0,0.00,77.81 ,50
03,007,00,001,0001,2 ,1112,18,1130,1492,0,2,1,2,0,1,0,0.00,75.74 ,50
03,007,00,001,0002,3 ,893,4,897,1121,0,2,1,2,0,1,0,0.00,80.02 ,50
03,007,00,001,0002,4 ,821,17,838,1092,0,2,1,2,0,1,0,0.00,76.74 ,50
03,007,00,001,0003,5 ,1154,5,1159,1470,0,2,1,2,0,1,0,0.00,78.84 ,50
03,007,00,001,0004,6 ,1315,10,1325,1665,0,2,1,2,0,1,0,0.00,79.58 ,50
03,007,00,001,0005,7 ,890,8,898,1117,0,2,1,2,0,1,0,0.00,80.39 ,50
03,007,00,001,0005,8 ,841,14,855,1113,0,2,1,2,0,1,0,0.00,76.82 ,50
03,007,00,001,0006,9 ,929,5,934,1164,0,2,1,2,0,1,0,0.00,80.24 ,50
03,007,00,001,0006,10 ,941,15,956,1160,0,2,1,2,0,1,0,0.00,82.41 ,50
03,007,00,001,0007,11 ,988,7,995,1239,0,2,1,2,0,1,0,0.00,80.31 ,50
03,007,00,001,0008,12 ,972,14,986,1214,0,2,1,2,0,1,0,0.00,81.22 ,50
03,007,00,001,0008,13 ,575,2,577,715,0,2,1,2,0,1,0,0.00,80.70 ,50
03,007,00,001,0009,14 ,1055,12,1067,1350,0,2,1,2,0,1,0,0.00,79.04 ,50
03,007,00,001,0009,15 ,1011,9,1020,1289,0,2,1,2,0,1,0,0.00,79.13 ,50
03,007,00,001,0009,16 ,1209,14,1223,1573,0,2,1,2,0,1,0,0.00,77.75 ,50
03,007,00,001,0010,17 ,1004,11,1015,1325,0,2,1,2,0,1,0,0.00,76.60 ,50
03,007,00,001,0010,18 ,1156,14,1170,1511,0,2,1,2,0,1,0,0.00,77.43 ,50
03,007,00,001,0011,19 ,1337,15,1352,1702,0,2,1,2,0,1,0,0.00,79.44 ,50
03,007,00,001,0011,20 ,1387,22,1409,1838,0,2,1,2,0,1,0,0.00,76.66 ,50
03,007,00,001,0012,21 ,1501,8,1509,1922,0,2,1,2,0,1,0,0.00,78.51 ,50
03,007,00,001,0012,22 ,1367,22,1389,1842,0,2,1,2,0,1,0,0.00,75.41 ,50
03,007,00,001,0012,23 ,1315,19,1334,1711,0,2,1,2,0,1,0,0.00,77.97 ,50
03,007,00,001,0013,24 ,1068,12,1080,1419,0,2,1,2,0,1,0,0.00,76.11 ,50
03,007,00,001,0014,25 ,989,11,1000,1253,0,2,1,2,0,1,0,0.00,79.81 ,50
03,007,00,001,0015,26 ,1228,17,1245,1536,0,2,1,2,0,1,0,0.00,81.05 ,50
03,007,00,001,0016,27 ,874,4,878,1085,0,2,1,2,0,1,0,0.00,80.92 ,50
03,007,00,001,0017,28 ,997,8,1005,1260,0,2,1,2,0,1,0,0.00,79.76 ,50
03,007,00,001,0017,29 ,884,15,899,1166,0,2,1,2,0,1,0,0.00,77.10 ,50
03,007,00,001,0018,30 ,1130,17,1147,1446,0,2,1,2,0,1,0,0.00,79.32 ,50
03,007,00,001,0018,31 ,1160,9,1169,1498,0,2,1,2,0,1,0,0.00,78.04 ,50
03,007,00,001,0019,32 ,766,7,773,978,0,2,1,2,0,1,0,0.00,79.04 ,50
03,007,00,001,0020,33 ,862,10,872,1079,0,2,1,2,0,1,0,0.00,80.82 ,50
03,007,00,001,0021,34 ,1067,9,1076,1370,0,2,1,2,0,1,0,0.00,78.54 ,50
03,007,00,001,0022,35 ,1098,11,1109,1382,0,2,1,2,0,1,0,0.00,80.25 ,50
03,007,00,001,0023,36 ,843,13,856,1086,0,2,1,2,0,1,0,0.00,78.82 ,50
03,007,00,001,0024,37 ,1479,16,1495,1897,0,2,1,2,0,1,0,0.00,78.81 ,50
03,007,00,001,0025,38 ,1025,8,1033,1319,0,2,1,2,0,1,0,0.00,78.32 ,50
03,007,00,001,0025,39 ,1488,22,1510,1925,0,2,1,2,0,1,0,0.00,78.44 ,50
03,007,00,001,0025,40 ,1212,19,1231,1533,0,2,1,2,0,1,0,0.00,80.30 ,50
03,007,00,001,0025,41 ,1126,7,1133,1455,0,2,1,2,0,1,0,0.00,77.87 ,50
03,007,00,001,0025,42 ,1276,15,1291,1677,0,2,1,2,0,1,0,0.00,76.98 ,50
03,007,00,001,0026,43 ,752,9,761,986,0,2,1,2,0,1,0,0.00,77.18 ,50
03,007,00,001,0026,44 ,728,10,738,960,0,2,1,2,0,1,0,0.00,76.88 ,50
03,007,00,001,0027,45 ,1068,14,1082,1378,0,2,1,2,0,1,0,0.00,78.52 ,50
03,007,00,001,0028,46 ,1175,14,1189,1487,0,2,1,2,0,1,0,0.00,79.96 ,50
03,007,00,001,0029,47 ,993,10,1003,1296,0,2,1,2,0,1,0,0.00,77.39 ,50
03,007,00,001,0029,48 ,931,13,944,1174,0,2,1,2,0,1,0,0.00,80.41 ,50
03,007,00,001,0030,49 ,803,11,814,1071,0,2,1,2,0,1,0,0.00,76.00 ,50
03,007,00,001,0030,50 ,1000,10,1010,1273,0,2,1,2,0,1,0,0.00,79.34 ,50
03,007,00,001,0031,51 ,808,15,823,1036,0,2,1,2,0,1,0,0.00,79.44 ,50
03,007,00,001,0031,52 ,793,15,808,1042,0,2,1,2,0,1,0,0.00,77.54 ,50
03,007,00,001,0032,53 ,1500,20,1520,1885,0,2,1,2,0,1,0,0.00,80.64 ,50
03,007,00,001,0033,54 ,914,13,927,1175,0,2,1,2,0,1,0,0.00,78.89 ,50
03,007,00,001,0034,55 ,895,13,908,1178,0,2,1,2,0,1,0,0.00,77.08 ,50
03,007,00,001,0034,56 ,982,8,990,1265,0,2,1,2,0,1,0,0.00,78.26 ,50
03,007,00,001,0035,57 ,1426,14,1440,1859,0,2,1,2,0,1,0,0.00,77.46 ,50
03,007,00,001,0035,58 ,1324,15,1339,1659,0,2,1,2,0,1,0,0.00,80.71 ,50
03,007,00,001,0036,59 ,727,8,735,952,0,2,1,2,0,1,0,0.00,77.21 ,50
03,007,00,001,0036,60 ,760,10,770,953,0,2,1,2,0,1,0,0.00,80.80 ,50
03,007,00,001,0037,61 ,1095,9,1104,1422,0,2,1,2,0,1,0,0.00,77.64 ,50
03,007,00,001,0038,62 ,814,5,819,1032,0,2,1,2,0,1,0,0.00,79.36 ,50
03,007,00,001,0039,63 ,1094,13,1107,1413,0,2,1,2,0,1,0,0.00,78.34 ,50
03,007,00,001,0040,64 ,636,14,650,833,0,2,1,2,0,1,0,0.00,78.03 ,50
03,007,00,001,0041,65 ,851,8,859,1055,0,2,1,2,0,1,0,0.00,81.42 ,50
03,007,00,001,0042,66 ,748,7,755,954,0,2,1,2,0,1,0,0.00,79.14 ,50
03,007,00,001,0043,67 ,984,8,992,1233,0,2,1,2,0,1,0,0.00,80.45 ,50
03,007,00,001,0044,68 ,681,4,685,902,0,2,1,2,0,1,0,0.00,75.94 ,50
03,007,00,001,0045,69 ,832,9,841,1116,0,2,1,2,0,1,0,0.00,75.36 ,50
03,007,00,001,0045,70 ,802,4,806,1021,0,2,1,2,0,1,0,0.00,78.94 ,50
03,007,00,001,0046,71 ,1174,12,1186,1470,0,2,1,2,0,1,0,0.00,80.68 ,50
03,007,00,001,0047,72 ,732,5,737,916,0,2,1,2,0,1,0,0.00,80.46 ,50
03,007,00,001,0047,73 ,767,7,774,1026,0,2,1,2,0,1,0,0.00,75.44 ,50
03,007,00,001,0048,74 ,1256,11,1267,1581,0,2,1,2,0,1,0,0.00,80.14 ,50
03,007,00,001,0048,75 ,1243,12,1255,1608,0,2,1,2,0,1,0,0.00,78.05 ,50
03,007,00,001,0049,76 ,1261,14,1275,1594,0,2,1,2,0,1,0,0.00,79.99 ,50
03,007,00,001,0049,77 ,1218,14,1232,1541,0,2,1,2,0,1,0,0.00,79.95 ,50
03,007,00,001,0050,78 ,585,8,593,750,0,2,1,2,0,1,0,0.00,79.07 ,50
03,007,00,001,0051,79 ,1285,15,1300,1694,0,2,1,2,0,1,0,0.00,76.74 ,50
03,007,00,001,0052,80 ,823,16,839,1020,0,2,1,2,0,1,0,0.00,82.25 ,50
03,007,00,001,0053,81 ,1421,21,1442,1833,0,2,1,2,0,1,0,0.00,78.67 ,50
03,007,00,001,0054,82 ,1134,25,1159,1495,0,2,1,2,0,1,0,0.00,77.53 ,50
03,007,00,001,0054,83 ,1203,13,1216,1582,0,2,1,2,0,1,0,0.00,76.86 ,50
03,007,00,001,0055,84 ,722,15,737,924,0,2,1,2,0,1,0,0.00,79.76 ,50
03,007,00,001,0055,85 ,910,10,920,1160,0,2,1,2,0,1,0,0.00,79.31 ,50
03,007,00,001,0056,86 ,1431,13,1444,1793,0,2,1,2,0,1,0,0.00,80.54 ,50
03,007,00,001,0056,87 ,1266,14,1280,1600,0,2,1,2,0,1,0,0.00,80.00 ,50
03,007,00,001,0057,88 ,805,11,816,984,0,2,1,2,0,1,0,0.00,82.93 ,50
03,007,00,001,0057,89 ,682,11,693,848,0,2,1,2,0,1,0,0.00,81.72 ,50
03,007,00,001,0058,90 ,604,8,612,769,0,2,1,2,0,1,0,0.00,79.58 ,50
03,007,00,001,0058,91 ,1013,12,1025,1308,0,2,1,2,0,1,0,0.00,78.36 ,50
03,007,00,001,0059,92 ,1284,22,1306,1621,0,2,1,2,0,1,0,0.00,80.57 ,50
03,007,00,001,0059,93 ,1202,13,1215,1536,0,2,1,2,0,1,0,0.00,79.10 ,50
03,007,00,001,0059,94 ,1317,23,1340,1759,0,2,1,2,0,1,0,0.00,76.18 ,50
03,007,00,001,0060,95 ,597,9,606,788,0,2,1,2,0,1,0,0.00,76.90 ,50
03,007,00,001,0061,96 ,1162,16,1178,1526,0,2,1,2,0,1,0,0.00,77.20 ,50
03,007,00,001,0062,97 ,707,13,720,924,0,2,1,2,0,1,0,0.00,77.92 ,50
03,007,00,001,0063,98 ,830,18,848,1066,0,2,1,2,0,1,0,0.00,79.55 ,50
03,007,00,001,0063,99 ,827,13,840,1080,0,2,1,2,0,1,0,0.00,77.78 ,50
03,007,00,001,0064,100 ,764,7,771,922,0,2,1,2,0,1,0,0.00,83.62 ,50
03,007,00,001,0064,101 ,841,8,849,1039,0,2,1,2,0,1,0,0.00,81.71 ,50
03,007,00,001,0065,102 ,1113,18,1131,1398,0,2,1,2,0,1,0,0.00,80.90 ,50
03,007,00,001,0065,103 ,938,9,947,1146,0,2,1,2,0,1,0,0.00,82.64 ,50
03,007,00,001,0066,104 ,1202,18,1220,1565,0,2,1,2,0,1,0,0.00,77.96 ,50
03,007,00,001,0066,105 ,829,5,834,1139,0,2,1,2,0,1,0,0.00,73.22 ,50
03,007,00,001,0067,106 ,621,10,631,739,0,2,1,2,0,1,0,0.00,85.39 ,50
03,007,00,001,0068,107 ,719,6,725,929,0,2,1,2,0,1,0,0.00,78.04 ,50
03,007,00,001,0069,108 ,564,6,570,721,0,2,1,2,0,1,0,0.00,79.06 ,50
03,007,00,001,0070,109 ,792,15,807,1049,0,2,1,2,0,1,0,0.00,76.93 ,50
03,007,00,001,0071,110 ,811,14,825,1052,0,2,1,2,0,1,0,0.00,78.42 ,50
03,007,00,002,0072,111 ,890,13,903,1174,0,2,1,2,0,1,0,0.00,76.92 ,50
03,007,00,002,0073,112 ,458,4,462,570,0,2,1,2,0,1,0,0.00,81.05 ,50
03,007,00,002,0074,113 ,876,12,888,1144,0,2,1,2,0,1,0,0.00,77.62 ,50
03,007,00,002,0075,114 ,778,6,784,998,0,2,1,2,0,1,0,0.00,78.56 ,50
03,007,00,002,0076,115 ,786,11,797,1062,0,2,1,2,0,1,0,0.00,75.05 ,50
03,007,00,002,0077,116 ,1351,12,1363,1781,0,2,1,2,0,1,0,0.00,76.53 ,50
03,007,00,002,0078,117 ,941,9,950,1259,0,2,1,2,0,1,0,0.00,75.46 ,50
03,007,00,002,0079,118 ,271,2,273,356,0,2,1,2,0,1,0,0.00,76.69 ,50
03,007,00,002,0080,119 ,582,7,589,766,0,2,1,2,0,1,0,0.00,76.89 ,50
03,007,00,002,0081,120 ,626,11,637,861,0,2,1,2,0,1,0,0.00,73.98 ,50
03,007,00,002,0082,121 ,915,10,925,1225,0,2,1,2,0,1,0,0.00,75.51 ,50
03,007,00,002,0083,122 ,425,5,430,593,0,2,1,2,0,1,0,0.00,72.51 ,50
03,007,00,002,0084,123 ,775,9,784,1018,0,2,1,2,0,1,0,0.00,77.01 ,50
03,007,00,002,0085,124 ,972,9,981,1316,0,2,1,2,0,1,0,0.00,74.54 ,50
03,007,00,002,0086,125 ,923,12,935,1261,0,2,1,2,0,1,0,0.00,74.15 ,50
03,007,00,002,0086,126 ,989,9,998,1292,0,2,1,2,0,1,0,0.00,77.24 ,50
03,007,00,002,0087,127 ,1454,15,1469,1975,0,2,1,2,0,1,0,0.00,74.38 ,50
03,007,00,002,0087,128 ,1424,16,1440,1894,0,2,1,2,0,1,0,0.00,76.03 ,50
03,007,00,002,0087,129 ,1182,6,1188,1536,0,2,1,2,0,1,0,0.00,77.34 ,50
03,007,00,002,0088,130 ,930,11,941,1181,0,2,1,2,0,1,0,0.00,79.68 ,50
03,007,00,002,0088,131 ,1287,13,1300,1672,0,2,1,2,0,1,0,0.00,77.75 ,50
03,007,00,002,0088,132 ,910,14,924,1156,0,2,1,2,0,1,0,0.00,79.93 ,50
03,007,00,002,0089,133 ,1307,15,1322,1703,0,2,1,2,0,1,0,0.00,77.63 ,50
03,007,00,002,0089,134 ,882,8,890,1183,0,2,1,2,0,1,0,0.00,75.23 ,50
03,007,00,002,0090,135 ,891,15,906,1219,0,2,1,2,0,1,0,0.00,74.32 ,50
03,007,00,002,0090,136 ,1075,8,1083,1378,0,2,1,2,0,1,0,0.00,78.59 ,50
03,007,00,002,0091,137 ,997,14,1011,1431,0,2,1,2,0,1,0,0.00,70.65 ,50
03,007,00,002,0092,138 ,1024,15,1039,1350,0,2,1,2,0,1,0,0.00,76.96 ,50
03,007,00,002,0092,139 ,801,17,818,1029,0,2,1,2,0,1,0,0.00,79.49 ,50
03,007,00,002,0093,140 ,595,8,603,786,0,2,1,2,0,1,0,0.00,76.72 ,50
03,007,00,002,0093,141 ,1034,14,1048,1362,0,2,1,2,0,1,0,0.00,76.95 ,50
03,007,00,002,0094,142 ,959,11,970,1290,0,2,1,2,0,1,0,0.00,75.19 ,50
03,007,00,002,0094,143 ,1068,19,1087,1392,0,2,1,2,0,1,0,0.00,78.09 ,50
03,007,00,002,0095,144 ,667,5,672,864,0,2,1,2,0,1,0,0.00,77.78 ,50
03,007,00,002,0095,145 ,1312,15,1327,1701,0,2,1,2,0,1,0,0.00,78.01 ,50
03,007,00,002,0096,146 ,1216,17,1233,1581,0,2,1,2,0,1,0,0.00,77.99 ,50
03,007,00,002,0097,147 ,963,14,977,1228,0,2,1,2,0,1,0,0.00,79.56 ,50
03,007,00,002,0097,148 ,554,9,563,712,0,2,1,2,0,1,0,0.00,79.07 ,50
03,007,00,002,0098,149 ,949,15,964,1244,0,2,1,2,0,1,0,0.00,77.49 ,50
03,007,00,002,0098,150 ,1157,15,1172,1475,0,2,1,2,0,1,0,0.00,79.46 ,50
03,007,00,002,0099,151 ,871,16,887,1074,0,2,1,2,0,1,0,0.00,82.59 ,50
03,007,00,002,0099,152 ,811,9,820,1025,0,2,1,2,0,1,0,0.00,80.00 ,50
03,007,00,002,0099,153 ,531,5,536,694,0,2,1,2,0,1,0,0.00,77.23 ,50
03,007,00,003,0100,154 ,1126,11,1137,1398,0,2,1,2,0,1,0,0.00,81.33 ,50
03,007,00,003,0100,155 ,1215,14,1229,1535,0,2,1,2,0,1,0,0.00,80.07 ,50
03,007,00,003,0101,156 ,1239,10,1249,1519,0,2,1,2,0,1,0,0.00,82.23 ,50
03,007,00,003,0101,157 ,1007,10,1017,1291,0,2,1,2,0,1,0,0.00,78.78 ,50
03,007,00,003,0102,158 ,397,6,403,470,0,2,1,2,0,1,0,0.00,85.74 ,50
03,007,00,003,0103,159 ,972,12,984,1238,0,2,1,2,0,1,0,0.00,79.48 ,50
03,007,00,003,0104,160 ,922,10,932,1194,0,2,1,2,0,1,0,0.00,78.06 ,50
03,007,00,003,0104,161 ,1284,15,1299,1673,0,2,1,2,0,1,0,0.00,77.64 ,50
03,007,00,003,0105,162 ,635,4,639,800,0,2,1,2,0,1,0,0.00,79.88 ,50
03,007,00,003,0105,163 ,856,11,867,1090,0,2,1,2,0,1,0,0.00,79.54 ,50
03,007,00,003,0106,164 ,815,9,824,1010,0,2,1,2,0,1,0,0.00,81.58 ,50
03,007,00,003,0107,165 ,574,8,582,698,0,2,1,2,0,1,0,0.00,83.38 ,50
03,007,00,003,0108,166 ,375,4,379,463,0,2,1,2,0,1,0,0.00,81.86 ,50
03,007,00,003,0108,167 ,770,10,780,937,0,2,1,2,0,1,0,0.00,83.24 ,50
03,007,00,003,0109,168 ,783,13,796,989,0,2,1,2,0,1,0,0.00,80.49 ,50
03,007,00,003,0109,169 ,806,11,817,1009,0,2,1,2,0,1,0,0.00,80.97 ,50
03,007,00,003,0110,170 ,855,14,869,1085,0,2,1,2,0,1,0,0.00,80.09 ,50
03,007,00,003,0111,171 ,1108,20,1128,1417,0,2,1,2,0,1,0,0.00,79.60 ,50
03,007,00,003,0112,172 ,1064,20,1084,1328,0,2,1,2,0,1,0,0.00,81.63 ,50
03,007,00,003,0113,173 ,925,12,937,1155,0,2,1,2,0,1,0,0.00,81.13 ,50
03,007,00,003,0114,174 ,1445,17,1462,1798,0,2,1,2,0,1,0,0.00,81.31 ,50
03,007,00,003,0114,175 ,1596,13,1609,2030,0,2,1,2,0,1,0,0.00,79.26 ,50
03,007,00,003,0115,176 ,1010,10,1020,1294,0,2,1,2,0,1,0,0.00,78.83 ,50
03,007,00,003,0116,177 ,965,10,975,1231,0,2,1,2,0,1,0,0.00,79.20 ,50
03,007,00,003,0117,178 ,860,9,869,1057,0,2,1,2,0,1,0,0.00,82.21 ,50
03,007,00,003,0117,179 ,761,12,773,954,0,2,1,2,0,1,0,0.00,81.03 ,50
03,007,00,003,0118,180 ,970,14,984,1215,0,2,1,2,0,1,0,0.00,80.99 ,50
03,007,00,003,0118,181 ,960,15,975,1168,0,2,1,2,0,1,0,0.00,83.48 ,50
03,007,00,003,0119,182 ,576,4,580,678,0,2,1,2,0,1,0,0.00,85.55 ,50
03,007,00,003,0120,183 ,898,14,912,1121,0,2,1,2,0,1,0,0.00,81.36 ,50
03,007,00,003,0120,184 ,700,14,714,864,0,2,1,2,0,1,0,0.00,82.64 ,50
03,007,00,003,0121,185 ,762,13,775,959,0,2,1,2,0,1,0,0.00,80.81 ,50
03,007,00,003,0121,186 ,727,8,735,943,0,2,1,2,0,1,0,0.00,77.94 ,50
03,007,00,003,0122,187 ,758,12,770,1048,0,2,1,2,0,1,0,0.00,73.47 ,50
03,007,00,003,0123,188 ,724,13,737,979,0,2,1,2,0,1,0,0.00,75.28 ,50
03,007,00,003,0123,189 ,989,8,997,1296,0,2,1,2,0,1,0,0.00,76.93 ,50
03,007,00,003,0124,190 ,935,8,943,1194,0,2,1,2,0,1,0,0.00,78.98 ,50
03,007,00,003,0125,191 ,1179,16,1195,1541,0,2,1,2,0,1,0,0.00,77.55 ,50
03,007,00,003,0126,192 ,685,4,689,850,0,2,1,2,0,1,0,0.00,81.06 ,50
03,007,00,003,0127,193 ,839,12,851,1144,0,2,1,2,0,1,0,0.00,74.39 ,50
03,007,00,003,0128,194 ,1248,26,1274,1594,0,2,1,2,0,1,0,0.00,79.92 ,50
03,007,00,003,0129,195 ,1178,22,1200,1468,0,2,1,2,0,1,0,0.00,81.74 ,50
03,007,00,003,0129,196 ,895,8,903,1149,0,2,1,2,0,1,0,0.00,78.59 ,50
03,007,00,003,0130,197 ,477,7,484,621,0,2,1,2,0,1,0,0.00,77.94 ,50
03,007,00,003,0130,198 ,690,12,702,885,0,2,1,2,0,1,0,0.00,79.32 ,50
03,007,00,004,0131,199 ,1370,17,1387,1696,0,2,1,2,0,1,0,0.00,81.78 ,50
03,007,00,004,0132,200 ,854,11,865,1054,0,2,1,2,0,1,0,0.00,82.07 ,50
03,007,00,004,0133,201 ,1254,15,1269,1611,0,2,1,2,0,1,0,0.00,78.77 ,50
03,007,00,004,0134,202 ,886,11,897,1099,0,2,1,2,0,1,0,0.00,81.62 ,50
03,007,00,004,0135,203 ,704,14,718,928,0,2,1,2,0,1,0,0.00,77.37 ,50
03,007,00,004,0136,204 ,1157,14,1171,1489,0,2,1,2,0,1,0,0.00,78.64 ,50
03,007,00,004,0137,205 ,1443,23,1466,1802,0,2,1,2,0,1,0,0.00,81.35 ,50
03,007,00,004,0138,206 ,739,4,743,897,0,2,1,2,0,1,0,0.00,82.83 ,50
03,007,00,005,0139,207 ,1156,12,1168,1532,0,2,1,2,0,1,0,0.00,76.24 ,50
03,007,00,005,0139,208 ,1401,14,1415,1914,0,2,1,2,0,1,0,0.00,73.93 ,50
03,007,00,005,0140,209 ,982,7,989,1336,0,2,1,2,0,1,0,0.00,74.03 ,50
03,007,00,005,0141,210 ,840,6,846,1042,0,2,1,2,0,1,0,0.00,81.19 ,50
03,007,00,005,0142,211 ,1130,13,1143,1410,0,2,1,2,0,1,0,0.00,81.06 ,50
03,007,00,005,0143,212 ,942,9,951,1218,0,2,1,2,0,1,0,0.00,78.08 ,50
03,007,00,005,0144,213 ,1060,22,1082,1399,0,2,1,2,0,1,0,0.00,77.34 ,50
03,007,00,005,0145,214 ,1306,15,1321,1735,0,2,1,2,0,1,0,0.00,76.14 ,50
03,007,00,005,0146,215 ,1050,11,1061,1332,0,2,1,2,0,1,0,0.00,79.65 ,50
03,007,00,005,0147,216 ,760,5,765,974,0,2,1,2,0,1,0,0.00,78.54 ,50
03,007,00,005,0148,217 ,1013,12,1025,1384,0,2,1,2,0,1,0,0.00,74.06 ,50
03,007,00,005,0149,218 ,778,8,786,1080,0,2,1,2,0,1,0,0.00,72.78 ,50
03,007,00,005,0150,219 ,475,4,479,621,0,2,1,2,0,1,0,0.00,77.13 ,50
03,007,00,005,0151,220 ,1083,10,1093,1406,0,2,1,2,0,1,0,0.00,77.74 ,50
03,007,00,005,0152,221 ,1286,8,1294,1667,0,2,1,2,0,1,0,0.00,77.62 ,50
03,007,00,006,0153,222 ,651,6,657,901,0,2,1,2,0,1,0,0.00,72.92 ,50
03,007,00,006,0153,223 ,654,3,657,857,0,2,1,2,0,1,0,0.00,76.66 ,50
03,007,00,006,0154,224 ,813,9,822,1061,0,2,1,2,0,1,0,0.00,77.47 ,50
03,007,00,006,0155,225 ,693,9,702,915,0,2,1,2,0,1,0,0.00,76.72 ,50
03,007,00,006,0156,226 ,904,10,914,1140,0,2,1,2,0,1,0,0.00,80.18 ,50
03,007,00,006,0157,227 ,504,4,508,622,0,2,1,2,0,1,0,0.00,81.67 ,50
03,007,00,006,0158,228 ,906,7,913,1112,0,2,1,2,0,1,0,0.00,82.10 ,50
03,007,00,006,0159,229 ,749,9,758,976,0,2,1,2,0,1,0,0.00,77.66 ,50
03,007,00,006,0160,230 ,655,3,658,847,0,2,1,2,0,1,0,0.00,77.69 ,50
03,007,00,006,0160,231 ,669,5,674,878,0,2,1,2,0,1,0,0.00,76.77 ,50
03,007,00,006,0161,232 ,909,11,920,1161,0,2,1,2,0,1,0,0.00,79.24 ,50
03,007,00,006,0162,233 ,902,6,908,1173,0,2,1,2,0,1,0,0.00,77.41 ,50
03,007,00,006,0163,234 ,670,10,680,894,0,2,1,2,0,1,0,0.00,76.06 ,50
03,007,00,006,0163,235 ,599,8,607,805,0,2,1,2,0,1,0,0.00,75.40 ,50
03,007,00,006,0164,236 ,624,13,637,803,0,2,1,2,0,1,0,0.00,79.33 ,50
03,007,00,006,0164,237 ,487,7,494,647,0,2,1,2,0,1,0,0.00,76.35 ,50
03,007,00,006,0165,238 ,597,8,605,746,0,2,1,2,0,1,0,0.00,81.10 ,50
03,007,00,006,0165,239 ,769,9,778,949,0,2,1,2,0,1,0,0.00,81.98 ,50
03,007,00,006,0166,240 ,730,3,733,996,0,2,1,2,0,1,0,0.00,73.59 ,50
03,007,00,006,0167,241 ,750,8,758,1018,0,2,1,2,0,1,0,0.00,74.46 ,50
03,007,00,006,0168,242 ,715,8,723,930,0,2,1,2,0,1,0,0.00,77.74 ,50
03,007,00,006,0168,243 ,668,11,679,959,0,2,1,2,0,1,0,0.00,70.80 ,50
03,007,00,006,0169,244 ,596,5,601,743,0,2,1,2,0,1,0,0.00,80.89 ,50
03,007,00,006,0169,245 ,663,10,673,834,0,2,1,2,0,1,0,0.00,80.70 ,50
03,007,00,006,0170,246 ,661,10,671,829,0,2,1,2,0,1,0,0.00,80.94 ,50
03,007,00,006,0170,247 ,740,11,751,953,0,2,1,2,0,1,0,0.00,78.80 ,50
03,007,00,006,0171,248 ,803,12,815,1023,0,2,1,2,0,1,0,0.00,79.67 ,50
03,007,00,006,0172,249 ,919,11,930,1161,0,2,1,2,0,1,0,0.00,80.10 ,50
03,007,00,006,0173,250 ,1030,10,1040,1321,0,2,1,2,0,1,0,0.00,78.73 ,50
03,007,00,006,0173,251 ,794,9,803,1025,0,2,1,2,0,1,0,0.00,78.34 ,50
03,007,00,006,0174,252 ,682,10,692,876,0,2,1,2,0,1,0,0.00,79.00 ,50
03,007,00,006,0174,253 ,729,8,737,922,0,2,1,2,0,1,0,0.00,79.93 ,50
03,007,00,007,0175,254 ,689,8,697,876,0,2,1,2,0,1,0,0.00,79.57 ,50
03,007,00,007,0175,255 ,453,5,458,556,0,2,1,2,0,1,0,0.00,82.37 ,50
03,007,00,007,0176,256 ,995,15,1010,1271,0,2,1,2,0,1,0,0.00,79.46 ,50
03,007,00,007,0177,257 ,1300,16,1316,1708,0,2,1,2,0,1,0,0.00,77.05 ,50
03,007,00,007,0178,258 ,828,13,841,1017,0,2,1,2,0,1,0,0.00,82.69 ,50
03,007,00,007,0179,259 ,573,5,578,728,0,2,1,2,0,1,0,0.00,79.40 ,50
03,007,00,007,0179,260 ,553,6,559,729,0,2,1,2,0,1,0,0.00,76.68 ,50
03,007,00,007,0180,261 ,830,9,839,1038,0,2,1,2,0,1,0,0.00,80.83 ,50
03,007,00,007,0180,262 ,555,12,567,714,0,2,1,2,0,1,0,0.00,79.41 ,50
03,007,00,007,0180,263 ,748,15,763,1002,0,2,1,2,0,1,0,0.00,76.15 ,50
03,007,00,007,0181,264 ,1011,18,1029,1306,0,2,1,2,0,1,0,0.00,78.79 ,50
03,007,00,007,0181,265 ,724,5,729,924,0,2,1,2,0,1,0,0.00,78.90 ,50
03,007,00,007,0182,266 ,726,10,736,915,0,2,1,2,0,1,0,0.00,80.44 ,50
03,007,00,007,0182,267 ,554,11,565,725,0,2,1,2,0,1,0,0.00,77.93 ,50
03,007,00,007,0183,268 ,774,8,782,983,0,2,1,2,0,1,0,0.00,79.55 ,50
03,007,00,007,0184,269 ,1012,16,1028,1258,0,2,1,2,0,1,0,0.00,81.72 ,50
03,007,00,007,0184,270 ,1049,12,1061,1338,0,2,1,2,0,1,0,0.00,79.30 ,50
03,007,00,007,0185,271 ,409,14,423,528,0,2,1,2,0,1,0,0.00,80.11 ,50
03,007,00,007,0185,272 ,787,8,795,1010,0,2,1,2,0,1,0,0.00,78.71 ,50
03,007,00,007,0186,273 ,912,19,931,1170,0,2,1,2,0,1,0,0.00,79.57 ,50
03,007,00,007,0187,274 ,966,10,976,1251,0,2,1,2,0,1,0,0.00,78.02 ,50
03,007,00,007,0188,275 ,883,12,895,1061,0,2,1,2,0,1,0,0.00,84.35 ,50
03,007,00,007,0188,276 ,496,4,500,646,0,2,1,2,0,1,0,0.00,77.40 ,50
03,007,00,008,0189,277 ,792,7,799,1054,0,2,1,2,0,1,0,0.00,75.81 ,50
03,007,00,008,0189,278 ,1253,17,1270,1582,0,2,1,2,0,1,0,0.00,80.28 ,50
03,007,00,008,0190,279 ,1198,12,1210,1486,0,2,1,2,0,1,0,0.00,81.43 ,50
03,007,00,008,0191,280 ,626,10,636,803,0,2,1,2,0,1,0,0.00,79.20 ,50
03,007,00,008,0191,281 ,942,21,963,1182,0,2,1,2,0,1,0,0.00,81.47 ,50
03,007,00,008,0192,282 ,790,6,796,981,0,2,1,2,0,1,0,0.00,81.14 ,50
03,007,00,008,0193,283 ,973,9,982,1218,0,2,1,2,0,1,0,0.00,80.62 ,50
03,007,00,008,0194,284 ,1038,13,1051,1314,0,2,1,2,0,1,0,0.00,79.98 ,50
03,007,00,008,0195,285 ,546,8,554,673,0,2,1,2,0,1,0,0.00,82.32 ,50
03,007,00,008,0196,286 ,603,2,605,747,0,2,1,2,0,1,0,0.00,80.99 ,50
03,007,00,008,0196,287 ,538,9,547,703,0,2,1,2,0,1,0,0.00,77.81 ,50
03,007,00,008,0197,288 ,925,15,940,1180,0,2,1,2,0,1,0,0.00,79.66 ,50
03,007,00,008,0197,289 ,1427,11,1438,1859,0,2,1,2,0,1,0,0.00,77.35 ,50
03,007,00,008,0198,290 ,766,8,774,971,0,2,1,2,0,1,0,0.00,79.71 ,50
03,007,00,008,0198,291 ,716,7,723,910,0,2,1,2,0,1,0,0.00,79.45 ,50
03,007,00,008,0199,292 ,1022,19,1041,1355,0,2,1,2,0,1,0,0.00,76.83 ,50
03,007,00,008,0199,293 ,1033,11,1044,1301,0,2,1,2,0,1,0,0.00,80.25 ,50
03,007,00,008,0200,294 ,940,11,951,1267,0,2,1,2,0,1,0,0.00,75.06 ,50
03,007,00,008,0201,295 ,1233,19,1252,1613,0,2,1,2,0,1,0,0.00,77.62 ,50
03,007,00,008,0201,296 ,759,11,770,995,0,2,1,2,0,1,0,0.00,77.39 ,50
03,007,00,008,0202,297 ,644,6,650,799,0,2,1,2,0,1,0,0.00,81.35 ,50
03,007,00,008,0203,298 ,708,11,719,931,0,2,1,2,0,1,0,0.00,77.23 ,50
03,007,00,008,0204,299 ,1080,6,1086,1435,0,2,1,2,0,1,0,0.00,75.68 ,50
03,007,00,008,0205,300 ,791,16,807,1091,0,2,1,2,0,1,0,0.00,73.97 ,50
03,007,00,008,0206,301 ,954,12,966,1267,0,2,1,2,0,1,0,0.00,76.24 ,50
03,007,00,009,0207,302 ,1221,12,1233,1569,0,2,1,2,0,1,0,0.00,78.59 ,50
03,007,00,009,0208,303 ,1018,8,1026,1295,0,2,1,2,0,1,0,0.00,79.23 ,50
03,007,00,009,0209,304 ,1171,14,1185,1465,0,2,1,2,0,1,0,0.00,80.89 ,50
03,007,00,009,0210,305 ,446,3,449,561,0,2,1,2,0,1,0,0.00,80.04 ,50
03,007,00,009,0211,306 ,730,8,738,907,0,2,1,2,0,1,0,0.00,81.37 ,50
03,007,00,009,0211,307 ,753,15,768,999,0,2,1,2,0,1,0,0.00,76.88 ,50
03,007,00,009,0212,308 ,814,15,829,1058,0,2,1,2,0,1,0,0.00,78.36 ,50
03,007,00,009,0212,309 ,732,11,743,913,0,2,1,2,0,1,0,0.00,81.38 ,50
03,007,00,009,0213,310 ,1060,15,1075,1372,0,2,1,2,0,1,0,0.00,78.35 ,50
03,007,00,009,0214,311 ,632,11,643,841,0,2,1,2,0,1,0,0.00,76.46 ,50
03,007,00,009,0215,312 ,706,13,719,921,0,2,1,2,0,1,0,0.00,78.07 ,50
03,007,00,009,0216,313 ,756,12,768,965,0,2,1,2,0,1,0,0.00,79.59 ,50
03,007,00,009,0217,314 ,556,10,566,718,0,2,1,2,0,1,0,0.00,78.83 ,50
03,007,00,009,0218,315 ,1105,16,1121,1386,0,2,1,2,0,1,0,0.00,80.88 ,50
03,007,00,009,0219,316 ,922,15,937,1260,0,2,1,2,0,1,0,0.00,74.37 ,50
03,007,00,009,0220,317 ,707,9,716,997,0,2,1,2,0,1,0,0.00,71.82 ,50
03,007,00,009,0221,318 ,701,11,712,1055,0,2,1,2,0,1,0,0.00,67.49 ,50
03,007,00,010,0222,319 ,898,10,908,1129,0,2,1,2,0,1,0,0.00,80.43 ,50
03,007,00,010,0223,320 ,796,5,801,1013,0,2,1,2,0,1,0,0.00,79.07 ,50
03,007,00,010,0223,321 ,1157,16,1173,1481,0,2,1,2,0,1,0,0.00,79.20 ,50
03,007,00,010,0224,322 ,1296,15,1311,1690,0,2,1,2,0,1,0,0.00,77.57 ,50
03,007,00,010,0225,323 ,868,7,875,1125,0,2,1,2,0,1,0,0.00,77.78 ,50
03,007,00,010,0225,324 ,1171,13,1184,1490,0,2,1,2,0,1,0,0.00,79.46 ,50
03,007,00,010,0226,325 ,636,8,644,821,0,2,1,2,0,1,0,0.00,78.44 ,50
03,007,00,010,0227,326 ,834,8,842,1086,0,2,1,2,0,1,0,0.00,77.53 ,50
03,007,00,010,0227,327 ,1111,8,1119,1404,0,2,1,2,0,1,0,0.00,79.70 ,50
03,007,00,010,0228,328 ,838,5,843,1010,0,2,1,2,0,1,0,0.00,83.47 ,50
03,007,00,010,0229,329 ,624,6,630,810,0,2,1,2,0,1,0,0.00,77.78 ,50
03,007,00,010,0230,330 ,682,4,686,878,0,2,1,2,0,1,0,0.00,78.13 ,50
03,007,00,010,0230,331 ,688,6,694,864,0,2,1,2,0,1,0,0.00,80.32 ,50
03,007,00,010,0231,332 ,859,10,869,1163,0,2,1,2,0,1,0,0.00,74.72 ,50
03,007,00,010,0231,333 ,922,7,929,1218,0,2,1,2,0,1,0,0.00,76.27 ,50
03,007,00,010,0231,334 ,925,9,934,1191,0,2,1,2,0,1,0,0.00,78.42 ,50
03,007,00,010,0232,335 ,759,8,767,1015,0,2,1,2,0,1,0,0.00,75.57 ,50
03,007,00,010,0232,336 ,889,12,901,1160,0,2,1,2,0,1,0,0.00,77.67 ,50
03,007,00,010,0233,337 ,748,12,760,964,0,2,1,2,0,1,0,0.00,78.84 ,50
03,007,00,010,0233,338 ,1253,12,1265,1531,0,2,1,2,0,1,0,0.00,82.63 ,50
03,007,00,010,0233,339 ,776,9,785,998,0,2,1,2,0,1,0,0.00,78.66 ,50
03,007,00,010,0234,340 ,1210,18,1228,1569,0,2,1,2,0,1,0,0.00,78.27 ,50
03,007,00,010,0234,341 ,1044,12,1056,1354,0,2,1,2,0,1,0,0.00,77.99 ,50
03,007,00,010,0235,342 ,1104,20,1124,1385,0,2,1,2,0,1,0,0.00,81.16 ,50
03,007,00,010,0235,343 ,979,11,990,1275,0,2,1,2,0,1,0,0.00,77.65 ,50
03,007,00,010,0235,344 ,943,9,952,1238,0,2,1,2,0,1,0,0.00,76.90 ,50
03,007,00,010,0236,345 ,1160,9,1169,1476,0,2,1,2,0,1,0,0.00,79.20 ,50
03,007,00,010,0237,346 ,1043,8,1051,1316,0,2,1,2,0,1,0,0.00,79.86 ,50
03,007,00,010,0238,347 ,837,8,845,1110,0,2,1,2,0,1,0,0.00,76.13 ,50
03,007,00,010,0238,348 ,761,6,767,998,0,2,1,2,0,1,0,0.00,76.85 ,50
03,007,00,010,0238,349 ,990,9,999,1213,0,2,1,2,0,1,0,0.00,82.36 ,50
03,007,00,010,0238,350 ,1050,6,1056,1331,0,2,1,2,0,1,0,0.00,79.34 ,50
03,007,00,010,0239,351 ,984,11,995,1281,0,2,1,2,0,1,0,0.00,77.67 ,50
03,007,00,010,0239,352 ,1069,11,1080,1355,0,2,1,2,0,1,0,0.00,79.70 ,50
03,007,00,010,0239,353 ,1340,18,1358,1645,0,2,1,2,0,1,0,0.00,82.55 ,50
03,007,00,010,0240,354 ,884,11,895,1081,0,2,1,2,0,1,0,0.00,82.79 ,50
03,007,00,010,0240,355 ,879,6,885,1116,0,2,1,2,0,1,0,0.00,79.30 ,50
03,007,00,010,0241,356 ,715,5,720,894,0,2,1,2,0,1,0,0.00,80.54 ,50
03,007,00,010,0241,357 ,756,9,765,973,0,2,1,2,0,1,0,0.00,78.62 ,50
03,007,00,010,0242,358 ,733,7,740,914,0,2,1,2,0,1,0,0.00,80.96 ,50
03,007,00,010,0242,359 ,790,3,793,953,0,2,1,2,0,1,0,0.00,83.21 ,50
03,007,00,010,0243,360 ,800,5,805,1024,0,2,1,2,0,1,0,0.00,78.61 ,50
03,007,00,010,0243,361 ,513,4,517,689,0,2,1,2,0,1,0,0.00,75.04 ,50
03,007,00,010,0244,362 ,1007,13,1020,1303,0,2,1,2,0,1,0,0.00,78.28 ,50
03,007,00,010,0245,363 ,676,8,684,883,0,2,1,2,0,1,0,0.00,77.46 ,50
03,007,00,010,0245,364 ,742,6,748,921,0,2,1,2,0,1,0,0.00,81.22 ,50
03,007,00,010,0246,365 ,716,15,731,907,0,2,1,2,0,1,0,0.00,80.60 ,50
03,007,00,010,0246,366 ,886,7,893,1145,0,2,1,2,0,1,0,0.00,77.99 ,50
03,007,00,010,0247,367 ,1315,15,1330,1709,0,2,1,2,0,1,0,0.00,77.82 ,50
03,007,00,010,0248,368 ,1329,23,1352,1716,0,2,1,2,0,1,0,0.00,78.79 ,50
03,007,00,010,0248,369 ,741,13,754,939,0,2,1,2,0,1,0,0.00,80.30 ,50
03,007,00,010,0249,370 ,812,12,824,1008,0,2,1,2,0,1,0,0.00,81.75 ,50
03,007,00,010,0249,371 ,807,9,816,1028,0,2,1,2,0,1,0,0.00,79.38 ,50
03,007,00,010,0250,372 ,577,7,584,727,0,2,1,2,0,1,0,0.00,80.33 ,50
03,007,00,010,0250,373 ,800,17,817,1050,0,2,1,2,0,1,0,0.00,77.81 ,50
03,007,00,010,0251,374 ,664,18,682,875,0,2,1,2,0,1,0,0.00,77.94 ,50
03,007,00,010,0251,375 ,845,16,861,1091,0,2,1,2,0,1,0,0.00,78.92 ,50
03,007,00,010,0252,376 ,1187,19,1206,1629,0,2,1,2,0,1,0,0.00,74.03 ,50
03,007,00,010,0253,377 ,998,9,1007,1268,0,2,1,2,0,1,0,0.00,79.42 ,50
03,007,00,010,0254,378 ,547,6,553,741,0,2,1,2,0,1,0,0.00,74.63 ,50
03,007,00,010,0255,379 ,657,7,664,843,0,2,1,2,0,1,0,0.00,78.77 ,50
03,007,00,010,0255,380 ,672,11,683,837,0,2,1,2,0,1,0,0.00,81.60 ,50
03,007,00,010,0256,381 ,823,13,836,1030,0,2,1,2,0,1,0,0.00,81.17 ,50
03,007,00,010,0256,382 ,650,5,655,806,0,2,1,2,0,1,0,0.00,81.27 ,50
03,007,00,010,0257,383 ,1074,15,1089,1388,0,2,1,2,0,1,0,0.00,78.46 ,50
03,007,00,010,0258,384 ,1185,14,1199,1557,0,2,1,2,0,1,0,0.00,77.01 ,50
03,007,00,010,0259,385 ,996,18,1014,1263,0,2,1,2,0,1,0,0.00,80.29 ,50
03,007,00,010,0260,386 ,702,12,714,872,0,2,1,2,0,1,0,0.00,81.88 ,50
03,007,00,010,0260,387 ,727,11,738,880,0,2,1,2,0,1,0,0.00,83.86 ,50
03,007,00,011,0261,388 ,915,9,924,1188,0,2,1,2,0,1,0,0.00,77.78 ,50
03,007,00,011,0262,389 ,592,7,599,751,0,2,1,2,0,1,0,0.00,79.76 ,50
03,007,00,011,0263,390 ,892,9,901,1153,0,2,1,2,0,1,0,0.00,78.14 ,50
03,007,00,011,0264,391 ,441,6,447,551,0,2,1,2,0,1,0,0.00,81.13 ,50
03,007,00,011,0265,392 ,962,11,973,1249,0,2,1,2,0,1,0,0.00,77.90 ,50
03,007,00,011,0265,393 ,943,9,952,1226,0,2,1,2,0,1,0,0.00,77.65 ,50
03,007,00,011,0266,394 ,1242,17,1259,1583,0,2,1,2,0,1,0,0.00,79.53 ,50
03,007,00,011,0267,395 ,1293,22,1315,1696,0,2,1,2,0,1,0,0.00,77.54 ,50
03,007,00,011,0268,396 ,921,7,928,1210,0,2,1,2,0,1,0,0.00,76.69 ,50
03,007,00,011,0269,397 ,1203,13,1216,1608,0,2,1,2,0,1,0,0.00,75.62 ,50
03,007,00,011,0270,398 ,821,6,827,1054,0,2,1,2,0,1,0,0.00,78.46 ,50
03,007,00,011,0270,399 ,851,13,864,1104,0,2,1,2,0,1,0,0.00,78.26 ,50
03,007,00,011,0271,400 ,1193,15,1208,1612,0,2,1,2,0,1,0,0.00,74.94 ,50
03,007,00,011,0272,401 ,540,12,552,710,0,2,1,2,0,1,0,0.00,77.75 ,50
03,007,00,011,0273,402 ,1118,23,1141,1447,0,2,1,2,0,1,0,0.00,78.85 ,50
03,007,00,011,0274,403 ,854,15,869,1089,0,2,1,2,0,1,0,0.00,79.80 ,50
03,007,00,011,0274,404 ,784,6,790,1019,0,2,1,2,0,1,0,0.00,77.53 ,50
03,007,00,011,0275,405 ,508,11,519,681,0,2,1,2,0,1,0,0.00,76.21 ,50
03,007,00,011,0276,406 ,860,22,882,1160,0,2,1,2,0,1,0,0.00,76.03 ,50
03,007,00,011,0277,407 ,998,17,1015,1292,0,2,1,2,0,1,0,0.00,78.56 ,50
03,007,00,011,0278,408 ,1312,17,1329,1768,0,2,1,2,0,1,0,0.00,75.17 ,50
03,007,00,011,0278,409 ,972,11,983,1291,0,2,1,2,0,1,0,0.00,76.14 ,50
03,007,00,011,0279,410 ,490,7,497,641,0,2,1,2,0,1,0,0.00,77.54 ,50
03,007,00,011,0280,411 ,854,8,862,1075,0,2,1,2,0,1,0,0.00,80.19 ,50
03,007,00,011,0281,412 ,550,5,555,689,0,2,1,2,0,1,0,0.00,80.55 ,50
03,007,00,011,0282,413 ,798,14,812,1099,0,2,1,2,0,1,0,0.00,73.89 ,50
03,007,00,011,0283,414 ,968,10,978,1310,0,2,1,2,0,1,0,0.00,74.66 ,50
03,007,00,011,0284,415 ,1147,13,1160,1616,0,2,1,2,0,1,0,0.00,71.78 ,50
03,007,00,011,0285,416 ,1025,14,1039,1409,0,2,1,2,0,1,0,0.00,73.74 ,50
03,007,00,012,0286,417 ,655,16,671,872,0,2,1,2,0,1,0,0.00,76.95 ,50
03,007,00,012,0287,418 ,712,26,738,1006,0,2,1,2,0,1,0,0.00,73.36 ,50
03,007,00,012,0287,419 ,624,23,647,899,0,2,1,2,0,1,0,0.00,71.97 ,50
03,007,00,012,0287,420 ,504,11,515,791,0,2,1,2,0,1,0,0.00,65.11 ,50
03,007,00,012,0288,421 ,443,7,450,652,0,2,1,2,0,1,0,0.00,69.02 ,50
03,007,00,012,0289,422 ,1030,24,1054,1379,0,2,1,2,0,1,0,0.00,76.43 ,50
03,007,00,012,0290,423 ,1079,16,1095,1445,0,2,1,2,0,1,0,0.00,75.78 ,50
03,007,00,012,0291,424 ,806,16,822,1055,0,2,1,2,0,1,0,0.00,77.91 ,50
03,007,00,012,0292,425 ,1178,12,1190,1574,0,2,1,2,0,1,0,0.00,75.60 ,50
03,007,00,012,0293,426 ,505,9,514,678,0,2,1,2,0,1,0,0.00,75.81 ,50
03,007,00,012,0294,427 ,1147,17,1164,1530,0,2,1,2,0,1,0,0.00,76.08 ,50
03,007,00,012,0294,428 ,644,8,652,826,0,2,1,2,0,1,0,0.00,78.93 ,50
03,007,00,012,0295,429 ,693,7,700,892,0,2,1,2,0,1,0,0.00,78.48 ,50
03,007,00,012,0295,430 ,770,16,786,993,0,2,1,2,0,1,0,0.00,79.15 ,50
03,007,00,012,0296,431 ,850,6,856,1091,0,2,1,2,0,1,0,0.00,78.46 ,50
03,007,00,012,0297,432 ,1050,9,1059,1318,0,2,1,2,0,1,0,0.00,80.35 ,50
03,007,00,012,0298,433 ,684,6,690,920,0,2,1,2,0,1,0,0.00,75.00 ,50
03,007,00,012,0298,434 ,814,9,823,1079,0,2,1,2,0,1,0,0.00,76.27 ,50
03,007,00,012,0299,435 ,1279,25,1304,1696,0,2,1,2,0,1,0,0.00,76.89 ,50
03,007,00,012,0300,436 ,1091,28,1119,1569,0,2,1,2,0,1,0,0.00,71.32 ,50
03,007,00,012,0301,437 ,843,17,860,1160,0,2,1,2,0,1,0,0.00,74.14 ,50
03,007,00,012,0302,438 ,1059,20,1079,1452,0,2,1,2,0,1,0,0.00,74.31 ,50
03,007,00,012,0303,439 ,1160,14,1174,1533,0,2,1,2,0,1,0,0.00,76.58 ,50
03,007,00,012,0303,440 ,863,15,878,1180,0,2,1,2,0,1,0,0.00,74.41 ,50
03,007,00,012,0304,441 ,945,14,959,1287,0,2,1,2,0,1,0,0.00,74.51 ,50
03,007,00,012,0305,442 ,1054,27,1081,1369,0,2,1,2,0,1,0,0.00,78.96 ,50
03,007,00,012,0306,443 ,679,10,689,878,0,2,1,2,0,1,0,0.00,78.47 ,50
03,007,00,012,0307,444 ,544,6,550,734,0,2,1,2,0,1,0,0.00,74.93 ,50
03,007,00,013,0308,445 ,1250,21,1271,1611,0,2,1,2,0,1,0,0.00,78.90 ,50
03,007,00,013,0309,446 ,1205,13,1218,1500,0,2,1,2,0,1,0,0.00,81.20 ,50
03,007,00,013,0310,447 ,596,9,605,755,0,2,1,2,0,1,0,0.00,80.13 ,50
03,007,00,013,0311,448 ,938,10,948,1160,0,2,1,2,0,1,0,0.00,81.72 ,50
03,007,00,013,0312,449 ,898,14,912,1143,0,2,1,2,0,1,0,0.00,79.79 ,50
03,007,00,013,0313,450 ,1134,15,1149,1441,0,2,1,2,0,1,0,0.00,79.74 ,50
03,007,00,013,0314,451 ,833,9,842,1074,0,2,1,2,0,1,0,0.00,78.40 ,50
03,007,00,013,0315,452 ,836,11,847,995,0,2,1,2,0,1,0,0.00,85.13 ,50
03,007,00,013,0316,453 ,1409,23,1432,1840,0,2,1,2,0,1,0,0.00,77.83 ,50
03,007,00,013,0317,454 ,1120,13,1133,1346,0,2,1,2,0,1,0,0.00,84.18 ,50
03,007,00,013,0318,455 ,1359,15,1374,1707,0,2,1,2,0,1,0,0.00,80.49 ,50
03,007,00,013,0319,456 ,896,7,903,1074,0,2,1,2,0,1,0,0.00,84.08 ,50
03,007,00,013,0320,457 ,1053,16,1069,1280,0,2,1,2,0,1,0,0.00,83.52 ,50
03,007,00,013,0320,458 ,744,11,755,924,0,2,1,2,0,1,0,0.00,81.71 ,50
03,007,00,013,0321,459 ,1144,22,1166,1453,0,2,1,2,0,1,0,0.00,80.25 ,50
03,007,00,013,0322,460 ,1236,13,1249,1573,0,2,1,2,0,1,0,0.00,79.40 ,50
03,007,00,013,0323,461 ,1381,16,1397,1778,0,2,1,2,0,1,0,0.00,78.57 ,50
03,007,00,014,0324,462 ,1059,17,1076,1355,0,2,1,2,0,1,0,0.00,79.41 ,50
03,007,00,014,0325,463 ,968,15,983,1268,0,2,1,2,0,1,0,0.00,77.52 ,50
03,007,00,014,0326,464 ,853,7,860,1055,0,2,1,2,0,1,0,0.00,81.52 ,50
03,007,00,014,0327,465 ,556,4,560,710,0,2,1,2,0,1,0,0.00,78.87 ,50
03,007,00,014,0328,466 ,1120,18,1138,1479,0,2,1,2,0,1,0,0.00,76.94 ,50
03,007,00,014,0329,467 ,679,9,688,887,0,2,1,2,0,1,0,0.00,77.56 ,50
03,007,00,014,0330,468 ,843,16,859,1166,0,2,1,2,0,1,0,0.00,73.67 ,50
03,007,00,014,0331,469 ,740,7,747,943,0,2,1,2,0,1,0,0.00,79.22 ,50
03,007,00,014,0332,470 ,526,7,533,636,0,2,1,2,0,1,0,0.00,83.81 ,50
03,007,00,014,0333,471 ,789,18,807,979,0,2,1,2,0,1,0,0.00,82.43 ,50
03,007,00,014,0334,472 ,870,10,880,1088,0,2,1,2,0,1,0,0.00,80.88 ,50
03,007,00,014,0335,473 ,1411,17,1428,1848,0,2,1,2,0,1,0,0.00,77.27 ,50
03,007,00,014,0336,474 ,957,8,965,1184,0,2,1,2,0,1,0,0.00,81.50 ,50
03,007,00,014,0337,475 ,293,4,297,365,0,2,1,2,0,1,0,0.00,81.37 ,50
03,007,00,014,0338,476 ,690,11,701,963,0,2,1,2,0,1,0,0.00,72.79 ,50
03,007,00,014,0339,477 ,512,8,520,686,0,2,1,2,0,1,0,0.00,75.80 ,50
03,007,00,014,0340,478 ,970,10,980,1250,0,2,1,2,0,1,0,0.00,78.40 ,50
03,007,00,014,0341,479 ,603,6,609,812,0,2,1,2,0,1,0,0.00,75.00 ,50
03,007,00,014,0342,480 ,993,20,1013,1414,0,2,1,2,0,1,0,0.00,71.64 ,50
03,007,00,014,0343,481 ,925,10,935,1214,0,2,1,2,0,1,0,0.00,77.02 ,50
03,007,00,014,0344,482 ,946,14,960,1213,0,2,1,2,0,1,0,0.00,79.14 ,50
03,007,00,014,0345,483 ,920,14,934,1199,0,2,1,2,0,1,0,0.00,77.90 ,50
03,007,00,015,0346,484 ,848,6,854,1079,0,2,1,2,0,1,0,0.00,79.15 ,50
03,007,00,015,0346,485 ,836,7,843,1082,0,2,1,2,0,1,0,0.00,77.91 ,50
03,007,00,015,0347,486 ,793,12,805,1107,0,2,1,2,0,1,0,0.00,72.72 ,50
03,007,00,015,0348,487 ,976,13,989,1279,0,2,1,2,0,1,0,0.00,77.33 ,50
03,007,00,015,0349,488 ,752,10,762,968,0,2,1,2,0,1,0,0.00,78.72 ,50
03,007,00,015,0350,489 ,1074,12,1086,1407,0,2,1,2,0,1,0,0.00,77.19 ,50
03,007,00,015,0351,490 ,1152,11,1163,1457,0,2,1,2,0,1,0,0.00,79.82 ,50
03,007,00,015,0352,491 ,965,15,980,1226,0,2,1,2,0,1,0,0.00,79.93 ,50
03,007,00,015,0353,492 ,955,11,966,1246,0,2,1,2,0,1,0,0.00,77.53 ,50
03,007,00,015,0354,493 ,1145,12,1157,1500,0,2,1,2,0,1,0,0.00,77.13 ,50
03,007,00,015,0355,494 ,479,5,484,605,0,2,1,2,0,1,0,0.00,80.00 ,50
03,007,00,015,0356,495 ,641,11,652,884,0,2,1,2,0,1,0,0.00,73.76 ,50
03,007,00,015,0357,496 ,712,10,722,942,0,2,1,2,0,1,0,0.00,76.65 ,50
03,007,00,015,0358,497 ,516,7,523,712,0,2,1,2,0,1,0,0.00,73.46 ,50
03,007,00,015,0359,498 ,576,10,586,770,0,2,1,2,0,1,0,0.00,76.10 ,50
03,007,00,015,0360,499 ,1090,11,1101,1523,0,2,1,2,0,1,0,0.00,72.29 ,50
03,007,00,015,0361,500 ,911,16,927,1271,0,2,1,2,0,1,0,0.00,72.93 ,50
03,007,00,015,0362,501 ,663,9,672,856,0,2,1,2,0,1,0,0.00,78.50 ,50
03,007,00,015,0363,502 ,846,19,865,1104,0,2,1,2,0,1,0,0.00,78.35 ,50
03,007,00,015,0364,503 ,545,5,550,695,0,2,1,2,0,1,0,0.00,79.14 ,50
03,007,00,015,0365,504 ,660,8,668,833,0,2,1,2,0,1,0,0.00,80.19 ,50
03,007,00,016,0366,505 ,622,8,630,768,0,2,1,2,0,1,0,0.00,82.03 ,50
03,007,00,016,0367,506 ,1038,17,1055,1334,0,2,1,2,0,1,0,0.00,79.09 ,50
03,007,00,016,0368,507 ,1304,18,1322,1695,0,2,1,2,0,1,0,0.00,77.99 ,50
03,007,00,016,0369,508 ,1168,14,1182,1527,0,2,1,2,0,1,0,0.00,77.41 ,50
03,007,00,016,0370,509 ,1169,20,1189,1544,0,2,1,2,0,1,0,0.00,77.01 ,50
03,007,00,016,0371,510 ,932,11,943,1209,0,2,1,2,0,1,0,0.00,78.00 ,50
03,007,00,016,0372,511 ,615,15,630,775,0,2,1,2,0,1,0,0.00,81.29 ,50
03,007,00,016,0373,512 ,614,8,622,764,0,2,1,2,0,1,0,0.00,81.41 ,50
03,007,00,016,0374,513 ,1373,24,1397,1767,0,2,1,2,0,1,0,0.00,79.06 ,50
03,007,00,016,0375,514 ,941,14,955,1173,0,2,1,2,0,1,0,0.00,81.42 ,50
03,007,00,016,0376,515 ,767,15,782,970,0,2,1,2,0,1,0,0.00,80.62 ,50
03,007,00,016,0377,516 ,984,7,991,1274,0,2,1,2,0,1,0,0.00,77.79 ,50
03,007,00,016,0378,517 ,1102,16,1118,1426,0,2,1,2,0,1,0,0.00,78.40 ,50
03,007,00,016,0379,518 ,1082,16,1098,1356,0,2,1,2,0,1,0,0.00,80.97 ,50
03,007,00,016,0380,519 ,820,13,833,1024,0,2,1,2,0,1,0,0.00,81.35 ,50
03,007,00,016,0381,520 ,671,12,683,872,0,2,1,2,0,1,0,0.00,78.33 ,50
03,007,00,016,0382,521 ,455,8,463,595,0,2,1,2,0,1,0,0.00,77.82 ,50
03,007,00,016,0383,522 ,526,16,542,682,0,2,1,2,0,1,0,0.00,79.47 ,50
03,007,00,016,0384,523 ,463,10,473,565,0,2,1,2,0,1,0,0.00,83.72 ,50
03,007,00,016,0385,524 ,715,11,726,904,0,2,1,2,0,1,0,0.00,80.31 ,50
03,007,00,016,0386,525 ,613,15,628,798,0,2,1,2,0,1,0,0.00,78.70 ,50
03,007,00,016,0387,526 ,530,11,541,687,0,2,1,2,0,1,0,0.00,78.75 ,50
03,007,00,016,0388,527 ,899,13,912,1119,0,2,1,2,0,1,0,0.00,81.50 ,50
03,007,00,016,0389,528 ,989,17,1006,1335,0,2,1,2,0,1,0,0.00,75.36 ,50
03,007,00,017,0390,529 ,845,8,853,1121,0,2,1,2,0,1,0,0.00,76.09 ,50
03,007,00,017,0390,530 ,979,8,987,1255,0,2,1,2,0,1,0,0.00,78.65 ,50
03,007,00,017,0391,531 ,769,3,772,936,0,2,1,2,0,1,0,0.00,82.48 ,50
03,007,00,017,0391,532 ,873,16,889,1076,0,2,1,2,0,1,0,0.00,82.62 ,50
03,007,00,017,0391,533 ,738,12,750,934,0,2,1,2,0,1,0,0.00,80.30 ,50
03,007,00,017,0392,534 ,732,5,737,915,0,2,1,2,0,1,0,0.00,80.55 ,50
03,007,00,017,0392,535 ,924,19,943,1240,0,2,1,2,0,1,0,0.00,76.05 ,50
03,007,00,017,0393,536 ,513,15,528,705,0,2,1,2,0,1,0,0.00,74.89 ,50
03,007,00,017,0394,537 ,750,7,757,926,0,2,1,2,0,1,0,0.00,81.75 ,50
03,007,00,017,0395,538 ,771,10,781,997,0,2,1,2,0,1,0,0.00,78.34 ,50
03,007,00,017,0396,539 ,945,17,962,1257,0,2,1,2,0,1,0,0.00,76.53 ,50
03,007,00,017,0397,540 ,636,7,643,815,0,2,1,2,0,1,0,0.00,78.90 ,50
03,007,00,017,0398,541 ,847,19,866,1122,0,2,1,2,0,1,0,0.00,77.18 ,50
03,007,00,017,0399,542 ,624,8,632,766,0,2,1,2,0,1,0,0.00,82.51 ,50
03,007,00,017,0400,543 ,1319,21,1340,1719,0,2,1,2,0,1,0,0.00,77.95 ,50
03,007,00,017,0401,544 ,1002,13,1015,1278,0,2,1,2,0,1,0,0.00,79.42 ,50
03,007,00,017,0402,545 ,1016,16,1032,1326,0,2,1,2,0,1,0,0.00,77.83 ,50
03,007,00,017,0403,546 ,777,7,784,992,0,2,1,2,0,1,0,0.00,79.03 ,50
03,007,00,017,0404,547 ,769,15,784,953,0,2,1,2,0,1,0,0.00,82.27 ,50
03,007,00,017,0405,548 ,757,10,767,968,0,2,1,2,0,1,0,0.00,79.24 ,50
03,007,00,017,0406,549 ,697,13,710,879,0,2,1,2,0,1,0,0.00,80.77 ,50
03,007,00,017,0407,550 ,705,11,716,903,0,2,1,2,0,1,0,0.00,79.29 ,50
03,007,00,017,0408,551 ,484,11,495,617,0,2,1,2,0,1,0,0.00,80.23 ,50
03,007,00,017,0409,552 ,607,10,617,774,0,2,1,2,0,1,0,0.00,79.72 ,50
03,007,00,017,0410,553 ,597,10,607,785,0,2,1,2,0,1,0,0.00,77.32 ,50
03,007,00,017,0411,554 ,570,7,577,735,0,2,1,2,0,1,0,0.00,78.50 ,50
03,007,00,017,0412,555 ,965,13,978,1263,0,2,1,2,0,1,0,0.00,77.43 ,50
03,007,00,017,0413,556 ,1239,18,1257,1679,0,2,1,2,0,1,0,0.00,74.87 ,50
03,007,00,018,0414,557 ,822,15,837,1058,0,2,1,2,0,1,0,0.00,79.11 ,50
03,007,00,018,0415,558 ,528,7,535,712,0,2,1,2,0,1,0,0.00,75.14 ,50
03,007,00,018,0416,559 ,633,8,641,842,0,2,1,2,0,1,0,0.00,76.13 ,50
03,007,00,018,0417,560 ,803,11,814,1021,0,2,1,2,0,1,0,0.00,79.73 ,50
03,007,00,018,0418,561 ,510,11,521,675,0,2,1,2,0,1,0,0.00,77.19 ,50
03,007,00,018,0419,562 ,537,5,542,743,0,2,1,2,0,1,0,0.00,72.95 ,50
03,007,00,018,0420,563 ,771,9,780,944,0,2,1,2,0,1,0,0.00,82.63 ,50
03,007,00,018,0421,564 ,695,14,709,909,0,2,1,2,0,1,0,0.00,78.00 ,50
03,007,00,018,0422,565 ,670,7,677,840,0,2,1,2,0,1,0,0.00,80.60 ,50
03,007,00,018,0423,566 ,425,3,428,548,0,2,1,2,0,1,0,0.00,78.10 ,50
03,007,00,018,0424,567 ,672,11,683,881,0,2,1,2,0,1,0,0.00,77.53 ,50
03,007,00,018,0425,568 ,677,6,683,899,0,2,1,2,0,1,0,0.00,75.97 ,50
03,007,00,018,0426,569 ,533,8,541,689,0,2,1,2,0,1,0,0.00,78.52 ,50
03,007,00,018,0427,570 ,595,8,603,806,0,2,1,2,0,1,0,0.00,74.81 ,50
03,007,00,018,0428,571 ,615,10,625,856,0,2,1,2,0,1,0,0.00,73.01 ,50
03,007,00,018,0429,572 ,511,10,521,665,0,2,1,2,0,1,0,0.00,78.35 ,50
03,007,00,018,0430,573 ,493,6,499,642,0,2,1,2,0,1,0,0.00,77.73 ,50
03,007,00,019,0431,574 ,808,10,818,1081,0,2,1,2,0,1,0,0.00,75.67 ,50
03,007,00,019,0431,575 ,796,12,808,1061,0,2,1,2,0,1,0,0.00,76.15 ,50
03,007,00,019,0432,576 ,1138,9,1147,1544,0,2,1,2,0,1,0,0.00,74.29 ,50
03,007,00,019,0433,577 ,818,4,822,1058,0,2,1,2,0,1,0,0.00,77.69 ,50
03,007,00,019,0433,578 ,730,9,739,943,0,2,1,2,0,1,0,0.00,78.37 ,50
03,007,00,019,0433,579 ,932,11,943,1232,0,2,1,2,0,1,0,0.00,76.54 ,50
03,007,00,019,0434,580 ,1088,21,1109,1459,0,2,1,2,0,1,0,0.00,76.01 ,50
03,007,00,019,0435,581 ,943,10,953,1225,0,2,1,2,0,1,0,0.00,77.80 ,50
03,007,00,019,0436,582 ,649,7,656,816,0,2,1,2,0,1,0,0.00,80.39 ,50
03,007,00,019,0437,583 ,513,7,520,702,0,2,1,2,0,1,0,0.00,74.07 ,50
03,007,00,019,0438,584 ,624,9,633,800,0,2,1,2,0,1,0,0.00,79.13 ,50
03,007,00,019,0439,585 ,999,13,1012,1318,0,2,1,2,0,1,0,0.00,76.78 ,50
03,007,00,019,0440,586 ,1029,11,1040,1325,0,2,1,2,0,1,0,0.00,78.49 ,50
03,007,00,019,0441,587 ,1050,14,1064,1391,0,2,1,2,0,1,0,0.00,76.49 ,50
03,007,00,019,0442,588 ,1316,10,1326,1733,0,2,1,2,0,1,0,0.00,76.51 ,50
03,007,00,019,0443,589 ,747,12,759,1005,0,2,1,2,0,1,0,0.00,75.52 ,50
03,007,00,019,0444,590 ,1173,13,1186,1528,0,2,1,2,0,1,0,0.00,77.62 ,50
03,007,00,019,0445,591 ,857,15,872,1225,0,2,1,2,0,1,0,0.00,71.18 ,50
03,007,00,020,0446,592 ,669,3,672,858,0,2,1,2,0,1,0,0.00,78.32 ,50
03,007,00,020,0446,593 ,878,15,893,1237,0,2,1,2,0,1,0,0.00,72.19 ,50
03,007,00,020,0447,594 ,871,8,879,1153,0,2,1,2,0,1,0,0.00,76.24 ,50
03,007,00,020,0447,595 ,1018,11,1029,1400,0,2,1,2,0,1,0,0.00,73.50 ,50
03,007,00,020,0448,596 ,1018,14,1032,1417,0,2,1,2,0,1,0,0.00,72.83 ,50
03,007,00,020,0449,597 ,652,6,658,903,0,2,1,2,0,1,0,0.00,72.87 ,50
03,007,00,020,0449,598 ,837,12,849,1208,0,2,1,2,0,1,0,0.00,70.28 ,50
03,007,00,020,0450,599 ,1093,28,1121,1555,0,2,1,2,0,1,0,0.00,72.09 ,50
03,007,00,020,0451,600 ,978,10,988,1490,0,2,1,2,0,1,0,0.00,66.31 ,50
03,007,00,020,0452,601 ,842,11,853,1202,0,2,1,2,0,1,0,0.00,70.97 ,50
03,007,00,020,0453,602 ,883,11,894,1093,0,2,1,2,0,1,0,0.00,81.79 ,50
03,007,00,020,0454,603 ,809,14,823,1037,0,2,1,2,0,1,0,0.00,79.36 ,50
03,007,00,020,0455,604 ,832,8,840,1137,0,2,1,2,0,1,0,0.00,73.88 ,50
03,007,00,020,0456,605 ,1404,14,1418,1994,0,2,1,2,0,1,0,0.00,71.11 ,50
03,007,00,020,0457,606 ,511,11,522,713,0,2,1,2,0,1,0,0.00,73.21 ,50
03,007,00,020,0457,607 ,987,14,1001,1360,0,2,1,2,0,1,0,0.00,73.60 ,50
03,007,00,020,0458,608 ,957,6,963,1262,0,2,1,2,0,1,0,0.00,76.31 ,50
03,007,00,020,0459,609 ,1207,14,1221,1627,0,2,1,2,0,1,0,0.00,75.05 ,50
03,007,00,020,0460,610 ,941,13,954,1219,0,2,1,2,0,1,0,0.00,78.26 ,50
03,007,00,020,0461,611 ,595,6,601,759,0,2,1,2,0,1,0,0.00,79.18 ,50
03,007,00,020,0462,612 ,1038,13,1051,1378,0,2,1,2,0,1,0,0.00,76.27 ,50
03,007,00,020,0463,613 ,803,5,808,1090,0,2,1,2,0,1,0,0.00,74.13 ,50
03,007,00,020,0464,614 ,849,7,856,1030,0,2,1,2,0,1,0,0.00,83.11 ,50
03,007,00,020,0465,615 ,852,17,869,1094,0,2,1,2,0,1,0,0.00,79.43 ,50
03,007,00,020,0465,616 ,791,5,796,1014,0,2,1,2,0,1,0,0.00,78.50 ,50
03,007,00,020,0465,617 ,891,13,904,1201,0,2,1,2,0,1,0,0.00,75.27 ,50
03,007,00,020,0466,618 ,961,11,972,1310,0,2,1,2,0,1,0,0.00,74.20 ,50
03,007,00,020,0467,619 ,722,19,741,992,0,2,1,2,0,1,0,0.00,74.70 ,50
03,007,00,020,0468,620 ,679,8,687,864,0,2,1,2,0,1,0,0.00,79.51 ,50
03,007,00,020,0469,621 ,858,10,868,1170,0,2,1,2,0,1,0,0.00,74.19 ,50
03,007,00,020,0470,622 ,814,5,819,1019,0,2,1,2,0,1,0,0.00,80.37 ,50
03,007,00,020,0471,623 ,791,12,803,991,0,2,1,2,0,1,0,0.00,81.03 ,50
03,007,00,020,0472,624 ,590,8,598,770,0,2,1,2,0,1,0,0.00,77.66 ,50
03,007,00,021,0473,625 ,865,9,874,1168,0,2,1,2,0,1,0,0.00,74.83 ,50
03,007,00,021,0474,626 ,450,8,458,597,0,2,1,2,0,1,0,0.00,76.72 ,50
03,007,00,021,0475,627 ,1208,18,1226,1581,0,2,1,2,0,1,0,0.00,77.55 ,50
03,007,00,021,0476,628 ,817,7,824,1041,0,2,1,2,0,1,0,0.00,79.15 ,50
03,007,00,021,0477,629 ,836,18,854,1089,0,2,1,2,0,1,0,0.00,78.42 ,50
03,007,00,021,0478,630 ,763,16,779,978,0,2,1,2,0,1,0,0.00,79.65 ,50
03,007,00,021,0479,631 ,825,15,840,1058,0,2,1,2,0,1,0,0.00,79.40 ,50
03,007,00,021,0480,632 ,631,4,635,785,0,2,1,2,0,1,0,0.00,80.89 ,50
03,007,00,021,0481,633 ,482,12,494,631,0,2,1,2,0,1,0,0.00,78.29 ,50
03,007,00,021,0482,634 ,645,10,655,856,0,2,1,2,0,1,0,0.00,76.52 ,50
03,007,00,021,0483,635 ,750,15,765,947,0,2,1,2,0,1,0,0.00,80.78 ,50
03,007,00,021,0484,636 ,886,8,894,1136,0,2,1,2,0,1,0,0.00,78.70 ,50
03,007,00,021,0485,637 ,1259,16,1275,1648,0,2,1,2,0,1,0,0.00,77.37 ,50
03,007,00,021,0486,638 ,600,5,605,751,0,2,1,2,0,1,0,0.00,80.56 ,50
03,007,00,021,0487,639 ,637,10,647,823,0,2,1,2,0,1,0,0.00,78.61 ,50
03,007,00,021,0488,640 ,1095,8,1103,1466,0,2,1,2,0,1,0,0.00,75.24 ,50
03,007,00,021,0489,641 ,1123,20,1143,1450,0,2,1,2,0,1,0,0.00,78.83 ,50
03,007,00,021,0490,642 ,239,1,240,321,0,2,1,2,0,1,0,0.00,74.77 ,50
03,007,00,021,0491,643 ,458,4,462,638,0,2,1,2,0,1,0,0.00,72.41 ,50
03,007,00,021,0492,644 ,463,11,474,610,0,2,1,2,0,1,0,0.00,77.70 ,50
03,007,00,022,0493,645 ,706,11,717,969,0,2,1,2,0,1,0,0.00,73.99 ,50
03,007,00,022,0493,646 ,837,26,863,1169,0,2,1,2,0,1,0,0.00,73.82 ,50
03,007,00,022,0494,647 ,1010,30,1040,1391,0,2,1,2,0,1,0,0.00,74.77 ,50
03,007,00,022,0495,648 ,1122,17,1139,1492,0,2,1,2,0,1,0,0.00,76.34 ,50
03,007,00,022,0496,649 ,680,12,692,935,0,2,1,2,0,1,0,0.00,74.01 ,50
03,007,00,022,0496,650 ,757,11,768,1028,0,2,1,2,0,1,0,0.00,74.71 ,50
03,007,00,022,0497,651 ,772,11,783,1086,0,2,1,2,0,1,0,0.00,72.10 ,50
03,007,00,022,0498,652 ,1097,25,1122,1457,0,2,1,2,0,1,0,0.00,77.01 ,50
03,007,00,022,0499,653 ,1031,16,1047,1344,0,2,1,2,0,1,0,0.00,77.90 ,50
03,007,00,022,0499,654 ,1036,14,1050,1356,0,2,1,2,0,1,0,0.00,77.43 ,50
03,007,00,022,0500,655 ,1146,22,1168,1530,0,2,1,2,0,1,0,0.00,76.34 ,50
03,007,00,022,0501,656 ,468,10,478,663,0,2,1,2,0,1,0,0.00,72.10 ,50
03,007,00,022,0502,657 ,452,4,456,617,0,2,1,2,0,1,0,0.00,73.91 ,50
03,007,00,022,0503,658 ,1129,24,1153,1569,0,2,1,2,0,1,0,0.00,73.49 ,50
03,007,00,022,0504,659 ,830,12,842,1212,0,2,1,2,0,1,0,0.00,69.47 ,50
03,007,00,022,0505,660 ,580,9,589,828,0,2,1,2,0,1,0,0.00,71.14 ,50
03,007,00,022,0506,661 ,526,15,541,759,0,2,1,2,0,1,0,0.00,71.28 ,50
03,007,00,022,0507,662 ,870,15,885,1221,0,2,1,2,0,1,0,0.00,72.48 ,50
03,007,00,022,0508,663 ,641,17,658,935,0,2,1,2,0,1,0,0.00,70.37 ,50
03,007,00,022,0509,664 ,649,14,663,977,0,2,1,2,0,1,0,0.00,67.86 ,50
03,007,00,023,0510,665 ,662,12,674,1114,0,2,1,2,0,1,0,0.00,60.50 ,50
03,007,00,023,0511,666 ,333,1,334,603,0,2,1,2,0,1,0,0.00,55.39 ,50
03,007,00,023,0512,667 ,613,4,617,964,0,2,1,2,0,1,0,0.00,64.00 ,50
03,007,00,023,0513,668 ,411,3,414,710,0,2,1,2,0,1,0,0.00,58.31 ,50
03,007,00,023,0514,669 ,618,6,624,891,0,2,1,2,0,1,0,0.00,70.03 ,50
03,007,00,023,0515,670 ,1126,10,1136,1611,0,2,1,2,0,1,0,0.00,70.52 ,50
03,007,00,023,0516,671 ,894,9,903,1464,0,2,1,2,0,1,0,0.00,61.68 ,50
03,007,00,023,0517,672 ,626,11,637,1147,0,2,1,2,0,1,0,0.00,55.54 ,50
03,007,00,023,0518,673 ,509,6,515,803,0,2,1,2,0,1,0,0.00,64.13 ,50
03,007,00,023,0519,674 ,579,9,588,783,0,2,1,2,0,1,0,0.00,75.10 ,50
03,007,00,023,0520,675 ,685,11,696,1012,0,2,1,2,0,1,0,0.00,68.77 ,50
03,007,00,023,0521,676 ,494,9,503,743,0,2,1,2,0,1,0,0.00,67.70 ,50
03,007,00,023,0522,677 ,456,6,462,703,0,2,1,2,0,1,0,0.00,65.72 ,50
03,007,00,023,0523,678 ,575,4,579,833,0,2,1,2,0,1,0,0.00,69.51 ,50
03,007,00,023,0524,679 ,512,10,522,820,0,2,1,2,0,1,0,0.00,63.66 ,50
03,007,00,023,0525,680 ,817,12,829,1315,0,2,1,2,0,1,0,0.00,63.04 ,50
03,007,00,023,0526,681 ,515,6,521,759,0,2,1,2,0,1,0,0.00,68.64 ,50
03,007,00,023,0527,682 ,955,2,957,1315,0,2,1,2,0,1,0,0.00,72.78 ,50
03,007,00,023,0528,683 ,389,7,396,642,0,2,1,2,0,1,0,0.00,61.68 ,50
03,007,00,023,0529,684 ,929,5,934,1315,0,2,1,2,0,1,0,0.00,71.03 ,50
03,007,00,023,0530,685 ,683,17,700,950,0,2,1,2,0,1,0,0.00,73.68 ,50
03,007,00,023,0530,686 ,691,7,698,971,0,2,1,2,0,1,0,0.00,71.88 ,50
03,007,00,023,0531,687 ,494,7,501,737,0,2,1,2,0,1,0,0.00,67.98 ,50
03,007,00,023,0532,688 ,650,8,658,975,0,2,1,2,0,1,0,0.00,67.49 ,50
03,007,00,023,0533,689 ,852,9,861,1319,0,2,1,2,0,1,0,0.00,65.28 ,50
03,007,00,023,0534,690 ,952,13,965,1358,0,2,1,2,0,1,0,0.00,71.06 ,50
03,007,00,023,0534,691 ,806,10,816,1172,0,2,1,2,0,1,0,0.00,69.62 ,50
03,007,00,023,0535,692 ,688,15,703,1075,0,2,1,2,0,1,0,0.00,65.40 ,50
03,007,00,023,0535,693 ,572,6,578,915,0,2,1,2,0,1,0,0.00,63.17 ,50
03,007,00,024,0536,694 ,891,12,903,1462,0,2,1,2,0,1,0,0.00,61.76 ,50
03,007,00,024,0537,695 ,901,9,910,1432,0,2,1,2,0,1,0,0.00,63.55 ,50
03,007,00,024,0538,696 ,561,11,572,854,0,2,1,2,0,1,0,0.00,66.98 ,50
03,007,00,024,0539,697 ,849,17,866,1257,0,2,1,2,0,1,0,0.00,68.89 ,50
03,007,00,024,0540,698 ,754,9,763,1064,0,2,1,2,0,1,0,0.00,71.71 ,50
03,007,00,024,0541,699 ,401,3,404,644,0,2,1,2,0,1,0,0.00,62.73 ,50
03,007,00,024,0541,700 ,366,4,370,519,0,2,1,2,0,1,0,0.00,71.29 ,50
03,007,00,024,0542,701 ,469,2,471,778,0,2,1,2,0,1,0,0.00,60.54 ,50
03,007,00,024,0543,702 ,305,12,317,482,0,2,1,2,0,1,0,0.00,65.77 ,50
03,007,00,024,0543,703 ,497,5,502,762,0,2,1,2,0,1,0,0.00,65.88 ,50
03,007,00,024,0544,704 ,563,6,569,869,0,2,1,2,0,1,0,0.00,65.48 ,50
03,007,00,024,0545,705 ,464,2,466,761,0,2,1,2,0,1,0,0.00,61.24 ,50
03,007,00,024,0546,706 ,756,5,761,1195,0,2,1,2,0,1,0,0.00,63.68 ,50
03,007,00,024,0547,707 ,817,11,828,1332,0,2,1,2,0,1,0,0.00,62.16 ,50
03,007,00,024,0548,708 ,655,10,665,1081,0,2,1,2,0,1,0,0.00,61.52 ,50
03,007,00,024,0549,709 ,541,5,546,862,0,2,1,2,0,1,0,0.00,63.34 ,50
03,007,00,024,0550,710 ,639,12,651,1045,0,2,1,2,0,1,0,0.00,62.30 ,50
03,007,00,025,0551,711 ,715,11,726,1006,0,2,1,2,0,1,0,0.00,72.17 ,50
03,007,00,025,0552,712 ,1213,11,1224,1571,0,2,1,2,0,1,0,0.00,77.91 ,50
03,007,00,025,0553,713 ,613,5,618,836,0,2,1,2,0,1,0,0.00,73.92 ,50
03,007,00,025,0554,714 ,592,5,597,803,0,2,1,2,0,1,0,0.00,74.35 ,50
03,007,00,025,0555,715 ,1007,19,1026,1432,0,2,1,2,0,1,0,0.00,71.65 ,50
03,007,00,025,0556,716 ,439,8,447,640,0,2,1,2,0,1,0,0.00,69.84 ,50
03,007,00,025,0557,717 ,666,11,677,936,0,2,1,2,0,1,0,0.00,72.33 ,50
03,007,00,025,0558,718 ,838,7,845,1217,0,2,1,2,0,1,0,0.00,69.43 ,50
03,007,00,025,0559,719 ,400,8,408,577,0,2,1,2,0,1,0,0.00,70.71 ,50
03,007,00,025,0560,720 ,626,4,630,889,0,2,1,2,0,1,0,0.00,70.87 ,50
03,007,00,025,0561,721 ,499,7,506,744,0,2,1,2,0,1,0,0.00,68.01 ,50
03,007,00,025,0562,722 ,464,0,464,667,0,2,1,2,0,1,0,0.00,69.57 ,50
03,007,00,025,0563,723 ,539,6,545,797,0,2,1,2,0,1,0,0.00,68.38 ,50
03,007,00,025,0564,724 ,488,4,492,745,0,2,1,2,0,1,0,0.00,66.04 ,50
03,007,00,026,0565,725 ,494,8,502,682,0,2,1,2,0,1,0,0.00,73.61 ,50
03,007,00,026,0565,726 ,749,13,762,1041,0,2,1,2,0,1,0,0.00,73.20 ,50
03,007,00,026,0566,727 ,459,9,468,632,0,2,1,2,0,1,0,0.00,74.05 ,50
03,007,00,026,0567,728 ,720,10,730,956,0,2,1,2,0,1,0,0.00,76.36 ,50
03,007,00,026,0568,729 ,627,7,634,757,0,2,1,2,0,1,0,0.00,83.75 ,50
03,007,00,026,0568,730 ,661,11,672,858,0,2,1,2,0,1,0,0.00,78.32 ,50
03,007,00,026,0569,731 ,904,14,918,1172,0,2,1,2,0,1,0,0.00,78.33 ,50
03,007,00,026,0570,732 ,619,13,632,815,0,2,1,2,0,1,0,0.00,77.55 ,50
03,007,00,026,0570,733 ,681,12,693,881,0,2,1,2,0,1,0,0.00,78.66 ,50
03,007,00,026,0571,734 ,890,10,900,1171,0,2,1,2,0,1,0,0.00,76.86 ,50
03,007,00,026,0572,735 ,974,15,989,1340,0,2,1,2,0,1,0,0.00,73.81 ,50
03,007,00,026,0573,736 ,743,14,757,1052,0,2,1,2,0,1,0,0.00,71.96 ,50
03,007,00,026,0573,737 ,644,10,654,898,0,2,1,2,0,1,0,0.00,72.83 ,50
03,007,00,026,0574,738 ,647,10,657,896,0,2,1,2,0,1,0,0.00,73.33 ,50
03,007,00,026,0574,739 ,600,8,608,825,0,2,1,2,0,1,0,0.00,73.70 ,50
03,007,00,026,0575,740 ,659,11,670,935,0,2,1,2,0,1,0,0.00,71.66 ,50
03,007,00,026,0575,741 ,651,11,662,945,0,2,1,2,0,1,0,0.00,70.05 ,50
03,007,00,026,0576,742 ,591,9,600,777,0,2,1,2,0,1,0,0.00,77.22 ,50
03,007,00,026,0577,743 ,738,18,756,1052,0,2,1,2,0,1,0,0.00,71.86 ,50
03,007,00,026,0578,744 ,670,7,677,952,0,2,1,2,0,1,0,0.00,71.11 ,50
03,007,00,026,0579,745 ,485,11,496,730,0,2,1,2,0,1,0,0.00,67.95 ,50
03,007,00,026,0580,746 ,624,8,632,860,0,2,1,2,0,1,0,0.00,73.49 ,50
03,007,00,026,0581,747 ,849,21,870,1166,0,2,1,2,0,1,0,0.00,74.61 ,50
03,007,00,026,0582,748 ,651,10,661,877,0,2,1,2,0,1,0,0.00,75.37 ,50
03,007,00,026,0583,749 ,749,9,758,1163,0,2,1,2,0,1,0,0.00,65.18 ,50
03,008,00,001,0001,1 ,723,7,730,972,0,2,1,2,0,1,0,0.00,75.10 ,50
03,008,00,001,0002,2 ,998,10,1008,1293,0,2,1,2,0,1,0,0.00,77.96 ,50
03,008,00,001,0003,3 ,602,3,605,772,0,2,1,2,0,1,0,0.00,78.37 ,50
03,008,00,001,0004,4 ,471,6,477,578,0,2,1,2,0,1,0,0.00,82.53 ,50
03,008,00,001,0005,5 ,581,2,583,752,0,2,1,2,0,1,0,0.00,77.53 ,50
03,008,00,001,0006,6 ,351,1,352,437,0,2,1,2,0,1,0,0.00,80.55 ,50
03,008,00,001,0007,7 ,799,6,805,1066,0,2,1,2,0,1,0,0.00,75.52 ,50
03,008,00,001,0008,8 ,869,6,875,1149,0,2,1,2,0,1,0,0.00,76.15 ,50
03,008,00,001,0008,9 ,646,6,652,871,0,2,1,2,0,1,0,0.00,74.86 ,50
03,008,00,001,0008,10 ,1207,12,1219,1572,0,2,1,2,0,1,0,0.00,77.54 ,50
03,008,00,001,0009,11 ,1028,8,1036,1302,0,2,1,2,0,1,0,0.00,79.57 ,50
03,008,00,001,0009,12 ,1169,11,1180,1477,0,2,1,2,0,1,0,0.00,79.89 ,50
03,008,00,001,0010,13 ,1153,20,1173,1544,0,2,1,2,0,1,0,0.00,75.97 ,50
03,008,00,001,0011,14 ,1134,12,1146,1442,0,2,1,2,0,1,0,0.00,79.47 ,50
03,008,00,001,0011,15 ,672,8,680,876,0,2,1,2,0,1,0,0.00,77.63 ,50
03,008,00,001,0012,16 ,1294,7,1301,1708,0,2,1,2,0,1,0,0.00,76.17 ,50
03,008,00,001,0012,17 ,1295,9,1304,1645,0,2,1,2,0,1,0,0.00,79.27 ,50
03,008,00,001,0012,18 ,1199,5,1204,1516,0,2,1,2,0,1,0,0.00,79.42 ,50
03,008,00,001,0013,19 ,393,3,396,535,0,2,1,2,0,1,0,0.00,74.02 ,50
03,008,00,001,0013,20 ,1043,13,1056,1420,0,2,1,2,0,1,0,0.00,74.37 ,50
03,008,00,001,0014,21 ,632,7,639,825,0,2,1,2,0,1,0,0.00,77.45 ,50
03,008,00,001,0015,22 ,1220,13,1233,1572,0,2,1,2,0,1,0,0.00,78.44 ,50
03,008,00,001,0015,23 ,1120,10,1130,1465,0,2,1,2,0,1,0,0.00,77.13 ,50
03,008,00,001,0015,24 ,255,1,256,310,0,2,1,2,0,1,0,0.00,82.58 ,50
03,008,00,001,0016,25 ,346,5,351,449,0,2,1,2,0,1,0,0.00,78.17 ,50
03,008,00,001,0017,26 ,794,9,803,988,0,2,1,2,0,1,0,0.00,81.28 ,50
03,008,00,001,0017,27 ,689,6,695,852,0,2,1,2,0,1,0,0.00,81.57 ,50
03,008,00,001,0018,28 ,1221,6,1227,1486,0,2,1,2,0,1,0,0.00,82.57 ,50
03,008,00,001,0018,29 ,1103,7,1110,1365,0,2,1,2,0,1,0,0.00,81.32 ,50
03,008,00,001,0018,30 ,1089,6,1095,1333,0,2,1,2,0,1,0,0.00,82.15 ,50
03,008,00,001,0019,31 ,1445,9,1454,1827,0,2,1,2,0,1,0,0.00,79.58 ,50
03,008,00,001,0019,32 ,1315,9,1324,1612,0,2,1,2,0,1,0,0.00,82.13 ,50
03,008,00,001,0019,33 ,411,4,415,479,0,2,1,2,0,1,0,0.00,86.64 ,50
03,008,00,001,0020,34 ,1031,17,1048,1245,0,2,1,2,0,1,0,0.00,84.18 ,50
03,008,00,001,0021,35 ,494,3,497,615,0,2,1,2,0,1,0,0.00,80.81 ,50
03,008,00,001,0022,36 ,686,6,692,894,0,2,1,2,0,1,0,0.00,77.40 ,50
03,008,00,001,0022,37 ,924,5,929,1192,0,2,1,2,0,1,0,0.00,77.94 ,50
03,008,00,001,0023,38 ,911,8,919,1117,0,2,1,2,0,1,0,0.00,82.27 ,50
03,008,00,001,0023,39 ,973,10,983,1193,0,2,1,2,0,1,0,0.00,82.40 ,50
03,008,00,001,0024,40 ,630,3,633,801,0,2,1,2,0,1,0,0.00,79.03 ,50
03,008,00,001,0024,41 ,752,3,755,913,0,2,1,2,0,1,0,0.00,82.69 ,50
03,008,00,001,0025,42 ,754,5,759,946,0,2,1,2,0,1,0,0.00,80.23 ,50
03,008,00,001,0025,43 ,909,8,917,1133,0,2,1,2,0,1,0,0.00,80.94 ,50
03,008,00,001,0026,44 ,827,8,835,1046,0,2,1,2,0,1,0,0.00,79.83 ,50
03,008,00,001,0026,45 ,952,3,955,1206,0,2,1,2,0,1,0,0.00,79.19 ,50
03,008,00,001,0026,46 ,998,7,1005,1244,0,2,1,2,0,1,0,0.00,80.79 ,50
03,008,00,001,0026,47 ,1253,9,1262,1568,0,2,1,2,0,1,0,0.00,80.48 ,50
03,008,00,001,0027,48 ,933,6,939,1267,0,2,1,2,0,1,0,0.00,74.11 ,50
03,008,00,001,0027,49 ,929,10,939,1231,0,2,1,2,0,1,0,0.00,76.28 ,50
03,008,00,001,0027,50 ,622,6,628,820,0,2,1,2,0,1,0,0.00,76.59 ,50
03,008,00,001,0028,51 ,920,8,928,1185,0,2,1,2,0,1,0,0.00,78.31 ,50
03,008,00,001,0028,52 ,1090,5,1095,1396,0,2,1,2,0,1,0,0.00,78.44 ,50
03,008,00,001,0029,53 ,898,6,904,1135,0,2,1,2,0,1,0,0.00,79.65 ,50
03,008,00,001,0029,54 ,692,12,704,923,0,2,1,2,0,1,0,0.00,76.27 ,50
03,008,00,001,0030,55 ,831,8,839,1076,0,2,1,2,0,1,0,0.00,77.97 ,50
03,008,00,001,0030,56 ,959,9,968,1300,0,2,1,2,0,1,0,0.00,74.46 ,50
03,008,00,001,0031,57 ,879,12,891,1254,0,2,1,2,0,1,0,0.00,71.05 ,50
03,008,00,001,0032,58 ,596,4,600,745,0,2,1,2,0,1,0,0.00,80.54 ,50
03,008,00,001,0033,59 ,586,1,587,785,0,2,1,2,0,1,0,0.00,74.78 ,50
03,008,00,001,0034,60 ,1159,10,1169,1510,0,2,1,2,0,1,0,0.00,77.42 ,50
03,008,00,002,0035,61 ,711,8,719,1008,0,2,1,2,0,1,0,0.00,71.33 ,50
03,008,00,002,0035,62 ,848,6,854,1130,0,2,1,2,0,1,0,0.00,75.58 ,50
03,008,00,002,0035,63 ,709,11,720,974,0,2,1,2,0,1,0,0.00,73.92 ,50
03,008,00,002,0036,64 ,740,9,749,1021,0,2,1,2,0,1,0,0.00,73.36 ,50
03,008,00,002,0036,65 ,839,6,845,1132,0,2,1,2,0,1,0,0.00,74.65 ,50
03,008,00,002,0036,66 ,750,3,753,1027,0,2,1,2,0,1,0,0.00,73.32 ,50
03,008,00,002,0037,67 ,737,5,742,996,0,2,1,2,0,1,0,0.00,74.50 ,50
03,008,00,002,0038,68 ,794,2,796,1095,0,2,1,2,0,1,0,0.00,72.69 ,50
03,008,00,002,0038,69 ,991,9,1000,1376,0,2,1,2,0,1,0,0.00,72.67 ,50
03,008,00,002,0039,70 ,1146,9,1155,1537,0,2,1,2,0,1,0,0.00,75.15 ,50
03,008,00,002,0039,71 ,1070,7,1077,1434,0,2,1,2,0,1,0,0.00,75.10 ,50
03,008,00,002,0040,72 ,1246,9,1255,1714,0,2,1,2,0,1,0,0.00,73.22 ,50
03,008,00,002,0041,73 ,663,8,671,902,0,2,1,2,0,1,0,0.00,74.39 ,50
03,008,00,002,0041,74 ,672,6,678,898,0,2,1,2,0,1,0,0.00,75.50 ,50
03,008,00,002,0042,75 ,814,14,828,1091,0,2,1,2,0,1,0,0.00,75.89 ,50
03,008,00,002,0042,76 ,749,13,762,1093,0,2,1,2,0,1,0,0.00,69.72 ,50
03,008,00,002,0043,77 ,809,8,817,1110,0,2,1,2,0,1,0,0.00,73.60 ,50
03,008,00,002,0043,78 ,726,8,734,1028,0,2,1,2,0,1,0,0.00,71.40 ,50
03,008,00,002,0043,79 ,937,11,948,1373,0,2,1,2,0,1,0,0.00,69.05 ,50
03,008,00,002,0044,80 ,1066,8,1074,1380,0,2,1,2,0,1,0,0.00,77.83 ,50
03,008,00,002,0045,81 ,978,6,984,1336,0,2,1,2,0,1,0,0.00,73.65 ,50
03,008,00,002,0045,82 ,922,13,935,1199,0,2,1,2,0,1,0,0.00,77.98 ,50
03,008,00,002,0045,83 ,888,12,900,1198,0,2,1,2,0,1,0,0.00,75.13 ,50
03,008,00,002,0045,84 ,1074,5,1079,1429,0,2,1,2,0,1,0,0.00,75.51 ,50
03,008,00,002,0046,85 ,566,1,567,748,0,2,1,2,0,1,0,0.00,75.80 ,50
03,008,00,002,0047,86 ,797,5,802,1045,0,2,1,2,0,1,0,0.00,76.75 ,50
03,008,00,002,0047,87 ,824,3,827,1072,0,2,1,2,0,1,0,0.00,77.15 ,50
03,008,00,002,0048,88 ,910,9,919,1250,0,2,1,2,0,1,0,0.00,73.52 ,50
03,008,00,002,0048,89 ,634,9,643,851,0,2,1,2,0,1,0,0.00,75.56 ,50
03,008,00,002,0048,90 ,938,17,955,1384,0,2,1,2,0,1,0,0.00,69.00 ,50
03,008,00,002,0048,91 ,1006,12,1018,1371,0,2,1,2,0,1,0,0.00,74.25 ,50
03,008,00,002,0049,92 ,1052,15,1067,1519,0,2,1,2,0,1,0,0.00,70.24 ,50
03,008,00,002,0049,93 ,758,8,766,1062,0,2,1,2,0,1,0,0.00,72.13 ,50
03,008,00,002,0050,94 ,689,10,699,928,0,2,1,2,0,1,0,0.00,75.32 ,50
03,008,00,002,0051,95 ,685,8,693,931,0,2,1,2,0,1,0,0.00,74.44 ,50
03,008,00,002,0052,96 ,533,5,538,717,0,2,1,2,0,1,0,0.00,75.03 ,50
03,008,00,002,0053,97 ,673,10,683,942,0,2,1,2,0,1,0,0.00,72.51 ,50
03,008,00,002,0054,98 ,259,1,260,370,0,2,1,2,0,1,0,0.00,70.27 ,50
03,008,00,002,0055,99 ,863,9,872,1229,0,2,1,2,0,1,0,0.00,70.95 ,50
03,008,00,002,0056,100 ,917,8,925,1224,0,2,1,2,0,1,0,0.00,75.57 ,50
03,008,00,002,0057,101 ,1105,5,1110,1508,0,2,1,2,0,1,0,0.00,73.61 ,50
03,008,00,002,0058,102 ,631,9,640,839,0,2,1,2,0,1,0,0.00,76.28 ,50
03,008,00,002,0058,103 ,238,1,239,313,0,2,1,2,0,1,0,0.00,76.36 ,50
03,008,00,002,0059,104 ,533,5,538,686,0,2,1,2,0,1,0,0.00,78.43 ,50
03,008,00,002,0060,105 ,555,4,559,826,0,2,1,2,0,1,0,0.00,67.68 ,50
03,008,00,002,0061,106 ,900,6,906,1231,0,2,1,2,0,1,0,0.00,73.60 ,50
03,008,00,002,0061,107 ,178,2,180,271,0,2,1,2,0,1,0,0.00,66.42 ,50
03,008,00,002,0062,108 ,744,6,750,1131,0,2,1,2,0,1,0,0.00,66.31 ,50
03,008,00,002,0063,109 ,448,11,459,636,0,2,1,2,0,1,0,0.00,72.17 ,50
03,008,00,002,0064,110 ,674,4,678,954,0,2,1,2,0,1,0,0.00,71.07 ,50
03,008,00,002,0065,111 ,751,10,761,1037,0,2,1,2,0,1,0,0.00,73.38 ,50
03,008,00,002,0065,112 ,986,12,998,1340,0,2,1,2,0,1,0,0.00,74.48 ,50
03,008,00,002,0066,113 ,822,9,831,1090,0,2,1,2,0,1,0,0.00,76.24 ,50
03,008,00,002,0067,114 ,703,5,708,950,0,2,1,2,0,1,0,0.00,74.53 ,50
03,008,00,002,0067,115 ,666,9,675,902,0,2,1,2,0,1,0,0.00,74.83 ,50
03,008,00,002,0067,116 ,429,5,434,625,0,2,1,2,0,1,0,0.00,69.44 ,50
03,008,00,003,0068,117 ,1317,11,1328,1703,0,2,1,2,0,1,0,0.00,77.98 ,50
03,008,00,003,0069,118 ,776,9,785,1008,0,2,1,2,0,1,0,0.00,77.88 ,50
03,008,00,003,0069,119 ,829,5,834,1064,0,2,1,2,0,1,0,0.00,78.38 ,50
03,008,00,003,0069,120 ,752,4,756,981,0,2,1,2,0,1,0,0.00,77.06 ,50
03,008,00,003,0070,121 ,768,8,776,963,0,2,1,2,0,1,0,0.00,80.58 ,50
03,008,00,003,0070,122 ,772,2,774,956,0,2,1,2,0,1,0,0.00,80.96 ,50
03,008,00,003,0071,123 ,562,5,567,726,0,2,1,2,0,1,0,0.00,78.10 ,50
03,008,00,003,0072,124 ,1161,4,1165,1449,0,2,1,2,0,1,0,0.00,80.40 ,50
03,008,00,003,0073,125 ,768,5,773,992,0,2,1,2,0,1,0,0.00,77.92 ,50
03,008,00,003,0073,126 ,1019,8,1027,1282,0,2,1,2,0,1,0,0.00,80.11 ,50
03,008,00,003,0074,127 ,962,17,979,1235,0,2,1,2,0,1,0,0.00,79.27 ,50
03,008,00,003,0074,128 ,931,13,944,1203,0,2,1,2,0,1,0,0.00,78.47 ,50
03,008,00,003,0074,129 ,889,6,895,1128,0,2,1,2,0,1,0,0.00,79.34 ,50
03,008,00,003,0074,130 ,784,5,789,993,0,2,1,2,0,1,0,0.00,79.46 ,50
03,008,00,003,0075,131 ,1184,20,1204,1535,0,2,1,2,0,1,0,0.00,78.44 ,50
03,008,00,003,0075,132 ,1380,7,1387,1770,0,2,1,2,0,1,0,0.00,78.36 ,50
03,008,00,003,0075,133 ,1250,12,1262,1527,0,2,1,2,0,1,0,0.00,82.65 ,50
03,008,00,003,0076,134 ,1078,5,1083,1351,0,2,1,2,0,1,0,0.00,80.16 ,50
03,008,00,003,0076,135 ,1013,13,1026,1287,0,2,1,2,0,1,0,0.00,79.72 ,50
03,008,00,003,0077,136 ,925,7,932,1139,0,2,1,2,0,1,0,0.00,81.83 ,50
03,008,00,003,0077,137 ,689,5,694,883,0,2,1,2,0,1,0,0.00,78.60 ,50
03,008,00,003,0078,138 ,1116,24,1140,1470,0,2,1,2,0,1,0,0.00,77.55 ,50
03,008,00,003,0078,139 ,1030,6,1036,1378,0,2,1,2,0,1,0,0.00,75.18 ,50
03,008,00,003,0079,140 ,702,5,707,879,0,2,1,2,0,1,0,0.00,80.43 ,50
03,008,00,003,0079,141 ,466,1,467,596,0,2,1,2,0,1,0,0.00,78.36 ,50
03,008,00,003,0080,142 ,1007,9,1016,1304,0,2,1,2,0,1,0,0.00,77.91 ,50
03,008,00,003,0080,143 ,1021,14,1035,1338,0,2,1,2,0,1,0,0.00,77.35 ,50
03,008,00,003,0081,144 ,1099,2,1101,1362,0,2,1,2,0,1,0,0.00,80.84 ,50
03,008,00,003,0081,145 ,740,6,746,988,0,2,1,2,0,1,0,0.00,75.51 ,50
03,008,00,003,0081,146 ,572,24,596,798,0,2,1,2,0,1,0,0.00,74.69 ,50
03,008,00,003,0081,147 ,814,5,819,1068,0,2,1,2,0,1,0,0.00,76.69 ,50
03,008,00,003,0082,148 ,1108,13,1121,1462,0,2,1,2,0,1,0,0.00,76.68 ,50
03,008,00,003,0082,149 ,1194,21,1215,1595,0,2,1,2,0,1,0,0.00,76.18 ,50
03,008,00,003,0083,150 ,932,11,943,1228,0,2,1,2,0,1,0,0.00,76.79 ,50
03,008,00,003,0083,151 ,911,10,921,1235,0,2,1,2,0,1,0,0.00,74.57 ,50
03,008,00,003,0084,152 ,1297,22,1319,1702,0,2,1,2,0,1,0,0.00,77.50 ,50
03,008,00,003,0085,153 ,824,9,833,1071,0,2,1,2,0,1,0,0.00,77.78 ,50
03,008,00,003,0086,154 ,970,14,984,1222,0,2,1,2,0,1,0,0.00,80.52 ,50
03,008,00,003,0086,155 ,621,9,630,823,0,2,1,2,0,1,0,0.00,76.55 ,50
03,008,00,003,0087,156 ,886,4,890,1117,0,2,1,2,0,1,0,0.00,79.68 ,50
03,008,00,003,0087,157 ,1022,6,1028,1355,0,2,1,2,0,1,0,0.00,75.87 ,50
03,008,00,003,0087,158 ,409,1,410,513,0,2,1,2,0,1,0,0.00,79.92 ,50
03,008,00,003,0087,159 ,515,2,517,678,0,2,1,2,0,1,0,0.00,76.25 ,50
03,008,00,003,0088,160 ,998,7,1005,1279,0,2,1,2,0,1,0,0.00,78.58 ,50
03,008,00,003,0088,161 ,388,2,390,512,0,2,1,2,0,1,0,0.00,76.17 ,50
03,008,00,003,0089,162 ,696,4,700,902,0,2,1,2,0,1,0,0.00,77.61 ,50
03,008,00,003,0089,163 ,597,8,605,784,0,2,1,2,0,1,0,0.00,77.17 ,50
03,008,00,003,0090,164 ,1277,6,1283,1656,0,2,1,2,0,1,0,0.00,77.48 ,50
03,008,00,003,0090,165 ,854,12,866,1118,0,2,1,2,0,1,0,0.00,77.46 ,50
03,008,00,003,0091,166 ,756,0,756,969,0,2,1,2,0,1,0,0.00,78.02 ,50
03,008,00,003,0092,167 ,1108,16,1124,1538,0,2,1,2,0,1,0,0.00,73.08 ,50
03,008,00,003,0093,168 ,706,3,709,946,0,2,1,2,0,1,0,0.00,74.95 ,50
03,008,00,003,0094,169 ,765,4,769,1094,0,2,1,2,0,1,0,0.00,70.29 ,50
03,008,00,003,0094,170 ,855,9,864,1173,0,2,1,2,0,1,0,0.00,73.66 ,50
03,008,00,004,0095,171 ,929,3,932,1255,0,2,1,2,0,1,0,0.00,74.26 ,50
03,008,00,004,0095,172 ,787,7,794,1050,0,2,1,2,0,1,0,0.00,75.62 ,50
03,008,00,004,0096,173 ,576,8,584,791,0,2,1,2,0,1,0,0.00,73.83 ,50
03,008,00,004,0097,174 ,845,6,851,1128,0,2,1,2,0,1,0,0.00,75.44 ,50
03,008,00,004,0097,175 ,1061,9,1070,1507,0,2,1,2,0,1,0,0.00,71.00 ,50
03,008,00,004,0097,176 ,1162,9,1171,1599,0,2,1,2,0,1,0,0.00,73.23 ,50
03,008,00,004,0098,177 ,1081,7,1088,1520,0,2,1,2,0,1,0,0.00,71.58 ,50
03,008,00,004,0098,178 ,1108,14,1122,1588,0,2,1,2,0,1,0,0.00,70.65 ,50
03,008,00,004,0099,179 ,530,7,537,763,0,2,1,2,0,1,0,0.00,70.38 ,50
03,008,00,004,0099,180 ,834,7,841,1198,0,2,1,2,0,1,0,0.00,70.20 ,50
03,008,00,004,0100,181 ,1097,10,1107,1605,0,2,1,2,0,1,0,0.00,68.97 ,50
03,008,00,004,0100,182 ,1144,9,1153,1605,0,2,1,2,0,1,0,0.00,71.84 ,50
03,008,00,004,0101,183 ,338,2,340,513,0,2,1,2,0,1,0,0.00,66.28 ,50
03,008,00,004,0101,184 ,254,1,255,373,0,2,1,2,0,1,0,0.00,68.36 ,50
03,008,00,004,0102,185 ,692,5,697,961,0,2,1,2,0,1,0,0.00,72.53 ,50
03,008,00,004,0103,186 ,874,6,880,1191,0,2,1,2,0,1,0,0.00,73.89 ,50
03,008,00,004,0104,187 ,233,4,237,325,0,2,1,2,0,1,0,0.00,72.92 ,50
03,008,00,004,0104,188 ,187,0,187,261,0,2,1,2,0,1,0,0.00,71.65 ,50
03,008,00,004,0104,189 ,201,1,202,275,0,2,1,2,0,1,0,0.00,73.45 ,50
03,008,00,004,0105,190 ,119,0,119,173,0,2,1,2,0,1,0,0.00,68.79 ,50
03,008,00,004,0106,191 ,913,6,919,1274,0,2,1,2,0,1,0,0.00,72.14 ,50
03,008,00,004,0106,192 ,861,7,868,1247,0,2,1,2,0,1,0,0.00,69.61 ,50
03,008,00,004,0106,193 ,824,6,830,1133,0,2,1,2,0,1,0,0.00,73.26 ,50
03,008,00,004,0107,194 ,1062,13,1075,1502,0,2,1,2,0,1,0,0.00,71.57 ,50
03,008,00,004,0107,195 ,903,12,915,1283,0,2,1,2,0,1,0,0.00,71.32 ,50
03,008,00,004,0108,196 ,460,6,466,643,0,2,1,2,0,1,0,0.00,72.47 ,50
03,008,00,004,0108,197 ,664,5,669,947,0,2,1,2,0,1,0,0.00,70.64 ,50
03,008,00,004,0109,198 ,784,7,791,1112,0,2,1,2,0,1,0,0.00,71.13 ,50
03,008,00,004,0109,199 ,714,7,721,927,0,2,1,2,0,1,0,0.00,77.78 ,50
03,008,00,004,0109,200 ,426,2,428,568,0,2,1,2,0,1,0,0.00,75.35 ,50
03,008,00,004,0110,201 ,467,2,469,663,0,2,1,2,0,1,0,0.00,70.74 ,50
03,008,00,004,0111,202 ,868,6,874,1229,0,2,1,2,0,1,0,0.00,71.11 ,50
03,008,00,004,0111,203 ,519,5,524,713,0,2,1,2,0,1,0,0.00,73.49 ,50
03,008,00,004,0112,204 ,603,9,612,866,0,2,1,2,0,1,0,0.00,70.67 ,50
03,008,00,004,0113,205 ,1038,12,1050,1493,0,2,1,2,0,1,0,0.00,70.33 ,50
03,008,00,004,0114,206 ,529,5,534,742,0,2,1,2,0,1,0,0.00,71.97 ,50
03,008,00,004,0115,207 ,313,5,318,469,0,2,1,2,0,1,0,0.00,67.80 ,50
03,008,00,004,0115,208 ,153,0,153,222,0,2,1,2,0,1,0,0.00,68.92 ,50
03,008,00,004,0116,209 ,797,9,806,1142,0,2,1,2,0,1,0,0.00,70.58 ,50
03,008,00,004,0117,210 ,280,0,280,402,0,2,1,2,0,1,0,0.00,69.65 ,50
03,008,00,004,0117,211 ,354,2,356,496,0,2,1,2,0,1,0,0.00,71.77 ,50
03,008,00,004,0118,212 ,147,1,148,208,0,2,1,2,0,1,0,0.00,71.15 ,50
03,008,00,004,0118,213 ,259,5,264,382,0,2,1,2,0,1,0,0.00,69.11 ,50
03,008,00,004,0119,214 ,418,1,419,592,0,2,1,2,0,1,0,0.00,70.78 ,50
03,008,00,004,0119,215 ,246,8,254,393,0,2,1,2,0,1,0,0.00,64.63 ,50
03,008,00,004,0120,216 ,421,2,423,617,0,2,1,2,0,1,0,0.00,68.56 ,50
03,008,00,004,0121,217 ,538,7,545,831,0,2,1,2,0,1,0,0.00,65.58 ,50
03,008,00,004,0122,218 ,395,7,402,616,0,2,1,2,0,1,0,0.00,65.26 ,50
03,008,00,004,0122,219 ,315,4,319,461,0,2,1,2,0,1,0,0.00,69.20 ,50
03,008,00,005,0123,220 ,663,4,667,892,0,2,1,2,0,1,0,0.00,74.78 ,50
03,008,00,005,0124,221 ,720,11,731,1024,0,2,1,2,0,1,0,0.00,71.39 ,50
03,008,00,005,0125,222 ,450,6,456,601,0,2,1,2,0,1,0,0.00,75.87 ,50
03,008,00,005,0126,223 ,848,11,859,1149,0,2,1,2,0,1,0,0.00,74.76 ,50
03,008,00,005,0127,224 ,391,2,393,544,0,2,1,2,0,1,0,0.00,72.24 ,50
03,008,00,005,0128,225 ,360,4,364,454,0,2,1,2,0,1,0,0.00,80.18 ,50
03,008,00,005,0129,226 ,710,7,717,932,0,2,1,2,0,1,0,0.00,76.93 ,50
03,008,00,005,0130,227 ,932,16,948,1268,0,2,1,2,0,1,0,0.00,74.76 ,50
03,008,00,005,0131,228 ,642,4,646,817,0,2,1,2,0,1,0,0.00,79.07 ,50
03,008,00,005,0132,229 ,405,5,410,556,0,2,1,2,0,1,0,0.00,73.74 ,50
03,008,00,005,0133,230 ,301,3,304,409,0,2,1,2,0,1,0,0.00,74.33 ,50
03,008,00,005,0133,231 ,289,2,291,443,0,2,1,2,0,1,0,0.00,65.69 ,50
03,008,00,006,0134,232 ,751,6,757,997,0,2,1,2,0,1,0,0.00,75.93 ,50
03,008,00,006,0135,233 ,848,7,855,1180,0,2,1,2,0,1,0,0.00,72.46 ,50
03,008,00,006,0135,234 ,1003,7,1010,1422,0,2,1,2,0,1,0,0.00,71.03 ,50
03,008,00,006,0136,235 ,463,7,470,684,0,2,1,2,0,1,0,0.00,68.71 ,50
03,008,00,006,0136,236 ,832,8,840,1118,0,2,1,2,0,1,0,0.00,75.13 ,50
03,008,00,006,0137,237 ,1098,16,1114,1520,0,2,1,2,0,1,0,0.00,73.29 ,50
03,008,00,006,0138,238 ,741,8,749,1007,0,2,1,2,0,1,0,0.00,74.38 ,50
03,008,00,006,0139,239 ,724,10,734,986,0,2,1,2,0,1,0,0.00,74.44 ,50
03,008,00,006,0140,240 ,1030,9,1039,1349,0,2,1,2,0,1,0,0.00,77.02 ,50
03,008,00,006,0140,241 ,644,3,647,875,0,2,1,2,0,1,0,0.00,73.94 ,50
03,008,00,006,0140,242 ,594,7,601,828,0,2,1,2,0,1,0,0.00,72.58 ,50
03,008,00,006,0141,243 ,556,8,564,777,0,2,1,2,0,1,0,0.00,72.59 ,50
03,008,00,006,0141,244 ,566,3,569,802,0,2,1,2,0,1,0,0.00,70.95 ,50
03,008,00,006,0142,245 ,583,6,589,769,0,2,1,2,0,1,0,0.00,76.59 ,50
03,008,00,006,0143,246 ,746,49,795,1034,0,2,1,2,0,1,0,0.00,76.89 ,50
03,008,00,006,0144,247 ,743,12,755,1053,0,2,1,2,0,1,0,0.00,71.70 ,50
03,008,00,006,0144,248 ,609,8,617,853,0,2,1,2,0,1,0,0.00,72.33 ,50
03,008,00,006,0145,249 ,790,6,796,1116,0,2,1,2,0,1,0,0.00,71.33 ,50
03,008,00,006,0145,250 ,572,5,577,801,0,2,1,2,0,1,0,0.00,72.03 ,50
03,008,00,006,0146,251 ,552,5,557,791,0,2,1,2,0,1,0,0.00,70.42 ,50
03,008,00,006,0147,252 ,520,8,528,691,0,2,1,2,0,1,0,0.00,76.41 ,50
03,008,00,006,0147,253 ,378,1,379,560,0,2,1,2,0,1,0,0.00,67.68 ,50
03,008,00,006,0148,254 ,625,7,632,876,0,2,1,2,0,1,0,0.00,72.15 ,50
03,008,00,006,0149,255 ,723,14,737,967,0,2,1,2,0,1,0,0.00,76.22 ,50
03,008,00,006,0149,256 ,340,3,343,482,0,2,1,2,0,1,0,0.00,71.16 ,50
03,008,00,006,0150,257 ,948,11,959,1309,0,2,1,2,0,1,0,0.00,73.26 ,50
03,008,00,006,0151,258 ,751,7,758,998,0,2,1,2,0,1,0,0.00,75.95 ,50
03,008,00,006,0152,259 ,548,6,554,744,0,2,1,2,0,1,0,0.00,74.46 ,50
03,008,00,006,0153,260 ,593,6,599,837,0,2,1,2,0,1,0,0.00,71.57 ,50
03,008,00,006,0154,261 ,649,3,652,855,0,2,1,2,0,1,0,0.00,76.26 ,50
03,008,00,006,0155,262 ,518,7,525,718,0,2,1,2,0,1,0,0.00,73.12 ,50
03,008,00,006,0155,263 ,572,12,584,796,0,2,1,2,0,1,0,0.00,73.37 ,50
03,008,00,007,0156,264 ,1075,10,1085,1495,0,2,1,2,0,1,0,0.00,72.58 ,50
03,008,00,007,0157,265 ,1143,13,1156,1594,0,2,1,2,0,1,0,0.00,72.52 ,50
03,008,00,007,0158,266 ,552,8,560,688,0,2,1,2,0,1,0,0.00,81.40 ,50
03,008,00,007,0158,267 ,303,3,306,385,0,2,1,2,0,1,0,0.00,79.48 ,50
03,008,00,007,0159,268 ,598,4,602,801,0,2,1,2,0,1,0,0.00,75.16 ,50
03,008,00,007,0159,269 ,723,5,728,967,0,2,1,2,0,1,0,0.00,75.28 ,50
03,008,00,007,0160,270 ,431,3,434,648,0,2,1,2,0,1,0,0.00,66.98 ,50
03,008,00,007,0160,271 ,345,3,348,469,0,2,1,2,0,1,0,0.00,74.20 ,50
03,008,00,007,0161,272 ,458,4,462,672,0,2,1,2,0,1,0,0.00,68.75 ,50
03,008,00,007,0162,273 ,1113,16,1129,1585,0,2,1,2,0,1,0,0.00,71.23 ,50
03,008,00,007,0163,274 ,681,6,687,916,0,2,1,2,0,1,0,0.00,75.00 ,50
03,008,00,007,0164,275 ,85,0,85,109,0,2,1,2,0,1,0,0.00,77.98 ,50
03,008,00,007,0164,276 ,905,11,916,1170,0,2,1,2,0,1,0,0.00,78.29 ,50
03,008,00,007,0165,277 ,897,5,902,1204,0,2,1,2,0,1,0,0.00,74.92 ,50
03,008,00,007,0166,278 ,303,7,310,478,0,2,1,2,0,1,0,0.00,64.85 ,50
03,008,00,007,0166,279 ,454,6,460,723,0,2,1,2,0,1,0,0.00,63.62 ,50
03,008,00,007,0167,280 ,548,7,555,794,0,2,1,2,0,1,0,0.00,69.90 ,50
03,008,00,007,0168,281 ,599,4,603,838,0,2,1,2,0,1,0,0.00,71.96 ,50
03,008,00,008,0169,282 ,659,7,666,921,0,2,1,2,0,1,0,0.00,72.31 ,50
03,008,00,008,0170,283 ,232,2,234,320,0,2,1,2,0,1,0,0.00,73.13 ,50
03,008,00,008,0170,284 ,165,0,165,234,0,2,1,2,0,1,0,0.00,70.51 ,50
03,008,00,008,0171,285 ,298,2,300,399,0,2,1,2,0,1,0,0.00,75.19 ,50
03,008,00,008,0171,286 ,294,3,297,397,0,2,1,2,0,1,0,0.00,74.81 ,50
03,008,00,008,0172,287 ,346,1,347,493,0,2,1,2,0,1,0,0.00,70.39 ,50
03,008,00,008,0172,288 ,246,4,250,404,0,2,1,2,0,1,0,0.00,61.88 ,50
03,008,00,008,0173,289 ,538,5,543,748,0,2,1,2,0,1,0,0.00,72.59 ,50
03,008,00,008,0174,290 ,207,0,207,299,0,2,1,2,0,1,0,0.00,69.23 ,50
03,008,00,008,0175,291 ,805,7,812,1036,0,2,1,2,0,1,0,0.00,78.38 ,50
03,008,00,008,0175,292 ,635,11,646,840,0,2,1,2,0,1,0,0.00,76.90 ,50
03,008,00,008,0176,293 ,571,1,572,738,0,2,1,2,0,1,0,0.00,77.51 ,50
03,008,00,008,0177,294 ,411,6,417,576,0,2,1,2,0,1,0,0.00,72.40 ,50
03,008,00,008,0178,295 ,280,3,283,373,0,2,1,2,0,1,0,0.00,75.87 ,50
03,008,00,008,0178,296 ,477,1,478,611,0,2,1,2,0,1,0,0.00,78.23 ,50
03,008,00,008,0179,297 ,362,4,366,478,0,2,1,2,0,1,0,0.00,76.57 ,50
03,008,00,008,0179,298 ,444,6,450,644,0,2,1,2,0,1,0,0.00,69.88 ,50
03,008,00,008,0180,299 ,659,10,669,965,0,2,1,2,0,1,0,0.00,69.33 ,50
03,008,00,008,0181,300 ,368,5,373,497,0,2,1,2,0,1,0,0.00,75.05 ,50
03,008,00,008,0182,301 ,589,1,590,758,0,2,1,2,0,1,0,0.00,77.84 ,50
03,008,00,008,0183,302 ,470,5,475,613,0,2,1,2,0,1,0,0.00,77.49 ,50
03,008,00,008,0184,303 ,537,9,546,710,0,2,1,2,0,1,0,0.00,76.90 ,50
03,008,00,008,0185,304 ,318,4,322,430,0,2,1,2,0,1,0,0.00,74.88 ,50
03,008,00,008,0186,305 ,428,4,432,593,0,2,1,2,0,1,0,0.00,72.85 ,50
03,008,00,009,0187,306 ,1295,9,1304,1789,0,2,1,2,0,1,0,0.00,72.89 ,50
03,008,00,009,0188,307 ,1133,15,1148,1543,0,2,1,2,0,1,0,0.00,74.40 ,50
03,008,00,009,0189,308 ,366,2,368,511,0,2,1,2,0,1,0,0.00,72.02 ,50
03,008,00,009,0189,309 ,360,3,363,525,0,2,1,2,0,1,0,0.00,69.14 ,50
03,008,00,009,0190,310 ,866,12,878,1211,0,2,1,2,0,1,0,0.00,72.50 ,50
03,008,00,009,0191,311 ,183,1,184,246,0,2,1,2,0,1,0,0.00,74.80 ,50
03,008,00,009,0191,312 ,381,4,385,551,0,2,1,2,0,1,0,0.00,69.87 ,50
03,008,00,009,0191,313 ,157,2,159,219,0,2,1,2,0,1,0,0.00,72.60 ,50
03,008,00,009,0192,314 ,534,2,536,687,0,2,1,2,0,1,0,0.00,78.02 ,50
03,008,00,009,0192,315 ,186,1,187,282,0,2,1,2,0,1,0,0.00,66.31 ,50
03,008,00,009,0192,316 ,182,1,183,273,0,2,1,2,0,1,0,0.00,67.03 ,50
03,008,00,009,0193,317 ,205,0,205,261,0,2,1,2,0,1,0,0.00,78.54 ,50
03,008,00,009,0193,318 ,282,3,285,362,0,2,1,2,0,1,0,0.00,78.73 ,50
03,008,00,009,0194,319 ,428,7,435,583,0,2,1,2,0,1,0,0.00,74.61 ,50
03,008,00,009,0194,320 ,123,2,125,171,0,2,1,2,0,1,0,0.00,73.10 ,50
03,008,00,009,0195,321 ,468,4,472,633,0,2,1,2,0,1,0,0.00,74.57 ,50
03,008,00,009,0195,322 ,250,2,252,353,0,2,1,2,0,1,0,0.00,71.39 ,50
03,008,00,009,0196,323 ,560,5,565,747,0,2,1,2,0,1,0,0.00,75.64 ,50
03,008,00,009,0197,324 ,470,4,474,701,0,2,1,2,0,1,0,0.00,67.62 ,50
03,008,00,009,0198,325 ,328,4,332,463,0,2,1,2,0,1,0,0.00,71.71 ,50
03,008,00,009,0198,326 ,465,3,468,598,0,2,1,2,0,1,0,0.00,78.26 ,50
03,008,00,009,0199,327 ,373,2,375,487,0,2,1,2,0,1,0,0.00,77.00 ,50
03,008,00,009,0199,328 ,222,3,225,336,0,2,1,2,0,1,0,0.00,66.96 ,50
03,008,00,010,0200,329 ,1234,9,1243,1737,0,2,1,2,0,1,0,0.00,71.56 ,50
03,008,00,010,0201,330 ,1100,9,1109,1566,0,2,1,2,0,1,0,0.00,70.82 ,50
03,008,00,010,0202,331 ,582,7,589,825,0,2,1,2,0,1,0,0.00,71.39 ,50
03,008,00,010,0203,332 ,1129,17,1146,1648,0,2,1,2,0,1,0,0.00,69.54 ,50
03,008,00,010,0204,333 ,543,10,553,788,0,2,1,2,0,1,0,0.00,70.18 ,50
03,008,00,010,0205,334 ,598,12,610,936,0,2,1,2,0,1,0,0.00,65.17 ,50
03,008,00,010,0206,335 ,831,18,849,1192,0,2,1,2,0,1,0,0.00,71.22 ,50
03,008,00,010,0206,336 ,651,5,656,993,0,2,1,2,0,1,0,0.00,66.06 ,50
03,008,00,010,0207,337 ,767,6,773,992,0,2,1,2,0,1,0,0.00,77.92 ,50
03,008,00,010,0207,338 ,769,8,777,1003,0,2,1,2,0,1,0,0.00,77.47 ,50
03,008,00,010,0208,339 ,670,11,681,917,0,2,1,2,0,1,0,0.00,74.26 ,50
03,008,00,010,0209,340 ,904,12,916,1238,0,2,1,2,0,1,0,0.00,73.99 ,50
03,008,00,010,0210,341 ,589,11,600,844,0,2,1,2,0,1,0,0.00,71.09 ,50
03,008,00,010,0211,342 ,811,9,820,1185,0,2,1,2,0,1,0,0.00,69.20 ,50
03,008,00,010,0211,343 ,358,3,361,504,0,2,1,2,0,1,0,0.00,71.63 ,50
03,008,00,010,0212,344 ,999,20,1019,1481,0,2,1,2,0,1,0,0.00,68.80 ,50
03,008,00,010,0212,345 ,378,6,384,566,0,2,1,2,0,1,0,0.00,67.84 ,50
03,008,00,011,0213,346 ,608,12,620,926,0,2,1,2,0,1,0,0.00,66.95 ,50
03,008,00,011,0214,347 ,430,0,430,624,0,2,1,2,0,1,0,0.00,68.91 ,50
03,008,00,011,0214,348 ,799,5,804,1155,0,2,1,2,0,1,0,0.00,69.61 ,50
03,008,00,011,0215,349 ,533,5,538,741,0,2,1,2,0,1,0,0.00,72.60 ,50
03,008,00,011,0216,350 ,726,5,731,1022,0,2,1,2,0,1,0,0.00,71.53 ,50
03,008,00,011,0217,351 ,416,0,416,566,0,2,1,2,0,1,0,0.00,73.50 ,50
03,008,00,011,0218,352 ,788,5,793,1090,0,2,1,2,0,1,0,0.00,72.75 ,50
03,008,00,011,0219,353 ,923,10,933,1261,0,2,1,2,0,1,0,0.00,73.99 ,50
03,008,00,011,0220,354 ,845,10,855,1125,0,2,1,2,0,1,0,0.00,76.00 ,50
03,008,00,011,0221,355 ,1027,10,1037,1366,0,2,1,2,0,1,0,0.00,75.92 ,50
03,008,00,011,0222,356 ,755,9,764,1066,0,2,1,2,0,1,0,0.00,71.67 ,50
03,008,00,011,0223,357 ,786,14,800,1173,0,2,1,2,0,1,0,0.00,68.20 ,50
03,008,00,011,0224,358 ,281,0,281,417,0,2,1,2,0,1,0,0.00,67.39 ,50
03,008,00,011,0225,359 ,318,1,319,410,0,2,1,2,0,1,0,0.00,77.80 ,50
03,008,00,011,0226,360 ,884,13,897,1293,0,2,1,2,0,1,0,0.00,69.37 ,50
03,008,00,011,0227,361 ,234,2,236,367,0,2,1,2,0,1,0,0.00,64.31 ,50
03,008,00,011,0228,362 ,262,5,267,386,0,2,1,2,0,1,0,0.00,69.17 ,50
03,008,00,011,0229,363 ,674,4,678,919,0,2,1,2,0,1,0,0.00,73.78 ,50
03,008,00,011,0230,364 ,432,5,437,636,0,2,1,2,0,1,0,0.00,68.71 ,50
03,008,00,011,0231,365 ,495,8,503,692,0,2,1,2,0,1,0,0.00,72.69 ,50
03,008,00,012,0232,366 ,745,11,756,1089,0,2,1,2,0,1,0,0.00,69.42 ,50
03,008,00,012,0232,367 ,308,2,310,442,0,2,1,2,0,1,0,0.00,70.14 ,50
03,008,00,012,0233,368 ,385,2,387,576,0,2,1,2,0,1,0,0.00,67.19 ,50
03,008,00,012,0234,369 ,310,4,314,423,0,2,1,2,0,1,0,0.00,74.23 ,50
03,008,00,012,0234,370 ,227,3,230,342,0,2,1,2,0,1,0,0.00,67.25 ,50
03,008,00,012,0235,371 ,411,8,419,575,0,2,1,2,0,1,0,0.00,72.87 ,50
03,008,00,012,0236,372 ,314,5,319,458,0,2,1,2,0,1,0,0.00,69.65 ,50
03,008,00,012,0237,373 ,758,17,775,1080,0,2,1,2,0,1,0,0.00,71.76 ,50
03,008,00,012,0238,374 ,271,7,278,385,0,2,1,2,0,1,0,0.00,72.21 ,50
03,008,00,012,0238,375 ,499,8,507,774,0,2,1,2,0,1,0,0.00,65.50 ,50
03,008,00,012,0239,376 ,524,5,529,735,0,2,1,2,0,1,0,0.00,71.97 ,50
03,008,00,012,0240,377 ,341,8,349,504,0,2,1,2,0,1,0,0.00,69.25 ,50
03,008,00,012,0240,378 ,180,3,183,277,0,2,1,2,0,1,0,0.00,66.06 ,50
03,008,00,012,0241,379 ,622,3,625,945,0,2,1,2,0,1,0,0.00,66.14 ,50
03,008,00,012,0241,380 ,291,2,293,445,0,2,1,2,0,1,0,0.00,65.84 ,50
03,008,00,012,0242,381 ,518,10,528,766,0,2,1,2,0,1,0,0.00,68.93 ,50
03,008,00,012,0242,382 ,155,3,158,272,0,2,1,2,0,1,0,0.00,58.09 ,50
03,008,00,012,0243,383 ,318,7,325,492,0,2,1,2,0,1,0,0.00,66.06 ,50
03,008,00,012,0244,384 ,482,5,487,713,0,2,1,2,0,1,0,0.00,68.30 ,50
03,008,00,012,0245,385 ,259,1,260,384,0,2,1,2,0,1,0,0.00,67.71 ,50
03,008,00,013,0246,386 ,504,13,517,726,0,2,1,2,0,1,0,0.00,71.21 ,50
03,008,00,013,0246,387 ,203,0,203,314,0,2,1,2,0,1,0,0.00,64.65 ,50
03,008,00,013,0247,388 ,561,1,562,778,0,2,1,2,0,1,0,0.00,72.24 ,50
03,008,00,013,0247,389 ,242,6,248,354,0,2,1,2,0,1,0,0.00,70.06 ,50
03,008,00,013,0247,390 ,177,1,178,233,0,2,1,2,0,1,0,0.00,76.39 ,50
03,008,00,013,0248,391 ,73,1,74,91,0,2,1,2,0,1,0,0.00,81.32 ,50
03,008,00,013,0249,392 ,529,11,540,768,0,2,1,2,0,1,0,0.00,70.31 ,50
03,008,00,013,0250,393 ,401,10,411,548,0,2,1,2,0,1,0,0.00,75.00 ,50
03,008,00,013,0250,394 ,352,14,366,548,0,2,1,2,0,1,0,0.00,66.79 ,50
03,008,00,013,0251,395 ,357,9,366,510,0,2,1,2,0,1,0,0.00,71.76 ,50
03,008,00,013,0252,396 ,272,0,272,476,0,2,1,2,0,1,0,0.00,57.14 ,50
03,008,00,013,0252,397 ,130,0,130,237,0,2,1,2,0,1,0,0.00,54.85 ,50
03,008,00,013,0252,398 ,180,7,187,221,0,2,1,2,0,1,0,0.00,84.62 ,50
03,008,00,013,0253,399 ,224,1,225,338,0,2,1,2,0,1,0,0.00,66.57 ,50
03,008,00,013,0253,400 ,71,1,72,128,0,2,1,2,0,1,0,0.00,56.25 ,50
03,008,00,013,0253,401 ,132,1,133,224,0,2,1,2,0,1,0,0.00,59.38 ,50
03,008,00,013,0254,402 ,369,3,372,536,0,2,1,2,0,1,0,0.00,69.40 ,50
03,008,00,013,0254,403 ,192,4,196,278,0,2,1,2,0,1,0,0.00,70.50 ,50
03,008,00,013,0254,404 ,80,0,80,117,0,2,1,2,0,1,0,0.00,68.38 ,50
03,008,00,013,0255,405 ,349,6,355,511,0,2,1,2,0,1,0,0.00,69.47 ,50
03,008,00,013,0256,406 ,345,12,357,543,0,2,1,2,0,1,0,0.00,65.75 ,50
03,008,00,013,0257,407 ,430,5,435,644,0,2,1,2,0,1,0,0.00,67.55 ,50
03,008,00,013,0258,408 ,390,3,393,570,0,2,1,2,0,1,0,0.00,68.95 ,50
03,008,00,013,0258,409 ,261,4,265,357,0,2,1,2,0,1,0,0.00,74.23 ,50
03,008,00,013,0259,410 ,252,2,254,349,0,2,1,2,0,1,0,0.00,72.78 ,50
03,009,00,001,0001,1 ,740,3,743,981,0,2,1,2,0,1,0,0.00,75.74 ,50
03,009,00,001,0002,2 ,556,4,560,693,0,2,1,2,0,1,0,0.00,80.81 ,50
03,009,00,001,0003,3 ,591,3,594,761,0,2,1,2,0,1,0,0.00,78.06 ,50
03,009,00,001,0004,4 ,527,3,530,658,0,2,1,2,0,1,0,0.00,80.55 ,50
03,009,00,001,0005,5 ,764,17,781,993,0,2,1,2,0,1,0,0.00,78.65 ,50
03,009,00,001,0006,6 ,806,6,812,1088,0,2,1,2,0,1,0,0.00,74.63 ,50
03,009,00,001,0006,7 ,910,11,921,1179,0,2,1,2,0,1,0,0.00,78.12 ,50
03,009,00,001,0007,8 ,688,1,689,916,0,2,1,2,0,1,0,0.00,75.22 ,50
03,009,00,001,0007,9 ,797,9,806,1042,0,2,1,2,0,1,0,0.00,77.35 ,50
03,009,00,001,0007,10 ,976,4,980,1219,0,2,1,2,0,1,0,0.00,80.39 ,50
03,009,00,001,0008,11 ,1013,13,1026,1312,0,2,1,2,0,1,0,0.00,78.20 ,50
03,009,00,001,0008,12 ,1069,9,1078,1419,0,2,1,2,0,1,0,0.00,75.97 ,50
03,009,00,001,0009,13 ,1109,7,1116,1485,0,2,1,2,0,1,0,0.00,75.15 ,50
03,009,00,001,0009,14 ,913,2,915,1164,0,2,1,2,0,1,0,0.00,78.61 ,50
03,009,00,001,0009,15 ,967,7,974,1281,0,2,1,2,0,1,0,0.00,76.03 ,50
03,009,00,001,0009,16 ,823,4,827,1092,0,2,1,2,0,1,0,0.00,75.73 ,50
03,009,00,001,0010,17 ,658,5,663,850,0,2,1,2,0,1,0,0.00,78.00 ,50
03,009,00,001,0010,18 ,557,3,560,745,0,2,1,2,0,1,0,0.00,75.17 ,50
03,009,00,001,0011,19 ,866,6,872,1173,0,2,1,2,0,1,0,0.00,74.34 ,50
03,009,00,001,0012,20 ,762,8,770,979,0,2,1,2,0,1,0,0.00,78.65 ,50
03,009,00,001,0012,21 ,859,16,875,1196,0,2,1,2,0,1,0,0.00,73.16 ,50
03,009,00,001,0013,22 ,682,8,690,964,0,2,1,2,0,1,0,0.00,71.58 ,50
03,009,00,001,0013,23 ,664,10,674,885,0,2,1,2,0,1,0,0.00,76.16 ,50
03,009,00,001,0014,24 ,644,12,656,869,0,2,1,2,0,1,0,0.00,75.49 ,50
03,009,00,001,0014,25 ,691,10,701,971,0,2,1,2,0,1,0,0.00,72.19 ,50
03,009,00,001,0015,26 ,965,14,979,1337,0,2,1,2,0,1,0,0.00,73.22 ,50
03,009,00,001,0015,27 ,830,8,838,1113,0,2,1,2,0,1,0,0.00,75.29 ,50
03,009,00,001,0015,28 ,928,16,944,1274,0,2,1,2,0,1,0,0.00,74.10 ,50
03,009,00,001,0015,29 ,914,15,929,1135,0,2,1,2,0,1,0,0.00,81.85 ,50
03,009,00,001,0016,30 ,1006,8,1014,1323,0,2,1,2,0,1,0,0.00,76.64 ,50
03,009,00,001,0016,31 ,1141,9,1150,1493,0,2,1,2,0,1,0,0.00,77.03 ,50
03,009,00,001,0017,32 ,669,10,679,903,0,2,1,2,0,1,0,0.00,75.19 ,50
03,009,00,001,0017,33 ,939,8,947,1174,0,2,1,2,0,1,0,0.00,80.66 ,50
03,009,00,001,0018,34 ,631,13,644,844,0,2,1,2,0,1,0,0.00,76.30 ,50
03,009,00,001,0019,35 ,473,5,478,587,0,2,1,2,0,1,0,0.00,81.43 ,50
03,009,00,001,0020,36 ,655,11,666,870,0,2,1,2,0,1,0,0.00,76.55 ,50
03,009,00,001,0020,37 ,530,6,536,679,0,2,1,2,0,1,0,0.00,78.94 ,50
03,009,00,001,0021,38 ,399,6,405,514,0,2,1,2,0,1,0,0.00,78.79 ,50
03,009,00,001,0022,39 ,832,10,842,1077,0,2,1,2,0,1,0,0.00,78.18 ,50
03,009,00,001,0023,40 ,459,7,466,629,0,2,1,2,0,1,0,0.00,74.09 ,50
03,009,00,001,0024,41 ,843,9,852,1073,0,2,1,2,0,1,0,0.00,79.40 ,50
03,009,00,001,0024,42 ,453,6,459,556,0,2,1,2,0,1,0,0.00,82.55 ,50
03,009,00,001,0025,43 ,806,13,819,1046,0,2,1,2,0,1,0,0.00,78.30 ,50
03,009,00,001,0025,44 ,1079,16,1095,1488,0,2,1,2,0,1,0,0.00,73.59 ,50
03,009,00,001,0025,45 ,879,12,891,1145,0,2,1,2,0,1,0,0.00,77.82 ,50
03,009,00,001,0026,46 ,1064,22,1086,1420,0,2,1,2,0,1,0,0.00,76.48 ,50
03,009,00,001,0026,47 ,881,13,894,1145,0,2,1,2,0,1,0,0.00,78.08 ,50
03,009,00,001,0027,48 ,1045,9,1054,1363,0,2,1,2,0,1,0,0.00,77.33 ,50
03,009,00,001,0028,49 ,891,10,901,1135,0,2,1,2,0,1,0,0.00,79.38 ,50
03,009,00,001,0028,50 ,764,13,777,1021,0,2,1,2,0,1,0,0.00,76.10 ,50
03,009,00,001,0028,51 ,876,8,884,1124,0,2,1,2,0,1,0,0.00,78.65 ,50
03,009,00,001,0029,52 ,630,5,635,803,0,2,1,2,0,1,0,0.00,79.08 ,50
03,009,00,001,0030,53 ,591,14,605,747,0,2,1,2,0,1,0,0.00,80.99 ,50
03,009,00,001,0031,54 ,646,10,656,840,0,2,1,2,0,1,0,0.00,78.10 ,50
03,009,00,001,0031,55 ,682,21,703,915,0,2,1,2,0,1,0,0.00,76.83 ,50
03,009,00,001,0032,56 ,919,25,944,1226,0,2,1,2,0,1,0,0.00,77.00 ,50
03,009,00,001,0033,57 ,739,12,751,945,0,2,1,2,0,1,0,0.00,79.47 ,50
03,009,00,001,0033,58 ,925,13,938,1153,0,2,1,2,0,1,0,0.00,81.35 ,50
03,009,00,001,0034,59 ,670,8,678,861,0,2,1,2,0,1,0,0.00,78.75 ,50
03,009,00,001,0034,60 ,793,16,809,1066,0,2,1,2,0,1,0,0.00,75.89 ,50
03,009,00,001,0035,61 ,814,5,819,1072,0,2,1,2,0,1,0,0.00,76.40 ,50
03,009,00,002,0036,62 ,827,19,846,1118,0,2,1,2,0,1,0,0.00,75.67 ,50
03,009,00,002,0037,63 ,982,4,986,1266,0,2,1,2,0,1,0,0.00,77.88 ,50
03,009,00,002,0037,64 ,851,7,858,1133,0,2,1,2,0,1,0,0.00,75.73 ,50
03,009,00,002,0037,65 ,782,11,793,1067,0,2,1,2,0,1,0,0.00,74.32 ,50
03,009,00,002,0038,66 ,821,9,830,1129,0,2,1,2,0,1,0,0.00,73.52 ,50
03,009,00,002,0038,67 ,555,4,559,751,0,2,1,2,0,1,0,0.00,74.43 ,50
03,009,00,002,0039,68 ,964,10,974,1216,0,2,1,2,0,1,0,0.00,80.10 ,50
03,009,00,002,0040,69 ,1028,6,1034,1325,0,2,1,2,0,1,0,0.00,78.04 ,50
03,009,00,002,0041,70 ,1043,13,1056,1400,0,2,1,2,0,1,0,0.00,75.43 ,50
03,009,00,002,0042,71 ,777,14,791,1066,0,2,1,2,0,1,0,0.00,74.20 ,50
03,009,00,002,0043,72 ,652,7,659,839,0,2,1,2,0,1,0,0.00,78.55 ,50
03,009,00,002,0044,73 ,686,9,695,905,0,2,1,2,0,1,0,0.00,76.80 ,50
03,009,00,002,0045,74 ,674,2,676,888,0,2,1,2,0,1,0,0.00,76.13 ,50
03,009,00,002,0046,75 ,519,10,529,720,0,2,1,2,0,1,0,0.00,73.47 ,50
03,009,00,002,0047,76 ,930,11,941,1183,0,2,1,2,0,1,0,0.00,79.54 ,50
03,009,00,002,0048,77 ,995,15,1010,1316,0,2,1,2,0,1,0,0.00,76.75 ,50
03,009,00,002,0049,78 ,749,13,762,980,0,2,1,2,0,1,0,0.00,77.76 ,50
03,009,00,002,0050,79 ,720,7,727,908,0,2,1,2,0,1,0,0.00,80.07 ,50
03,009,00,002,0050,80 ,942,10,952,1264,0,2,1,2,0,1,0,0.00,75.32 ,50
03,009,00,002,0051,81 ,771,7,778,994,0,2,1,2,0,1,0,0.00,78.27 ,50
03,009,00,002,0051,82 ,717,12,729,955,0,2,1,2,0,1,0,0.00,76.34 ,50
03,009,00,002,0052,83 ,996,11,1007,1307,0,2,1,2,0,1,0,0.00,77.05 ,50
03,009,00,002,0052,84 ,971,7,978,1303,0,2,1,2,0,1,0,0.00,75.06 ,50
03,009,00,002,0052,85 ,945,5,950,1257,0,2,1,2,0,1,0,0.00,75.58 ,50
03,009,00,002,0053,86 ,726,13,739,997,0,2,1,2,0,1,0,0.00,74.12 ,50
03,009,00,002,0054,87 ,639,7,646,888,0,2,1,2,0,1,0,0.00,72.75 ,50
03,009,00,002,0055,88 ,710,18,728,920,0,2,1,2,0,1,0,0.00,79.13 ,50
03,009,00,002,0056,89 ,579,5,584,795,0,2,1,2,0,1,0,0.00,73.46 ,50
03,009,00,002,0056,90 ,554,8,562,781,0,2,1,2,0,1,0,0.00,71.96 ,50
03,009,00,002,0057,91 ,1087,13,1100,1557,0,2,1,2,0,1,0,0.00,70.65 ,50
03,009,00,003,0058,92 ,805,7,812,1090,0,2,1,2,0,1,0,0.00,74.50 ,50
03,009,00,003,0058,93 ,909,15,924,1214,0,2,1,2,0,1,0,0.00,76.11 ,50
03,009,00,003,0059,94 ,542,4,546,724,0,2,1,2,0,1,0,0.00,75.41 ,50
03,009,00,003,0059,95 ,718,4,722,951,0,2,1,2,0,1,0,0.00,75.92 ,50
03,009,00,003,0060,96 ,828,6,834,1130,0,2,1,2,0,1,0,0.00,73.81 ,50
03,009,00,003,0060,97 ,1050,6,1056,1367,0,2,1,2,0,1,0,0.00,77.25 ,50
03,009,00,003,0061,98 ,716,2,718,1003,0,2,1,2,0,1,0,0.00,71.59 ,50
03,009,00,003,0061,99 ,1006,15,1021,1461,0,2,1,2,0,1,0,0.00,69.88 ,50
03,009,00,003,0062,100 ,830,8,838,1142,0,2,1,2,0,1,0,0.00,73.38 ,50
03,009,00,003,0063,101 ,930,6,936,1293,0,2,1,2,0,1,0,0.00,72.39 ,50
03,009,00,003,0063,102 ,1044,12,1056,1499,0,2,1,2,0,1,0,0.00,70.45 ,50
03,009,00,003,0064,103 ,1001,4,1005,1315,0,2,1,2,0,1,0,0.00,76.43 ,50
03,009,00,003,0064,104 ,1110,15,1125,1547,0,2,1,2,0,1,0,0.00,72.72 ,50
03,009,00,003,0065,105 ,915,7,922,1222,0,2,1,2,0,1,0,0.00,75.45 ,50
03,009,00,003,0066,106 ,790,12,802,1025,0,2,1,2,0,1,0,0.00,78.24 ,50
03,009,00,003,0067,107 ,828,7,835,1313,0,2,1,2,0,1,0,0.00,63.59 ,50
03,009,00,003,0068,108 ,1126,12,1138,1596,0,2,1,2,0,1,0,0.00,71.30 ,50
03,009,00,003,0069,109 ,1139,15,1154,1540,0,2,1,2,0,1,0,0.00,74.94 ,50
03,009,00,003,0070,110 ,548,4,552,758,0,2,1,2,0,1,0,0.00,72.82 ,50
03,009,00,003,0071,111 ,545,4,549,728,0,2,1,2,0,1,0,0.00,75.41 ,50
03,009,00,003,0072,112 ,732,9,741,1018,0,2,1,2,0,1,0,0.00,72.79 ,50
03,009,00,003,0072,113 ,719,4,723,972,0,2,1,2,0,1,0,0.00,74.38 ,50
03,009,00,003,0073,114 ,544,5,549,730,0,2,1,2,0,1,0,0.00,75.21 ,50
03,009,00,003,0074,115 ,1084,23,1107,1473,0,2,1,2,0,1,0,0.00,75.15 ,50
03,009,00,003,0075,116 ,1019,13,1032,1426,0,2,1,2,0,1,0,0.00,72.37 ,50
03,009,00,003,0076,117 ,877,7,884,1262,0,2,1,2,0,1,0,0.00,70.05 ,50
03,009,00,003,0076,118 ,949,13,962,1360,0,2,1,2,0,1,0,0.00,70.74 ,50
03,009,00,003,0077,119 ,785,19,804,1138,0,2,1,2,0,1,0,0.00,70.65 ,50
03,009,00,003,0077,120 ,718,13,731,985,0,2,1,2,0,1,0,0.00,74.21 ,50
03,009,00,003,0078,121 ,719,7,726,1028,0,2,1,2,0,1,0,0.00,70.62 ,50
03,009,00,003,0078,122 ,736,10,746,1081,0,2,1,2,0,1,0,0.00,69.01 ,50
03,009,00,003,0079,123 ,803,7,810,1140,0,2,1,2,0,1,0,0.00,71.05 ,50
03,009,00,003,0080,124 ,872,8,880,1211,0,2,1,2,0,1,0,0.00,72.67 ,50
03,009,00,003,0081,125 ,753,10,763,1052,0,2,1,2,0,1,0,0.00,72.53 ,50
03,009,00,003,0082,126 ,1020,9,1029,1396,0,2,1,2,0,1,0,0.00,73.71 ,50
03,009,00,003,0083,127 ,567,6,573,859,0,2,1,2,0,1,0,0.00,66.71 ,50
03,009,00,003,0084,128 ,650,11,661,934,0,2,1,2,0,1,0,0.00,70.77 ,50
03,009,00,003,0085,129 ,542,4,546,745,0,2,1,2,0,1,0,0.00,73.29 ,50
03,009,00,003,0086,130 ,688,6,694,976,0,2,1,2,0,1,0,0.00,71.11 ,50
03,009,00,004,0087,131 ,1068,13,1081,1483,0,2,1,2,0,1,0,0.00,72.89 ,50
03,009,00,004,0088,132 ,952,6,958,1246,0,2,1,2,0,1,0,0.00,76.89 ,50
03,009,00,004,0089,133 ,1149,10,1159,1553,0,2,1,2,0,1,0,0.00,74.63 ,50
03,009,00,004,0090,134 ,994,2,996,1400,0,2,1,2,0,1,0,0.00,71.14 ,50
03,009,00,004,0090,135 ,878,4,882,1147,0,2,1,2,0,1,0,0.00,76.90 ,50
03,009,00,004,0091,136 ,389,9,398,525,0,2,1,2,0,1,0,0.00,75.81 ,50
03,009,00,004,0092,137 ,609,4,613,814,0,2,1,2,0,1,0,0.00,75.31 ,50
03,009,00,004,0093,138 ,517,5,522,720,0,2,1,2,0,1,0,0.00,72.50 ,50
03,009,00,004,0094,139 ,767,8,775,1029,0,2,1,2,0,1,0,0.00,75.32 ,50
03,009,00,004,0095,140 ,858,10,868,1141,0,2,1,2,0,1,0,0.00,76.07 ,50
03,009,00,004,0095,141 ,648,8,656,881,0,2,1,2,0,1,0,0.00,74.46 ,50
03,009,00,004,0096,142 ,1069,7,1076,1469,0,2,1,2,0,1,0,0.00,73.25 ,50
03,009,00,004,0096,143 ,1061,8,1069,1442,0,2,1,2,0,1,0,0.00,74.13 ,50
03,009,00,004,0097,144 ,869,7,876,1184,0,2,1,2,0,1,0,0.00,73.99 ,50
03,009,00,004,0098,145 ,956,10,966,1327,0,2,1,2,0,1,0,0.00,72.80 ,50
03,009,00,004,0099,146 ,703,7,710,989,0,2,1,2,0,1,0,0.00,71.79 ,50
03,009,00,004,0099,147 ,529,9,538,757,0,2,1,2,0,1,0,0.00,71.07 ,50
03,009,00,004,0100,148 ,645,12,657,907,0,2,1,2,0,1,0,0.00,72.44 ,50
03,009,00,004,0101,149 ,810,14,824,1161,0,2,1,2,0,1,0,0.00,70.97 ,50
03,009,00,004,0102,150 ,1033,9,1042,1413,0,2,1,2,0,1,0,0.00,73.74 ,50
03,009,00,004,0103,151 ,633,8,641,855,0,2,1,2,0,1,0,0.00,74.97 ,50
03,009,00,004,0104,152 ,733,7,740,1013,0,2,1,2,0,1,0,0.00,73.05 ,50
03,009,00,004,0105,153 ,955,11,966,1343,0,2,1,2,0,1,0,0.00,71.93 ,50
03,009,00,004,0106,154 ,504,3,507,714,0,2,1,2,0,1,0,0.00,71.01 ,50
03,009,00,004,0107,155 ,594,3,597,766,0,2,1,2,0,1,0,0.00,77.94 ,50
03,009,00,004,0108,156 ,701,9,710,1010,0,2,1,2,0,1,0,0.00,70.30 ,50
03,009,00,004,0109,157 ,939,19,958,1318,0,2,1,2,0,1,0,0.00,72.69 ,50
03,009,00,004,0110,158 ,677,4,681,957,0,2,1,2,0,1,0,0.00,71.16 ,50
03,009,00,004,0111,159 ,644,7,651,918,0,2,1,2,0,1,0,0.00,70.92 ,50
03,009,00,004,0112,160 ,550,8,558,881,0,2,1,2,0,1,0,0.00,63.34 ,50
03,009,00,004,0112,161 ,542,8,550,828,0,2,1,2,0,1,0,0.00,66.43 ,50
03,009,00,004,0113,162 ,1001,7,1008,1364,0,2,1,2,0,1,0,0.00,73.90 ,50
03,009,00,005,0114,163 ,709,6,715,930,0,2,1,2,0,1,0,0.00,76.88 ,50
03,009,00,005,0115,164 ,791,3,794,1047,0,2,1,2,0,1,0,0.00,75.84 ,50
03,009,00,005,0116,165 ,990,11,1001,1344,0,2,1,2,0,1,0,0.00,74.48 ,50
03,009,00,005,0117,166 ,576,4,580,797,0,2,1,2,0,1,0,0.00,72.77 ,50
03,009,00,005,0118,167 ,487,4,491,708,0,2,1,2,0,1,0,0.00,69.35 ,50
03,009,00,005,0118,168 ,300,4,304,423,0,2,1,2,0,1,0,0.00,71.87 ,50
03,009,00,005,0119,169 ,952,18,970,1349,0,2,1,2,0,1,0,0.00,71.91 ,50
03,009,00,005,0120,170 ,476,7,483,681,0,2,1,2,0,1,0,0.00,70.93 ,50
03,009,00,005,0120,171 ,298,2,300,448,0,2,1,2,0,1,0,0.00,66.96 ,50
03,009,00,005,0121,172 ,497,1,498,854,0,2,1,2,0,1,0,0.00,58.31 ,50
03,009,00,005,0121,173 ,375,7,382,604,0,2,1,2,0,1,0,0.00,63.25 ,50
03,009,00,005,0122,174 ,588,7,595,925,0,2,1,2,0,1,0,0.00,64.32 ,50
03,009,00,005,0122,175 ,369,8,377,563,0,2,1,2,0,1,0,0.00,66.96 ,50
03,009,00,005,0123,176 ,844,12,856,1279,0,2,1,2,0,1,0,0.00,66.93 ,50
03,009,00,005,0123,177 ,670,12,682,977,0,2,1,2,0,1,0,0.00,69.81 ,50
03,009,00,005,0124,178 ,527,7,534,747,0,2,1,2,0,1,0,0.00,71.49 ,50
03,009,00,005,0124,179 ,445,7,452,690,0,2,1,2,0,1,0,0.00,65.51 ,50
03,009,00,005,0125,180 ,576,6,582,808,0,2,1,2,0,1,0,0.00,72.03 ,50
03,009,00,005,0126,181 ,655,12,667,969,0,2,1,2,0,1,0,0.00,68.83 ,50
03,009,00,005,0126,182 ,505,4,509,744,0,2,1,2,0,1,0,0.00,68.41 ,50
03,009,00,005,0127,183 ,642,9,651,924,0,2,1,2,0,1,0,0.00,70.45 ,50
03,009,00,005,0127,184 ,593,8,601,829,0,2,1,2,0,1,0,0.00,72.50 ,50
03,009,00,005,0128,185 ,628,8,636,942,0,2,1,2,0,1,0,0.00,67.52 ,50
03,009,00,005,0128,186 ,519,7,526,836,0,2,1,2,0,1,0,0.00,62.92 ,50
03,009,00,005,0129,187 ,697,6,703,975,0,2,1,2,0,1,0,0.00,72.10 ,50
03,009,00,005,0130,188 ,1013,7,1020,1410,0,2,1,2,0,1,0,0.00,72.34 ,50
03,009,00,006,0131,189 ,610,7,617,891,0,2,1,2,0,1,0,0.00,69.25 ,50
03,009,00,006,0132,190 ,549,7,556,817,0,2,1,2,0,1,0,0.00,68.05 ,50
03,009,00,006,0133,191 ,419,1,420,582,0,2,1,2,0,1,0,0.00,72.16 ,50
03,009,00,006,0134,192 ,756,10,766,1072,0,2,1,2,0,1,0,0.00,71.46 ,50
03,009,00,006,0135,193 ,335,2,337,457,0,2,1,2,0,1,0,0.00,73.74 ,50
03,009,00,006,0136,194 ,365,4,369,492,0,2,1,2,0,1,0,0.00,75.00 ,50
03,009,00,006,0137,195 ,409,3,412,555,0,2,1,2,0,1,0,0.00,74.23 ,50
03,009,00,006,0138,196 ,582,3,585,801,0,2,1,2,0,1,0,0.00,73.03 ,50
03,009,00,006,0139,197 ,405,2,407,580,0,2,1,2,0,1,0,0.00,70.17 ,50
03,009,00,006,0140,198 ,308,2,310,446,0,2,1,2,0,1,0,0.00,69.51 ,50
03,009,00,006,0141,199 ,483,2,485,700,0,2,1,2,0,1,0,0.00,69.29 ,50
03,009,00,006,0142,200 ,424,1,425,572,0,2,1,2,0,1,0,0.00,74.30 ,50
03,009,00,006,0142,201 ,527,2,529,796,0,2,1,2,0,1,0,0.00,66.46 ,50
03,009,00,006,0143,202 ,377,2,379,527,0,2,1,2,0,1,0,0.00,71.92 ,50
03,009,00,006,0144,203 ,765,9,774,1062,0,2,1,2,0,1,0,0.00,72.88 ,50
03,009,00,006,0144,204 ,938,12,950,1377,0,2,1,2,0,1,0,0.00,68.99 ,50
03,009,00,006,0144,205 ,749,6,755,1037,0,2,1,2,0,1,0,0.00,72.81 ,50
03,009,00,006,0144,206 ,948,5,953,1347,0,2,1,2,0,1,0,0.00,70.75 ,50
03,009,00,006,0145,207 ,808,4,812,1189,0,2,1,2,0,1,0,0.00,68.29 ,50
03,009,00,006,0146,208 ,623,8,631,962,0,2,1,2,0,1,0,0.00,65.59 ,50
03,009,00,006,0146,209 ,1191,9,1200,1700,0,2,1,2,0,1,0,0.00,70.59 ,50
03,009,00,006,0146,210 ,1150,11,1161,1597,0,2,1,2,0,1,0,0.00,72.70 ,50
03,009,00,006,0147,211 ,711,6,717,1132,0,2,1,2,0,1,0,0.00,63.34 ,50
03,009,00,006,0148,212 ,374,5,379,642,0,2,1,2,0,1,0,0.00,59.03 ,50
03,009,00,006,0148,213 ,213,1,214,348,0,2,1,2,0,1,0,0.00,61.49 ,50
03,009,00,006,0149,214 ,281,4,285,411,0,2,1,2,0,1,0,0.00,69.34 ,50
03,009,00,006,0150,215 ,564,5,569,868,0,2,1,2,0,1,0,0.00,65.55 ,50
03,009,00,006,0151,216 ,907,15,922,1412,0,2,1,2,0,1,0,0.00,65.30 ,50
03,009,00,006,0152,217 ,721,9,730,1279,0,2,1,2,0,1,0,0.00,57.08 ,50
03,009,00,006,0153,218 ,647,9,656,1144,0,2,1,2,0,1,0,0.00,57.34 ,50
03,009,00,006,0154,219 ,393,8,401,708,0,2,1,2,0,1,0,0.00,56.64 ,50
03,009,00,006,0155,220 ,711,16,727,983,0,2,1,2,0,1,0,0.00,73.96 ,50
03,009,00,006,0155,221 ,415,10,425,620,0,2,1,2,0,1,0,0.00,68.55 ,50
03,009,00,006,0156,222 ,756,17,773,1259,0,2,1,2,0,1,0,0.00,61.40 ,50
03,009,00,006,0156,223 ,896,2,898,1302,0,2,1,2,0,1,0,0.00,68.97 ,50
03,009,00,006,0157,224 ,697,7,704,1107,0,2,1,2,0,1,0,0.00,63.60 ,50
03,009,00,006,0158,225 ,361,3,364,603,0,2,1,2,0,1,0,0.00,60.36 ,50
03,009,00,007,0159,226 ,820,18,838,1165,0,2,1,2,0,1,0,0.00,71.93 ,50
03,009,00,007,0159,227 ,627,6,633,903,0,2,1,2,0,1,0,0.00,70.10 ,50
03,009,00,007,0160,228 ,1075,20,1095,1555,0,2,1,2,0,1,0,0.00,70.42 ,50
03,009,00,007,0161,229 ,828,9,837,1155,0,2,1,2,0,1,0,0.00,72.47 ,50
03,009,00,007,0161,230 ,954,12,966,1318,0,2,1,2,0,1,0,0.00,73.29 ,50
03,009,00,007,0162,231 ,839,15,854,1108,0,2,1,2,0,1,0,0.00,77.08 ,50
03,009,00,007,0162,232 ,224,1,225,300,0,2,1,2,0,1,0,0.00,75.00 ,50
03,009,00,007,0163,233 ,807,12,819,1107,0,2,1,2,0,1,0,0.00,73.98 ,50
03,009,00,007,0164,234 ,924,8,932,1251,0,2,1,2,0,1,0,0.00,74.50 ,50
03,009,00,007,0165,235 ,661,6,667,861,0,2,1,2,0,1,0,0.00,77.47 ,50
03,009,00,007,0166,236 ,748,10,758,1005,0,2,1,2,0,1,0,0.00,75.42 ,50
03,009,00,007,0166,237 ,697,9,706,984,0,2,1,2,0,1,0,0.00,71.75 ,50
03,009,00,007,0167,238 ,665,9,674,905,0,2,1,2,0,1,0,0.00,74.48 ,50
03,009,00,007,0167,239 ,661,7,668,917,0,2,1,2,0,1,0,0.00,72.85 ,50
03,009,00,007,0168,240 ,995,11,1006,1395,0,2,1,2,0,1,0,0.00,72.11 ,50
03,009,00,007,0169,241 ,553,2,555,732,0,2,1,2,0,1,0,0.00,75.82 ,50
03,009,00,007,0170,242 ,715,12,727,989,0,2,1,2,0,1,0,0.00,73.51 ,50
03,009,00,007,0170,243 ,623,10,633,869,0,2,1,2,0,1,0,0.00,72.84 ,50
03,009,00,007,0171,244 ,729,8,737,1008,0,2,1,2,0,1,0,0.00,73.12 ,50
03,009,00,007,0171,245 ,679,10,689,968,0,2,1,2,0,1,0,0.00,71.18 ,50
03,009,00,007,0172,246 ,480,2,482,658,0,2,1,2,0,1,0,0.00,73.25 ,50
03,009,00,007,0173,247 ,1016,11,1027,1356,0,2,1,2,0,1,0,0.00,75.74 ,50
03,009,00,007,0174,248 ,267,8,275,342,0,2,1,2,0,1,0,0.00,80.41 ,50
03,009,00,007,0175,249 ,671,18,689,1056,0,2,1,2,0,1,0,0.00,65.25 ,50
03,009,00,007,0176,250 ,659,10,669,954,0,2,1,2,0,1,0,0.00,70.13 ,50
03,009,00,007,0177,251 ,367,3,370,573,0,2,1,2,0,1,0,0.00,64.57 ,50
03,009,00,007,0178,252 ,508,7,515,725,0,2,1,2,0,1,0,0.00,71.03 ,50
03,009,00,008,0179,253 ,597,9,606,825,0,2,1,2,0,1,0,0.00,73.45 ,50
03,009,00,008,0180,254 ,1083,9,1092,1419,0,2,1,2,0,1,0,0.00,76.96 ,50
03,009,00,008,0180,255 ,437,6,443,569,0,2,1,2,0,1,0,0.00,77.86 ,50
03,009,00,008,0181,256 ,759,9,768,1137,0,2,1,2,0,1,0,0.00,67.55 ,50
03,009,00,008,0182,257 ,761,8,769,1104,0,2,1,2,0,1,0,0.00,69.66 ,50
03,009,00,008,0183,258 ,889,10,899,1239,0,2,1,2,0,1,0,0.00,72.56 ,50
03,009,00,008,0183,259 ,355,5,360,523,0,2,1,2,0,1,0,0.00,68.83 ,50
03,009,00,008,0184,260 ,980,7,987,1289,0,2,1,2,0,1,0,0.00,76.57 ,50
03,009,00,008,0184,261 ,369,3,372,477,0,2,1,2,0,1,0,0.00,77.99 ,50
03,009,00,008,0185,262 ,786,10,796,1063,0,2,1,2,0,1,0,0.00,74.88 ,50
03,009,00,008,0186,263 ,894,15,909,1274,0,2,1,2,0,1,0,0.00,71.35 ,50
03,009,00,008,0187,264 ,546,10,556,846,0,2,1,2,0,1,0,0.00,65.72 ,50
03,009,00,008,0188,265 ,539,15,554,756,0,2,1,2,0,1,0,0.00,73.28 ,50
03,009,00,008,0189,266 ,839,11,850,1261,0,2,1,2,0,1,0,0.00,67.41 ,50
03,009,00,008,0190,267 ,632,8,640,856,0,2,1,2,0,1,0,0.00,74.77 ,50
03,009,00,008,0191,268 ,484,6,490,728,0,2,1,2,0,1,0,0.00,67.31 ,50
03,009,00,008,0192,269 ,605,6,611,864,0,2,1,2,0,1,0,0.00,70.72 ,50
03,009,00,008,0193,270 ,620,8,628,900,0,2,1,2,0,1,0,0.00,69.78 ,50
03,009,00,009,0194,271 ,1078,10,1088,1407,0,2,1,2,0,1,0,0.00,77.33 ,50
03,009,00,009,0194,272 ,1190,13,1203,1564,0,2,1,2,0,1,0,0.00,76.92 ,50
03,009,00,009,0195,273 ,680,5,685,917,0,2,1,2,0,1,0,0.00,74.70 ,50
03,009,00,009,0196,274 ,1093,11,1104,1530,0,2,1,2,0,1,0,0.00,72.16 ,50
03,009,00,009,0197,275 ,406,6,412,587,0,2,1,2,0,1,0,0.00,70.19 ,50
03,009,00,009,0197,276 ,572,6,578,758,0,2,1,2,0,1,0,0.00,76.25 ,50
03,009,00,009,0198,277 ,850,9,859,1121,0,2,1,2,0,1,0,0.00,76.63 ,50
03,009,00,009,0199,278 ,1201,16,1217,1645,0,2,1,2,0,1,0,0.00,73.98 ,50
03,009,00,009,0200,279 ,840,12,852,1107,0,2,1,2,0,1,0,0.00,76.96 ,50
03,009,00,009,0200,280 ,711,10,721,945,0,2,1,2,0,1,0,0.00,76.30 ,50
03,009,00,009,0201,281 ,884,11,895,1119,0,2,1,2,0,1,0,0.00,79.98 ,50
03,009,00,009,0202,282 ,644,19,663,875,0,2,1,2,0,1,0,0.00,75.77 ,50
03,009,00,009,0202,283 ,672,6,678,914,0,2,1,2,0,1,0,0.00,74.18 ,50
03,009,00,009,0203,284 ,864,16,880,1121,0,2,1,2,0,1,0,0.00,78.50 ,50
03,009,00,009,0204,285 ,1148,17,1165,1639,0,2,1,2,0,1,0,0.00,71.08 ,50
03,009,00,009,0205,286 ,1108,10,1118,1524,0,2,1,2,0,1,0,0.00,73.36 ,50
03,009,00,009,0206,287 ,913,16,929,1276,0,2,1,2,0,1,0,0.00,72.81 ,50
03,009,00,009,0207,288 ,1174,7,1181,1585,0,2,1,2,0,1,0,0.00,74.51 ,50
03,009,00,010,0208,289 ,787,8,795,1013,0,2,1,2,0,1,0,0.00,78.48 ,50
03,009,00,010,0209,290 ,1062,23,1085,1402,0,2,1,2,0,1,0,0.00,77.39 ,50
03,009,00,010,0209,291 ,1206,22,1228,1566,0,2,1,2,0,1,0,0.00,78.42 ,50
03,009,00,010,0210,292 ,983,15,998,1344,0,2,1,2,0,1,0,0.00,74.26 ,50
03,009,00,010,0210,293 ,537,7,544,720,0,2,1,2,0,1,0,0.00,75.56 ,50
03,009,00,010,0211,294 ,483,9,492,659,0,2,1,2,0,1,0,0.00,74.66 ,50
03,009,00,010,0212,295 ,763,20,783,993,0,2,1,2,0,1,0,0.00,78.85 ,50
03,009,00,010,0213,296 ,787,16,803,1021,0,2,1,2,0,1,0,0.00,78.65 ,50
03,009,00,010,0213,297 ,1036,15,1051,1387,0,2,1,2,0,1,0,0.00,75.78 ,50
03,009,00,010,0214,298 ,430,7,437,611,0,2,1,2,0,1,0,0.00,71.52 ,50
03,009,00,010,0215,299 ,883,16,899,1131,0,2,1,2,0,1,0,0.00,79.49 ,50
03,009,00,010,0216,300 ,783,7,790,1087,0,2,1,2,0,1,0,0.00,72.68 ,50
03,009,00,010,0217,301 ,639,13,652,826,0,2,1,2,0,1,0,0.00,78.93 ,50
03,009,00,010,0217,302 ,581,8,589,805,0,2,1,2,0,1,0,0.00,73.17 ,50
03,009,00,011,0218,303 ,966,5,971,1324,0,2,1,2,0,1,0,0.00,73.34 ,50
03,009,00,011,0219,304 ,1051,9,1060,1522,0,2,1,2,0,1,0,0.00,69.65 ,50
03,009,00,011,0220,305 ,503,14,517,744,0,2,1,2,0,1,0,0.00,69.49 ,50
03,009,00,011,0220,306 ,755,1,756,1105,0,2,1,2,0,1,0,0.00,68.42 ,50
03,009,00,011,0221,307 ,376,1,377,521,0,2,1,2,0,1,0,0.00,72.36 ,50
03,009,00,011,0221,308 ,808,7,815,1256,0,2,1,2,0,1,0,0.00,64.89 ,50
03,009,00,011,0222,309 ,876,8,884,1244,0,2,1,2,0,1,0,0.00,71.06 ,50
03,009,00,011,0223,310 ,664,6,670,961,0,2,1,2,0,1,0,0.00,69.72 ,50
03,009,00,011,0223,311 ,682,7,689,953,0,2,1,2,0,1,0,0.00,72.30 ,50
03,009,00,011,0224,312 ,647,7,654,945,0,2,1,2,0,1,0,0.00,69.21 ,50
03,009,00,011,0225,313 ,905,6,911,1259,0,2,1,2,0,1,0,0.00,72.36 ,50
03,009,00,011,0226,314 ,643,9,652,954,0,2,1,2,0,1,0,0.00,68.34 ,50
03,009,00,011,0227,315 ,507,0,507,802,0,2,1,2,0,1,0,0.00,63.22 ,50
03,009,00,011,0228,316 ,1018,11,1029,1462,0,2,1,2,0,1,0,0.00,70.38 ,50
03,009,00,011,0229,317 ,802,5,807,1244,0,2,1,2,0,1,0,0.00,64.87 ,50
03,009,00,011,0229,318 ,533,2,535,736,0,2,1,2,0,1,0,0.00,72.69 ,50
03,009,00,011,0230,319 ,608,4,612,917,0,2,1,2,0,1,0,0.00,66.74 ,50
03,009,00,011,0231,320 ,795,9,804,1082,0,2,1,2,0,1,0,0.00,74.31 ,50
03,009,00,011,0231,321 ,445,8,453,689,0,2,1,2,0,1,0,0.00,65.75 ,50
03,009,00,011,0232,322 ,923,9,932,1441,0,2,1,2,0,1,0,0.00,64.68 ,50
03,009,00,011,0233,323 ,638,5,643,1038,0,2,1,2,0,1,0,0.00,61.95 ,50
03,009,00,011,0234,324 ,577,7,584,813,0,2,1,2,0,1,0,0.00,71.83 ,50
03,009,00,011,0235,325 ,703,12,715,1027,0,2,1,2,0,1,0,0.00,69.62 ,50
03,009,00,012,0236,326 ,985,4,989,1283,0,2,1,2,0,1,0,0.00,77.08 ,50
03,009,00,012,0237,327 ,925,8,933,1254,0,2,1,2,0,1,0,0.00,74.40 ,50
03,009,00,012,0238,328 ,703,2,705,946,0,2,1,2,0,1,0,0.00,74.52 ,50
03,009,00,012,0238,329 ,883,13,896,1141,0,2,1,2,0,1,0,0.00,78.53 ,50
03,009,00,012,0239,330 ,703,7,710,962,0,2,1,2,0,1,0,0.00,73.80 ,50
03,009,00,012,0239,331 ,617,7,624,941,0,2,1,2,0,1,0,0.00,66.31 ,50
03,009,00,012,0240,332 ,591,5,596,881,0,2,1,2,0,1,0,0.00,67.65 ,50
03,009,00,012,0240,333 ,662,7,669,923,0,2,1,2,0,1,0,0.00,72.48 ,50
03,009,00,012,0241,334 ,892,15,907,1313,0,2,1,2,0,1,0,0.00,69.08 ,50
03,009,00,012,0242,335 ,651,6,657,983,0,2,1,2,0,1,0,0.00,66.84 ,50
03,009,00,012,0242,336 ,651,6,657,870,0,2,1,2,0,1,0,0.00,75.52 ,50
03,009,00,012,0243,337 ,592,11,603,880,0,2,1,2,0,1,0,0.00,68.52 ,50
03,009,00,012,0244,338 ,533,6,539,814,0,2,1,2,0,1,0,0.00,66.22 ,50
03,009,00,012,0244,339 ,611,3,614,930,0,2,1,2,0,1,0,0.00,66.02 ,50
03,009,00,012,0245,340 ,583,11,594,974,0,2,1,2,0,1,0,0.00,60.99 ,50
03,009,00,012,0245,341 ,570,5,575,1044,0,2,1,2,0,1,0,0.00,55.08 ,50
03,009,00,012,0246,342 ,888,11,899,1412,0,2,1,2,0,1,0,0.00,63.67 ,50
03,009,00,012,0247,343 ,753,9,762,1164,0,2,1,2,0,1,0,0.00,65.46 ,50
03,009,00,012,0248,344 ,902,9,911,1253,0,2,1,2,0,1,0,0.00,72.71 ,50
03,009,00,012,0249,345 ,631,9,640,900,0,2,1,2,0,1,0,0.00,71.11 ,50
03,009,00,013,0250,346 ,390,2,392,542,0,2,1,2,0,1,0,0.00,72.32 ,50
03,009,00,013,0250,347 ,916,8,924,1253,0,2,1,2,0,1,0,0.00,73.74 ,50
03,009,00,013,0250,348 ,679,4,683,954,0,2,1,2,0,1,0,0.00,71.59 ,50
03,009,00,013,0251,349 ,778,11,789,1104,0,2,1,2,0,1,0,0.00,71.47 ,50
03,009,00,013,0251,350 ,805,8,813,1178,0,2,1,2,0,1,0,0.00,69.02 ,50
03,009,00,013,0252,351 ,321,4,325,496,0,2,1,2,0,1,0,0.00,65.52 ,50
03,009,00,013,0252,352 ,545,4,549,823,0,2,1,2,0,1,0,0.00,66.71 ,50
03,009,00,013,0253,353 ,449,4,453,716,0,2,1,2,0,1,0,0.00,63.27 ,50
03,009,00,013,0253,354 ,707,7,714,1127,0,2,1,2,0,1,0,0.00,63.35 ,50
03,009,00,013,0254,355 ,538,9,547,777,0,2,1,2,0,1,0,0.00,70.40 ,50
03,009,00,013,0254,356 ,387,3,390,555,0,2,1,2,0,1,0,0.00,70.27 ,50
03,009,00,013,0255,357 ,605,6,611,931,0,2,1,2,0,1,0,0.00,65.63 ,50
03,009,00,013,0255,358 ,636,11,647,980,0,2,1,2,0,1,0,0.00,66.02 ,50
03,009,00,013,0256,359 ,532,9,541,826,0,2,1,2,0,1,0,0.00,65.50 ,50
03,009,00,013,0256,360 ,889,5,894,1137,0,2,1,2,0,1,0,0.00,78.63 ,50
03,009,00,013,0257,361 ,574,3,577,864,0,2,1,2,0,1,0,0.00,66.78 ,50
03,009,00,013,0257,362 ,583,14,597,931,0,2,1,2,0,1,0,0.00,64.12 ,50
03,009,00,013,0258,363 ,575,9,584,899,0,2,1,2,0,1,0,0.00,64.96 ,50
03,009,00,013,0258,364 ,1026,9,1035,1463,0,2,1,2,0,1,0,0.00,70.75 ,50
03,009,00,013,0259,365 ,538,3,541,767,0,2,1,2,0,1,0,0.00,70.53 ,50
03,009,00,013,0260,366 ,664,6,670,1068,0,2,1,2,0,1,0,0.00,62.73 ,50
03,009,00,013,0260,367 ,591,7,598,970,0,2,1,2,0,1,0,0.00,61.65 ,50
03,009,00,013,0261,368 ,864,19,883,1377,0,2,1,2,0,1,0,0.00,64.12 ,50
03,009,00,014,0262,369 ,799,4,803,1368,0,2,1,2,0,1,0,0.00,58.70 ,50
03,009,00,014,0263,370 ,321,0,321,460,0,2,1,2,0,1,0,0.00,69.78 ,50
03,009,00,014,0264,371 ,598,4,602,1008,0,2,1,2,0,1,0,0.00,59.72 ,50
03,009,00,014,0264,372 ,517,4,521,751,0,2,1,2,0,1,0,0.00,69.37 ,50
03,009,00,014,0265,373 ,999,9,1008,1413,0,2,1,2,0,1,0,0.00,71.34 ,50
03,009,00,014,0266,374 ,784,5,789,1150,0,2,1,2,0,1,0,0.00,68.61 ,50
03,009,00,014,0267,375 ,546,6,552,982,0,2,1,2,0,1,0,0.00,56.21 ,50
03,009,00,014,0268,376 ,653,7,660,1027,0,2,1,2,0,1,0,0.00,64.26 ,50
03,009,00,014,0268,377 ,688,13,701,1071,0,2,1,2,0,1,0,0.00,65.45 ,50
03,009,00,014,0269,378 ,472,1,473,819,0,2,1,2,0,1,0,0.00,57.75 ,50
03,009,00,014,0269,379 ,271,3,274,458,0,2,1,2,0,1,0,0.00,59.83 ,50
03,009,00,014,0270,380 ,711,6,717,1224,0,2,1,2,0,1,0,0.00,58.58 ,50
03,009,00,014,0271,381 ,562,7,569,996,0,2,1,2,0,1,0,0.00,57.13 ,50
03,009,00,014,0272,382 ,597,3,600,1028,0,2,1,2,0,1,0,0.00,58.37 ,50
03,009,00,014,0273,383 ,363,3,366,577,0,2,1,2,0,1,0,0.00,63.43 ,50
03,009,00,015,0274,384 ,1225,12,1237,1702,0,2,1,2,0,1,0,0.00,72.68 ,50
03,009,00,015,0275,385 ,874,8,882,1278,0,2,1,2,0,1,0,0.00,69.01 ,50
03,009,00,015,0276,386 ,930,10,940,1285,0,2,1,2,0,1,0,0.00,73.15 ,50
03,009,00,015,0277,387 ,266,5,271,406,0,2,1,2,0,1,0,0.00,66.75 ,50
03,009,00,015,0277,388 ,633,6,639,924,0,2,1,2,0,1,0,0.00,69.16 ,50
03,009,00,015,0278,389 ,330,3,333,494,0,2,1,2,0,1,0,0.00,67.41 ,50
03,009,00,015,0278,390 ,518,7,525,764,0,2,1,2,0,1,0,0.00,68.72 ,50
03,009,00,015,0279,391 ,589,8,597,900,0,2,1,2,0,1,0,0.00,66.33 ,50
03,009,00,015,0280,392 ,579,13,592,852,0,2,1,2,0,1,0,0.00,69.48 ,50
03,009,00,015,0281,393 ,819,14,833,1240,0,2,1,2,0,1,0,0.00,67.18 ,50
03,009,00,015,0282,394 ,612,11,623,983,0,2,1,2,0,1,0,0.00,63.38 ,50
03,009,00,016,0283,395 ,899,7,906,1338,0,2,1,2,0,1,0,0.00,67.71 ,50
03,009,00,016,0284,396 ,630,4,634,987,0,2,1,2,0,1,0,0.00,64.24 ,50
03,009,00,016,0285,397 ,607,7,614,964,0,2,1,2,0,1,0,0.00,63.69 ,50
03,009,00,016,0286,398 ,563,8,571,985,0,2,1,2,0,1,0,0.00,57.97 ,50
03,009,00,016,0286,399 ,516,5,521,841,0,2,1,2,0,1,0,0.00,61.95 ,50
03,009,00,016,0287,400 ,493,15,508,968,0,2,1,2,0,1,0,0.00,52.48 ,50
03,009,00,016,0288,401 ,812,14,826,1579,0,2,1,2,0,1,0,0.00,52.31 ,50
03,009,00,016,0289,402 ,767,15,782,1394,0,2,1,2,0,1,0,0.00,56.10 ,50
03,009,00,016,0289,403 ,411,10,421,729,0,2,1,2,0,1,0,0.00,57.75 ,50
03,009,00,016,0290,404 ,363,3,366,626,0,2,1,2,0,1,0,0.00,58.47 ,50
03,009,00,016,0291,405 ,322,5,327,580,0,2,1,2,0,1,0,0.00,56.38 ,50
03,009,00,016,0292,406 ,396,9,405,698,0,2,1,2,0,1,0,0.00,58.02 ,50
03,009,00,016,0293,407 ,713,9,722,1173,0,2,1,2,0,1,0,0.00,61.55 ,50
03,009,00,016,0293,408 ,384,2,386,615,0,2,1,2,0,1,0,0.00,62.76 ,50
03,009,00,016,0294,409 ,655,7,662,1013,0,2,1,2,0,1,0,0.00,65.35 ,50
03,009,00,016,0294,410 ,329,1,330,536,0,2,1,2,0,1,0,0.00,61.57 ,50
03,009,00,016,0295,411 ,898,10,908,1387,0,2,1,2,0,1,0,0.00,65.47 ,50
03,009,00,016,0296,412 ,669,4,673,1050,0,2,1,2,0,1,0,0.00,64.10 ,50
03,009,00,016,0296,413 ,668,8,676,1026,0,2,1,2,0,1,0,0.00,65.89 ,50
03,009,00,016,0296,414 ,640,9,649,1170,0,2,1,2,0,1,0,0.00,55.47 ,50
03,009,00,016,0297,415 ,970,19,989,1226,0,2,1,2,0,1,0,0.00,80.67 ,50
03,009,00,016,0297,416 ,468,2,470,715,0,2,1,2,0,1,0,0.00,65.73 ,50
03,009,00,017,0298,417 ,1104,13,1117,1587,0,2,1,2,0,1,0,0.00,70.38 ,50
03,009,00,017,0298,418 ,850,9,859,1315,0,2,1,2,0,1,0,0.00,65.32 ,50
03,009,00,017,0299,419 ,535,7,542,814,0,2,1,2,0,1,0,0.00,66.58 ,50
03,009,00,017,0299,420 ,483,10,493,769,0,2,1,2,0,1,0,0.00,64.11 ,50
03,009,00,017,0300,421 ,943,11,954,1453,0,2,1,2,0,1,0,0.00,65.66 ,50
03,009,00,017,0301,422 ,509,2,511,768,0,2,1,2,0,1,0,0.00,66.54 ,50
03,009,00,017,0302,423 ,642,6,648,1046,0,2,1,2,0,1,0,0.00,61.95 ,50
03,009,00,017,0303,424 ,686,10,696,1184,0,2,1,2,0,1,0,0.00,58.78 ,50
03,009,00,017,0304,425 ,612,2,614,1060,0,2,1,2,0,1,0,0.00,57.92 ,50
03,009,00,017,0305,426 ,556,11,567,1011,0,2,1,2,0,1,0,0.00,56.08 ,50
03,009,00,017,0306,427 ,465,5,470,730,0,2,1,2,0,1,0,0.00,64.38 ,50
03,009,00,017,0307,428 ,512,3,515,841,0,2,1,2,0,1,0,0.00,61.24 ,50
03,009,00,017,0308,429 ,292,5,297,494,0,2,1,2,0,1,0,0.00,60.12 ,50
03,009,00,017,0309,430 ,770,16,786,1245,0,2,1,2,0,1,0,0.00,63.13 ,50
03,009,00,017,0310,431 ,912,13,925,1504,0,2,1,2,0,1,0,0.00,61.50 ,50
03,009,00,017,0311,432 ,681,11,692,1151,0,2,1,2,0,1,0,0.00,60.12 ,50
03,009,00,017,0312,433 ,570,4,574,918,0,2,1,2,0,1,0,0.00,62.53 ,50
03,009,00,017,0313,434 ,924,12,936,1388,0,2,1,2,0,1,0,0.00,67.44 ,50
03,009,00,017,0314,435 ,660,9,669,1072,0,2,1,2,0,1,0,0.00,62.41 ,50
03,009,00,017,0315,436 ,476,3,479,803,0,2,1,2,0,1,0,0.00,59.65 ,50
03,009,00,017,0315,437 ,557,2,559,913,0,2,1,2,0,1,0,0.00,61.23 ,50
03,009,00,017,0316,438 ,450,4,454,739,0,2,1,2,0,1,0,0.00,61.43 ,50
03,009,00,017,0317,439 ,585,10,595,1001,0,2,1,2,0,1,0,0.00,59.44 ,50
03,009,00,017,0318,440 ,477,5,482,747,0,2,1,2,0,1,0,0.00,64.52 ,50
03,009,00,018,0319,441 ,1063,10,1073,1702,0,2,1,2,0,1,0,0.00,63.04 ,50
03,009,00,018,0320,442 ,980,14,994,1459,0,2,1,2,0,1,0,0.00,68.13 ,50
03,009,00,018,0320,443 ,371,7,378,633,0,2,1,2,0,1,0,0.00,59.72 ,50
03,009,00,018,0321,444 ,454,12,466,762,0,2,1,2,0,1,0,0.00,61.15 ,50
03,009,00,018,0322,445 ,723,15,738,1239,0,2,1,2,0,1,0,0.00,59.56 ,50
03,009,00,018,0323,446 ,731,3,734,1188,0,2,1,2,0,1,0,0.00,61.78 ,50
03,009,00,018,0324,447 ,591,12,603,1037,0,2,1,2,0,1,0,0.00,58.15 ,50
03,009,00,018,0325,448 ,464,14,478,924,0,2,1,2,0,1,0,0.00,51.73 ,50
03,009,00,018,0326,449 ,755,14,769,1327,0,2,1,2,0,1,0,0.00,57.95 ,50
03,009,00,018,0327,450 ,585,5,590,1160,0,2,1,2,0,1,0,0.00,50.86 ,50
03,009,00,018,0328,451 ,460,7,467,1012,0,2,1,2,0,1,0,0.00,46.15 ,50
03,009,00,018,0329,452 ,410,3,413,718,0,2,1,2,0,1,0,0.00,57.52 ,50
03,009,00,018,0330,453 ,568,8,576,1067,0,2,1,2,0,1,0,0.00,53.98 ,50
03,009,00,018,0331,454 ,241,2,243,418,0,2,1,2,0,1,0,0.00,58.13 ,50
03,009,00,018,0332,455 ,508,11,519,997,0,2,1,2,0,1,0,0.00,52.06 ,50
03,009,00,018,0332,456 ,452,4,456,807,0,2,1,2,0,1,0,0.00,56.51 ,50
03,009,00,018,0333,457 ,497,5,502,981,0,2,1,2,0,1,0,0.00,51.17 ,50
03,009,00,018,0334,458 ,455,5,460,787,0,2,1,2,0,1,0,0.00,58.45 ,50
03,009,00,018,0335,459 ,536,4,540,1055,0,2,1,2,0,1,0,0.00,51.18 ,50
03,009,00,018,0336,460 ,583,12,595,1176,0,2,1,2,0,1,0,0.00,50.60 ,50
03,009,00,018,0337,461 ,727,14,741,1344,0,2,1,2,0,1,0,0.00,55.13 ,50
03,009,00,018,0338,462 ,589,14,603,1131,0,2,1,2,0,1,0,0.00,53.32 ,50
03,009,00,018,0339,463 ,440,10,450,919,0,2,1,2,0,1,0,0.00,48.97 ,50
03,009,00,019,0340,464 ,614,7,621,949,0,2,1,2,0,1,0,0.00,65.44 ,50
03,009,00,019,0341,465 ,795,6,801,1247,0,2,1,2,0,1,0,0.00,64.23 ,50
03,009,00,019,0342,466 ,425,8,433,772,0,2,1,2,0,1,0,0.00,56.09 ,50
03,009,00,019,0343,467 ,453,4,457,666,0,2,1,2,0,1,0,0.00,68.62 ,50
03,009,00,019,0344,468 ,497,7,504,971,0,2,1,2,0,1,0,0.00,51.91 ,50
03,009,00,019,0345,469 ,585,4,589,953,0,2,1,2,0,1,0,0.00,61.80 ,50
03,009,00,019,0346,470 ,898,7,905,1422,0,2,1,2,0,1,0,0.00,63.64 ,50
03,009,00,019,0347,471 ,466,10,476,924,0,2,1,2,0,1,0,0.00,51.52 ,50
03,009,00,019,0347,472 ,566,8,574,1043,0,2,1,2,0,1,0,0.00,55.03 ,50
03,009,00,019,0348,473 ,426,10,436,881,0,2,1,2,0,1,0,0.00,49.49 ,50
03,009,00,019,0348,474 ,479,2,481,871,0,2,1,2,0,1,0,0.00,55.22 ,50
03,009,00,019,0349,475 ,847,8,855,1490,0,2,1,2,0,1,0,0.00,57.38 ,50
03,009,00,019,0350,476 ,333,4,337,561,0,2,1,2,0,1,0,0.00,60.07 ,50
03,009,00,019,0351,477 ,971,10,981,1347,0,2,1,2,0,1,0,0.00,72.83 ,50
03,009,00,019,0352,478 ,543,6,549,778,0,2,1,2,0,1,0,0.00,70.57 ,50
03,009,00,019,0353,479 ,209,3,212,347,0,2,1,2,0,1,0,0.00,61.10 ,50
03,009,00,019,0353,480 ,750,8,758,1158,0,2,1,2,0,1,0,0.00,65.46 ,50
03,009,00,019,0354,481 ,674,5,679,1038,0,2,1,2,0,1,0,0.00,65.41 ,50
03,009,00,019,0355,482 ,592,6,598,909,0,2,1,2,0,1,0,0.00,65.79 ,50
03,009,00,019,0355,483 ,616,6,622,949,0,2,1,2,0,1,0,0.00,65.54 ,50
03,009,00,019,0356,484 ,781,12,793,1349,0,2,1,2,0,1,0,0.00,58.78 ,50
03,009,00,019,0357,485 ,703,10,713,1071,0,2,1,2,0,1,0,0.00,66.57 ,50
03,009,00,019,0358,486 ,505,10,515,814,0,2,1,2,0,1,0,0.00,63.27 ,50
03,009,00,019,0359,487 ,610,8,618,1002,0,2,1,2,0,1,0,0.00,61.68 ,50
03,009,00,019,0360,488 ,452,4,456,750,0,2,1,2,0,1,0,0.00,60.80 ,50
03,009,00,020,0361,489 ,822,12,834,1284,0,2,1,2,0,1,0,0.00,64.95 ,50
03,009,00,020,0361,490 ,606,6,612,868,0,2,1,2,0,1,0,0.00,70.51 ,50
03,009,00,020,0362,491 ,693,9,702,986,0,2,1,2,0,1,0,0.00,71.20 ,50
03,009,00,020,0362,492 ,513,10,523,795,0,2,1,2,0,1,0,0.00,65.79 ,50
03,009,00,020,0363,493 ,513,14,527,825,0,2,1,2,0,1,0,0.00,63.88 ,50
03,009,00,020,0364,494 ,487,8,495,737,0,2,1,2,0,1,0,0.00,67.16 ,50
03,009,00,020,0365,495 ,688,9,697,1106,0,2,1,2,0,1,0,0.00,63.02 ,50
03,009,00,020,0366,496 ,546,8,554,923,0,2,1,2,0,1,0,0.00,60.02 ,50
03,009,00,020,0367,497 ,795,12,807,1278,0,2,1,2,0,1,0,0.00,63.15 ,50
03,009,00,020,0368,498 ,503,9,512,855,0,2,1,2,0,1,0,0.00,59.88 ,50
03,009,00,020,0369,499 ,624,12,636,1120,0,2,1,2,0,1,0,0.00,56.79 ,50
03,009,00,020,0370,500 ,433,2,435,729,0,2,1,2,0,1,0,0.00,59.67 ,50
03,009,00,020,0371,501 ,379,6,385,719,0,2,1,2,0,1,0,0.00,53.55 ,50
03,009,00,020,0372,502 ,789,11,800,1318,0,2,1,2,0,1,0,0.00,60.70 ,50
03,009,00,020,0373,503 ,483,3,486,801,0,2,1,2,0,1,0,0.00,60.67 ,50
03,009,00,020,0374,504 ,658,17,675,1124,0,2,1,2,0,1,0,0.00,60.05 ,50
03,009,00,020,0375,505 ,637,13,650,1096,0,2,1,2,0,1,0,0.00,59.31 ,50
03,009,00,020,0376,506 ,569,8,577,927,0,2,1,2,0,1,0,0.00,62.24 ,50
03,009,00,020,0377,507 ,710,45,755,1260,0,2,1,2,0,1,0,0.00,59.92 ,50
03,009,00,020,0378,508 ,387,5,392,666,0,2,1,2,0,1,0,0.00,58.86 ,50
03,009,00,020,0379,509 ,563,8,571,923,0,2,1,2,0,1,0,0.00,61.86 ,50
03,009,00,020,0380,510 ,534,10,544,933,0,2,1,2,0,1,0,0.00,58.31 ,50
03,009,00,020,0381,511 ,493,7,500,820,0,2,1,2,0,1,0,0.00,60.98 ,50
03,009,00,020,0382,512 ,687,8,695,1130,0,2,1,2,0,1,0,0.00,61.50 ,50
03,009,00,020,0383,513 ,813,14,827,1298,0,2,1,2,0,1,0,0.00,63.71 ,50
03,009,00,020,0384,514 ,532,10,542,842,0,2,1,2,0,1,0,0.00,64.37 ,50
03,010,00,001,0001,1 ,1013,41,1054,1488,0,2,1,2,0,1,0,0.00,70.83 ,50
03,010,00,001,0002,2 ,323,8,331,443,0,2,1,2,0,1,0,0.00,74.72 ,50
03,010,00,001,0003,3 ,944,9,953,1353,0,2,1,2,0,1,0,0.00,70.44 ,50
03,010,00,001,0004,4 ,972,21,993,1381,0,2,1,2,0,1,0,0.00,71.90 ,50
03,010,00,001,0005,5 ,507,6,513,696,0,2,1,2,0,1,0,0.00,73.71 ,50
03,010,00,001,0005,6 ,270,7,277,370,0,2,1,2,0,1,0,0.00,74.86 ,50
03,010,00,001,0006,7 ,524,6,530,739,0,2,1,2,0,1,0,0.00,71.72 ,50
03,010,00,001,0007,8 ,568,6,574,774,0,2,1,2,0,1,0,0.00,74.16 ,50
03,010,00,001,0008,9 ,154,4,158,223,0,2,1,2,0,1,0,0.00,70.85 ,50
03,010,00,001,0008,10 ,309,3,312,447,0,2,1,2,0,1,0,0.00,69.80 ,50
03,010,00,001,0009,11 ,579,1,580,861,0,2,1,2,0,1,0,0.00,67.36 ,50
03,010,00,001,0010,12 ,824,7,831,1167,0,2,1,2,0,1,0,0.00,71.21 ,50
03,010,00,001,0011,13 ,584,6,590,908,0,2,1,2,0,1,0,0.00,64.98 ,50
03,010,00,001,0012,14 ,326,4,330,502,0,2,1,2,0,1,0,0.00,65.74 ,50
03,010,00,001,0012,15 ,159,1,160,231,0,2,1,2,0,1,0,0.00,69.26 ,50
03,010,00,001,0013,16 ,239,1,240,330,0,2,1,2,0,1,0,0.00,72.73 ,50
03,010,00,001,0013,17 ,187,1,188,254,0,2,1,2,0,1,0,0.00,74.02 ,50
03,010,00,001,0014,18 ,398,1,399,592,0,2,1,2,0,1,0,0.00,67.40 ,50
03,010,00,001,0014,19 ,731,8,739,992,0,2,1,2,0,1,0,0.00,74.50 ,50
03,010,00,001,0015,20 ,589,15,604,813,0,2,1,2,0,1,0,0.00,74.29 ,50
03,010,00,001,0015,21 ,949,9,958,1307,0,2,1,2,0,1,0,0.00,73.30 ,50
03,010,00,001,0016,22 ,1109,10,1119,1592,0,2,1,2,0,1,0,0.00,70.29 ,50
03,010,00,001,0017,23 ,1383,12,1395,1927,0,2,1,2,0,1,0,0.00,72.39 ,50
03,010,00,001,0018,24 ,532,9,541,727,0,2,1,2,0,1,0,0.00,74.42 ,50
03,010,00,002,0019,25 ,531,6,537,784,0,2,1,2,0,1,0,0.00,68.49 ,50
03,010,00,002,0019,26 ,744,5,749,1054,0,2,1,2,0,1,0,0.00,71.06 ,50
03,010,00,002,0020,27 ,1230,9,1239,1733,0,2,1,2,0,1,0,0.00,71.49 ,50
03,010,00,002,0021,28 ,820,9,829,1154,0,2,1,2,0,1,0,0.00,71.84 ,50
03,010,00,002,0022,29 ,394,2,396,568,0,2,1,2,0,1,0,0.00,69.72 ,50
03,010,00,002,0023,30 ,540,9,549,780,0,2,1,2,0,1,0,0.00,70.38 ,50
03,010,00,002,0024,31 ,554,2,556,749,0,2,1,2,0,1,0,0.00,74.23 ,50
03,010,00,002,0025,32 ,570,4,574,792,0,2,1,2,0,1,0,0.00,72.47 ,50
03,010,00,002,0026,33 ,651,4,655,901,0,2,1,2,0,1,0,0.00,72.70 ,50
03,010,00,002,0026,34 ,724,8,732,987,0,2,1,2,0,1,0,0.00,74.16 ,50
03,010,00,002,0027,35 ,645,4,649,915,0,2,1,2,0,1,0,0.00,70.93 ,50
03,010,00,002,0027,36 ,965,3,968,1345,0,2,1,2,0,1,0,0.00,71.97 ,50
03,010,00,002,0028,37 ,1170,8,1178,1645,0,2,1,2,0,1,0,0.00,71.61 ,50
03,010,00,002,0028,38 ,1081,6,1087,1504,0,2,1,2,0,1,0,0.00,72.27 ,50
03,010,00,002,0029,39 ,424,6,430,605,0,2,1,2,0,1,0,0.00,71.07 ,50
03,010,00,002,0030,40 ,498,4,502,767,0,2,1,2,0,1,0,0.00,65.45 ,50
03,010,00,002,0031,41 ,535,9,544,803,0,2,1,2,0,1,0,0.00,67.75 ,50
03,010,00,002,0032,42 ,709,8,717,955,0,2,1,2,0,1,0,0.00,75.08 ,50
03,010,00,002,0033,43 ,296,4,300,427,0,2,1,2,0,1,0,0.00,70.26 ,50
03,010,00,002,0034,44 ,839,14,853,1216,0,2,1,2,0,1,0,0.00,70.15 ,50
03,010,00,002,0034,45 ,839,15,854,1234,0,2,1,2,0,1,0,0.00,69.21 ,50
03,010,00,002,0035,46 ,1008,12,1020,1490,0,2,1,2,0,1,0,0.00,68.46 ,50
03,010,00,002,0036,47 ,381,6,387,550,0,2,1,2,0,1,0,0.00,70.36 ,50
03,010,00,002,0037,48 ,573,5,578,925,0,2,1,2,0,1,0,0.00,62.49 ,50
03,010,00,002,0038,49 ,671,9,680,1000,0,2,1,2,0,1,0,0.00,68.00 ,50
03,010,00,002,0039,50 ,578,8,586,918,0,2,1,2,0,1,0,0.00,63.83 ,50
03,010,00,002,0040,51 ,206,1,207,307,0,2,1,2,0,1,0,0.00,67.43 ,50
03,010,00,002,0041,52 ,510,12,522,811,0,2,1,2,0,1,0,0.00,64.36 ,50
03,010,00,002,0042,53 ,384,8,392,566,0,2,1,2,0,1,0,0.00,69.26 ,50
03,010,00,002,0043,54 ,799,20,819,1213,0,2,1,2,0,1,0,0.00,67.52 ,50
03,010,00,002,0044,55 ,957,18,975,1510,0,2,1,2,0,1,0,0.00,64.57 ,50
03,010,00,002,0045,56 ,396,4,400,581,0,2,1,2,0,1,0,0.00,68.85 ,50
03,010,00,003,0046,57 ,526,16,542,798,0,2,1,2,0,1,0,0.00,67.92 ,50
03,010,00,003,0047,58 ,289,3,292,445,0,2,1,2,0,1,0,0.00,65.62 ,50
03,010,00,003,0048,59 ,839,15,854,1226,0,2,1,2,0,1,0,0.00,69.66 ,50
03,010,00,003,0049,60 ,850,13,863,1213,0,2,1,2,0,1,0,0.00,71.15 ,50
03,010,00,003,0050,61 ,819,5,824,1151,0,2,1,2,0,1,0,0.00,71.59 ,50
03,010,00,003,0050,62 ,486,4,490,680,0,2,1,2,0,1,0,0.00,72.06 ,50
03,010,00,003,0051,63 ,592,3,595,892,0,2,1,2,0,1,0,0.00,66.70 ,50
03,010,00,003,0052,64 ,545,9,554,793,0,2,1,2,0,1,0,0.00,69.86 ,50
03,010,00,003,0053,65 ,620,7,627,930,0,2,1,2,0,1,0,0.00,67.42 ,50
03,010,00,003,0054,66 ,1000,16,1016,1530,0,2,1,2,0,1,0,0.00,66.41 ,50
03,010,00,003,0055,67 ,1053,11,1064,1656,0,2,1,2,0,1,0,0.00,64.25 ,50
03,010,00,003,0056,68 ,1056,13,1069,1620,0,2,1,2,0,1,0,0.00,65.99 ,50
03,010,00,003,0057,69 ,223,3,226,310,0,2,1,2,0,1,0,0.00,72.90 ,50
03,010,00,003,0057,70 ,186,0,186,284,0,2,1,2,0,1,0,0.00,65.49 ,50
03,010,00,003,0058,71 ,305,4,309,472,0,2,1,2,0,1,0,0.00,65.47 ,50
03,010,00,003,0058,72 ,201,1,202,285,0,2,1,2,0,1,0,0.00,70.88 ,50
03,010,00,003,0059,73 ,907,11,918,1302,0,2,1,2,0,1,0,0.00,70.51 ,50
03,010,00,003,0060,74 ,612,7,619,943,0,2,1,2,0,1,0,0.00,65.64 ,50
03,010,00,003,0060,75 ,672,9,681,992,0,2,1,2,0,1,0,0.00,68.65 ,50
03,010,00,003,0061,76 ,257,5,262,403,0,2,1,2,0,1,0,0.00,65.01 ,50
03,010,00,003,0062,77 ,153,1,154,232,0,2,1,2,0,1,0,0.00,66.38 ,50
03,010,00,003,0062,78 ,153,0,153,245,0,2,1,2,0,1,0,0.00,62.45 ,50
03,010,00,003,0063,79 ,103,1,104,163,0,2,1,2,0,1,0,0.00,63.80 ,50
03,010,00,003,0063,80 ,153,4,157,231,0,2,1,2,0,1,0,0.00,67.97 ,50
03,010,00,003,0064,81 ,585,3,588,851,0,2,1,2,0,1,0,0.00,69.10 ,50
03,010,00,003,0065,82 ,684,4,688,994,0,2,1,2,0,1,0,0.00,69.22 ,50
03,010,00,003,0066,83 ,755,8,763,1188,0,2,1,2,0,1,0,0.00,64.23 ,50
03,010,00,003,0067,84 ,679,11,690,1089,0,2,1,2,0,1,0,0.00,63.36 ,50
03,010,00,003,0067,85 ,786,7,793,1203,0,2,1,2,0,1,0,0.00,65.92 ,50
03,010,00,003,0068,86 ,632,8,640,1058,0,2,1,2,0,1,0,0.00,60.49 ,50
03,010,00,004,0069,87 ,396,5,401,551,0,2,1,2,0,1,0,0.00,72.78 ,50
03,010,00,004,0070,88 ,1360,10,1370,1880,0,2,1,2,0,1,0,0.00,72.87 ,50
03,010,00,004,0071,89 ,757,7,764,1038,0,2,1,2,0,1,0,0.00,73.60 ,50
03,010,00,004,0072,90 ,889,6,895,1268,0,2,1,2,0,1,0,0.00,70.58 ,50
03,010,00,004,0072,91 ,951,8,959,1358,0,2,1,2,0,1,0,0.00,70.62 ,50
03,010,00,004,0072,92 ,910,11,921,1302,0,2,1,2,0,1,0,0.00,70.74 ,50
03,010,00,004,0073,93 ,857,8,865,1209,0,2,1,2,0,1,0,0.00,71.55 ,50
03,010,00,004,0074,94 ,871,7,878,1183,0,2,1,2,0,1,0,0.00,74.22 ,50
03,010,00,004,0075,95 ,485,5,490,711,0,2,1,2,0,1,0,0.00,68.92 ,50
03,010,00,004,0076,96 ,556,6,562,887,0,2,1,2,0,1,0,0.00,63.36 ,50
03,010,00,004,0077,97 ,488,2,490,729,0,2,1,2,0,1,0,0.00,67.22 ,50
03,010,00,004,0078,98 ,279,2,281,374,0,2,1,2,0,1,0,0.00,75.13 ,50
03,010,00,004,0079,99 ,1275,8,1283,1798,0,2,1,2,0,1,0,0.00,71.36 ,50
03,010,00,004,0080,100 ,1066,11,1077,1539,0,2,1,2,0,1,0,0.00,69.98 ,50
03,010,00,004,0081,101 ,858,9,867,1191,0,2,1,2,0,1,0,0.00,72.80 ,50
03,010,00,004,0081,102 ,295,5,300,480,0,2,1,2,0,1,0,0.00,62.50 ,50
03,010,00,004,0082,103 ,661,3,664,973,0,2,1,2,0,1,0,0.00,68.24 ,50
03,010,00,004,0083,104 ,1113,9,1122,1559,0,2,1,2,0,1,0,0.00,71.97 ,50
03,010,00,004,0084,105 ,1230,18,1248,1746,0,2,1,2,0,1,0,0.00,71.48 ,50
03,010,00,004,0085,106 ,705,9,714,1044,0,2,1,2,0,1,0,0.00,68.39 ,50
03,010,00,004,0086,107 ,494,3,497,703,0,2,1,2,0,1,0,0.00,70.70 ,50
03,010,00,004,0087,108 ,586,5,591,824,0,2,1,2,0,1,0,0.00,71.72 ,50
03,010,00,004,0088,109 ,833,6,839,1203,0,2,1,2,0,1,0,0.00,69.74 ,50
03,010,00,004,0089,110 ,502,5,507,718,0,2,1,2,0,1,0,0.00,70.61 ,50
03,010,00,005,0090,111 ,827,7,834,1098,0,2,1,2,0,1,0,0.00,75.96 ,50
03,010,00,005,0090,112 ,681,6,687,894,0,2,1,2,0,1,0,0.00,76.85 ,50
03,010,00,005,0091,113 ,1157,14,1171,1523,0,2,1,2,0,1,0,0.00,76.89 ,50
03,010,00,005,0092,114 ,986,5,991,1349,0,2,1,2,0,1,0,0.00,73.46 ,50
03,010,00,005,0092,115 ,1043,5,1048,1353,0,2,1,2,0,1,0,0.00,77.46 ,50
03,010,00,005,0093,116 ,1309,17,1326,1840,0,2,1,2,0,1,0,0.00,72.07 ,50
03,010,00,005,0094,117 ,740,7,747,1047,0,2,1,2,0,1,0,0.00,71.35 ,50
03,010,00,005,0095,118 ,1323,19,1342,1760,0,2,1,2,0,1,0,0.00,76.25 ,50
03,010,00,005,0096,119 ,975,10,985,1316,0,2,1,2,0,1,0,0.00,74.85 ,50
03,010,00,005,0097,120 ,996,16,1012,1345,0,2,1,2,0,1,0,0.00,75.24 ,50
03,010,00,005,0097,121 ,307,1,308,404,0,2,1,2,0,1,0,0.00,76.24 ,50
03,010,00,005,0098,122 ,576,6,582,809,0,2,1,2,0,1,0,0.00,71.94 ,50
03,010,00,005,0099,123 ,413,7,420,619,0,2,1,2,0,1,0,0.00,67.85 ,50
03,010,00,005,0100,124 ,555,2,557,747,0,2,1,2,0,1,0,0.00,74.56 ,50
03,010,00,005,0101,125 ,1172,13,1185,1627,0,2,1,2,0,1,0,0.00,72.83 ,50
03,010,00,005,0102,126 ,532,3,535,690,0,2,1,2,0,1,0,0.00,77.54 ,50
03,010,00,005,0103,127 ,472,7,479,630,0,2,1,2,0,1,0,0.00,76.03 ,50
03,010,00,005,0104,128 ,494,12,506,698,0,2,1,2,0,1,0,0.00,72.49 ,50
03,010,00,005,0105,129 ,1104,7,1111,1500,0,2,1,2,0,1,0,0.00,74.07 ,50
03,010,00,005,0106,130 ,1370,8,1378,1878,0,2,1,2,0,1,0,0.00,73.38 ,50
03,010,00,005,0107,131 ,1534,14,1548,2115,0,2,1,2,0,1,0,0.00,73.19 ,50
03,010,00,005,0108,132 ,1184,14,1198,1555,0,2,1,2,0,1,0,0.00,77.04 ,50
03,010,00,005,0109,133 ,1338,17,1355,1826,0,2,1,2,0,1,0,0.00,74.21 ,50
03,010,00,005,0110,134 ,1221,16,1237,1650,0,2,1,2,0,1,0,0.00,74.97 ,50
03,010,00,005,0110,135 ,932,4,936,1287,0,2,1,2,0,1,0,0.00,72.73 ,50
03,010,00,005,0111,136 ,837,3,840,1113,0,2,1,2,0,1,0,0.00,75.47 ,50
03,010,00,005,0112,137 ,1568,25,1593,2234,0,2,1,2,0,1,0,0.00,71.31 ,50
03,010,00,005,0112,138 ,342,0,342,435,0,2,1,2,0,1,0,0.00,78.62 ,50
03,010,00,005,0113,139 ,1028,16,1044,1402,0,2,1,2,0,1,0,0.00,74.47 ,50
03,010,00,005,0114,140 ,1043,17,1060,1459,0,2,1,2,0,1,0,0.00,72.65 ,50
03,010,00,005,0114,141 ,901,11,912,1225,0,2,1,2,0,1,0,0.00,74.45 ,50
03,010,00,005,0115,142 ,1309,14,1323,1763,0,2,1,2,0,1,0,0.00,75.04 ,50
03,010,00,005,0116,143 ,1277,35,1312,1768,0,2,1,2,0,1,0,0.00,74.21 ,50
03,010,00,005,0117,144 ,1036,12,1048,1515,0,2,1,2,0,1,0,0.00,69.17 ,50
03,010,00,006,0118,145 ,934,8,942,1356,0,2,1,2,0,1,0,0.00,69.47 ,50
03,010,00,006,0119,146 ,549,3,552,840,0,2,1,2,0,1,0,0.00,65.71 ,50
03,010,00,006,0120,147 ,293,2,295,415,0,2,1,2,0,1,0,0.00,71.08 ,50
03,010,00,006,0120,148 ,205,1,206,329,0,2,1,2,0,1,0,0.00,62.61 ,50
03,010,00,006,0121,149 ,538,3,541,859,0,2,1,2,0,1,0,0.00,62.98 ,50
03,010,00,006,0122,150 ,535,5,540,978,0,2,1,2,0,1,0,0.00,55.21 ,50
03,010,00,006,0123,151 ,767,10,777,1237,0,2,1,2,0,1,0,0.00,62.81 ,50
03,010,00,006,0124,152 ,666,10,676,1019,0,2,1,2,0,1,0,0.00,66.34 ,50
03,010,00,006,0125,153 ,395,2,397,581,0,2,1,2,0,1,0,0.00,68.33 ,50
03,010,00,006,0125,154 ,260,2,262,375,0,2,1,2,0,1,0,0.00,69.87 ,50
03,010,00,006,0126,155 ,708,11,719,1119,0,2,1,2,0,1,0,0.00,64.25 ,50
03,010,00,006,0127,156 ,485,3,488,805,0,2,1,2,0,1,0,0.00,60.62 ,50
03,010,00,006,0128,157 ,606,5,611,876,0,2,1,2,0,1,0,0.00,69.75 ,50
03,010,00,006,0128,158 ,296,2,298,369,0,2,1,2,0,1,0,0.00,80.76 ,50
03,010,00,006,0129,159 ,656,4,660,969,0,2,1,2,0,1,0,0.00,68.11 ,50
03,010,00,006,0130,160 ,501,8,509,768,0,2,1,2,0,1,0,0.00,66.28 ,50
03,010,00,006,0131,161 ,637,7,644,877,0,2,1,2,0,1,0,0.00,73.43 ,50
03,010,00,007,0132,162 ,1136,16,1152,1588,0,2,1,2,0,1,0,0.00,72.54 ,50
03,010,00,007,0133,163 ,1170,9,1179,1717,0,2,1,2,0,1,0,0.00,68.67 ,50
03,010,00,007,0134,164 ,972,12,984,1375,0,2,1,2,0,1,0,0.00,71.56 ,50
03,010,00,007,0135,165 ,967,11,978,1407,0,2,1,2,0,1,0,0.00,69.51 ,50
03,010,00,007,0136,166 ,745,9,754,1179,0,2,1,2,0,1,0,0.00,63.95 ,50
03,010,00,007,0137,167 ,975,13,988,1502,0,2,1,2,0,1,0,0.00,65.78 ,50
03,010,00,007,0138,168 ,1084,9,1093,1585,0,2,1,2,0,1,0,0.00,68.96 ,50
03,010,00,007,0139,169 ,600,4,604,919,0,2,1,2,0,1,0,0.00,65.72 ,50
03,010,00,007,0140,170 ,1099,9,1108,1606,0,2,1,2,0,1,0,0.00,68.99 ,50
03,010,00,007,0141,171 ,982,10,992,1440,0,2,1,2,0,1,0,0.00,68.89 ,50
03,010,00,007,0142,172 ,964,6,970,1399,0,2,1,2,0,1,0,0.00,69.34 ,50
03,010,00,007,0143,173 ,570,4,574,803,0,2,1,2,0,1,0,0.00,71.48 ,50
03,010,00,007,0144,174 ,623,12,635,967,0,2,1,2,0,1,0,0.00,65.67 ,50
03,010,00,007,0145,175 ,494,6,500,705,0,2,1,2,0,1,0,0.00,70.92 ,50
03,010,00,007,0146,176 ,746,17,763,1163,0,2,1,2,0,1,0,0.00,65.61 ,50
03,010,00,007,0147,177 ,732,6,738,1165,0,2,1,2,0,1,0,0.00,63.35 ,50
03,010,00,007,0148,178 ,736,12,748,1103,0,2,1,2,0,1,0,0.00,67.82 ,50
03,010,00,007,0149,179 ,451,4,455,665,0,2,1,2,0,1,0,0.00,68.42 ,50
03,010,00,007,0150,180 ,550,6,556,800,0,2,1,2,0,1,0,0.00,69.50 ,50
03,010,00,007,0151,181 ,381,6,387,605,0,2,1,2,0,1,0,0.00,63.97 ,50
03,010,00,007,0152,182 ,663,8,671,994,0,2,1,2,0,1,0,0.00,67.51 ,50
03,010,00,007,0153,183 ,377,9,386,648,0,2,1,2,0,1,0,0.00,59.57 ,50
03,010,00,007,0154,184 ,341,5,346,506,0,2,1,2,0,1,0,0.00,68.38 ,50
03,010,00,008,0155,185 ,921,7,928,1273,0,2,1,2,0,1,0,0.00,72.90 ,50
03,010,00,008,0156,186 ,606,13,619,967,0,2,1,2,0,1,0,0.00,64.01 ,50
03,010,00,008,0157,187 ,609,7,616,861,0,2,1,2,0,1,0,0.00,71.54 ,50
03,010,00,008,0158,188 ,318,2,320,401,0,2,1,2,0,1,0,0.00,79.80 ,50
03,010,00,008,0159,189 ,833,9,842,1266,0,2,1,2,0,1,0,0.00,66.51 ,50
03,010,00,008,0160,190 ,859,11,870,1400,0,2,1,2,0,1,0,0.00,62.14 ,50
03,010,00,008,0161,191 ,559,10,569,878,0,2,1,2,0,1,0,0.00,64.81 ,50
03,010,00,008,0162,192 ,492,3,495,765,0,2,1,2,0,1,0,0.00,64.71 ,50
03,010,00,008,0163,193 ,381,5,386,619,0,2,1,2,0,1,0,0.00,62.36 ,50
03,010,00,008,0163,194 ,119,4,123,199,0,2,1,2,0,1,0,0.00,61.81 ,50
03,010,00,008,0164,195 ,177,3,180,275,0,2,1,2,0,1,0,0.00,65.45 ,50
03,010,00,008,0164,196 ,200,2,202,310,0,2,1,2,0,1,0,0.00,65.16 ,50
03,010,00,008,0164,197 ,271,6,277,420,0,2,1,2,0,1,0,0.00,65.95 ,50
03,010,00,008,0164,198 ,293,1,294,418,0,2,1,2,0,1,0,0.00,70.33 ,50
03,010,00,008,0165,199 ,418,8,426,680,0,2,1,2,0,1,0,0.00,62.65 ,50
03,010,00,008,0166,200 ,514,15,529,809,0,2,1,2,0,1,0,0.00,65.39 ,50
03,010,00,008,0167,201 ,707,9,716,1126,0,2,1,2,0,1,0,0.00,63.59 ,50
03,010,00,008,0168,202 ,556,5,561,833,0,2,1,2,0,1,0,0.00,67.35 ,50
03,010,00,008,0169,203 ,687,2,689,1049,0,2,1,2,0,1,0,0.00,65.68 ,50
03,010,00,008,0170,204 ,954,14,968,1407,0,2,1,2,0,1,0,0.00,68.80 ,50
03,010,00,008,0171,205 ,454,5,459,752,0,2,1,2,0,1,0,0.00,61.04 ,50
03,010,00,008,0172,206 ,378,2,380,621,0,2,1,2,0,1,0,0.00,61.19 ,50
03,010,00,008,0173,207 ,540,4,544,874,0,2,1,2,0,1,0,0.00,62.24 ,50
03,010,00,008,0174,208 ,626,6,632,1002,0,2,1,2,0,1,0,0.00,63.07 ,50
03,010,00,008,0175,209 ,608,10,618,985,0,2,1,2,0,1,0,0.00,62.74 ,50
03,010,00,008,0176,210 ,482,3,485,739,0,2,1,2,0,1,0,0.00,65.63 ,50
03,010,00,008,0177,211 ,538,6,544,834,0,2,1,2,0,1,0,0.00,65.23 ,50
03,010,00,008,0178,212 ,590,7,597,931,0,2,1,2,0,1,0,0.00,64.12 ,50
03,010,00,008,0179,213 ,269,4,273,415,0,2,1,2,0,1,0,0.00,65.78 ,50
03,010,00,008,0179,214 ,178,2,180,290,0,2,1,2,0,1,0,0.00,62.07 ,50
03,010,00,009,0180,215 ,1011,9,1020,1632,0,2,1,2,0,1,0,0.00,62.50 ,50
03,010,00,009,0181,216 ,623,7,630,1019,0,2,1,2,0,1,0,0.00,61.83 ,50
03,010,00,009,0182,217 ,930,12,942,1485,0,2,1,2,0,1,0,0.00,63.43 ,50
03,010,00,009,0183,218 ,928,15,943,1486,0,2,1,2,0,1,0,0.00,63.46 ,50
03,010,00,009,0184,219 ,753,12,765,1264,0,2,1,2,0,1,0,0.00,60.52 ,50
03,010,00,009,0185,220 ,476,6,482,722,0,2,1,2,0,1,0,0.00,66.76 ,50
03,010,00,009,0186,221 ,288,5,293,475,0,2,1,2,0,1,0,0.00,61.68 ,50
03,010,00,009,0187,222 ,639,10,649,1100,0,2,1,2,0,1,0,0.00,59.00 ,50
03,010,00,009,0188,223 ,799,9,808,1134,0,2,1,2,0,1,0,0.00,71.25 ,50
03,010,00,009,0189,224 ,565,5,570,937,0,2,1,2,0,1,0,0.00,60.83 ,50
03,010,00,009,0190,225 ,116,3,119,211,0,2,1,2,0,1,0,0.00,56.40 ,50
03,010,00,009,0190,226 ,144,2,146,263,0,2,1,2,0,1,0,0.00,55.51 ,50
03,010,00,009,0191,227 ,679,7,686,1144,0,2,1,2,0,1,0,0.00,59.97 ,50
03,010,00,009,0192,228 ,246,1,247,420,0,2,1,2,0,1,0,0.00,58.81 ,50
03,010,00,009,0193,229 ,706,13,719,1060,0,2,1,2,0,1,0,0.00,67.83 ,50
03,010,00,009,0193,230 ,215,3,218,330,0,2,1,2,0,1,0,0.00,66.06 ,50
03,010,00,009,0194,231 ,967,8,975,1321,0,2,1,2,0,1,0,0.00,73.81 ,50
03,010,00,009,0195,232 ,644,18,662,958,0,2,1,2,0,1,0,0.00,69.10 ,50
03,010,00,009,0196,233 ,521,8,529,834,0,2,1,2,0,1,0,0.00,63.43 ,50
03,010,00,009,0197,234 ,625,5,630,946,0,2,1,2,0,1,0,0.00,66.60 ,50
03,010,00,009,0198,235 ,256,4,260,432,0,2,1,2,0,1,0,0.00,60.19 ,50
03,010,00,009,0198,236 ,294,7,301,424,0,2,1,2,0,1,0,0.00,70.99 ,50
03,010,00,009,0199,237 ,658,10,668,997,0,2,1,2,0,1,0,0.00,67.00 ,50
03,010,00,009,0200,238 ,641,5,646,1022,0,2,1,2,0,1,0,0.00,63.21 ,50
03,010,00,009,0201,239 ,769,4,773,1215,0,2,1,2,0,1,0,0.00,63.62 ,50
03,010,00,009,0202,240 ,322,2,324,476,0,2,1,2,0,1,0,0.00,68.07 ,50
03,010,00,009,0202,241 ,246,2,248,355,0,2,1,2,0,1,0,0.00,69.86 ,50
03,010,00,010,0203,242 ,594,4,598,876,0,2,1,2,0,1,0,0.00,68.26 ,50
03,010,00,010,0204,243 ,1119,12,1131,1597,0,2,1,2,0,1,0,0.00,70.82 ,50
03,010,00,010,0205,244 ,980,16,996,1371,0,2,1,2,0,1,0,0.00,72.65 ,50
03,010,00,010,0206,245 ,681,11,692,903,0,2,1,2,0,1,0,0.00,76.63 ,50
03,010,00,010,0207,246 ,480,6,486,705,0,2,1,2,0,1,0,0.00,68.94 ,50
03,010,00,010,0208,247 ,933,19,952,1307,0,2,1,2,0,1,0,0.00,72.84 ,50
03,010,00,010,0209,248 ,276,2,278,410,0,2,1,2,0,1,0,0.00,67.80 ,50
03,010,00,010,0210,249 ,247,2,249,391,0,2,1,2,0,1,0,0.00,63.68 ,50
03,010,00,010,0210,250 ,94,1,95,139,0,2,1,2,0,1,0,0.00,68.35 ,50
03,010,00,010,0211,251 ,583,9,592,819,0,2,1,2,0,1,0,0.00,72.28 ,50
03,010,00,010,0212,252 ,310,6,316,439,0,2,1,2,0,1,0,0.00,71.98 ,50
03,010,00,010,0213,253 ,383,3,386,545,0,2,1,2,0,1,0,0.00,70.83 ,50
03,010,00,010,0214,254 ,410,2,412,576,0,2,1,2,0,1,0,0.00,71.53 ,50
03,010,00,010,0215,255 ,1016,14,1030,1494,0,2,1,2,0,1,0,0.00,68.94 ,50
03,010,00,010,0216,256 ,567,8,575,876,0,2,1,2,0,1,0,0.00,65.64 ,50
03,010,00,010,0217,257 ,587,12,599,952,0,2,1,2,0,1,0,0.00,62.92 ,50
03,010,00,010,0218,258 ,616,9,625,841,0,2,1,2,0,1,0,0.00,74.32 ,50
03,010,00,010,0219,259 ,366,11,377,567,0,2,1,2,0,1,0,0.00,66.49 ,50
03,010,00,010,0220,260 ,385,5,390,557,0,2,1,2,0,1,0,0.00,70.02 ,50
03,010,00,010,0221,261 ,518,3,521,733,0,2,1,2,0,1,0,0.00,71.08 ,50
03,010,00,010,0221,262 ,120,0,120,185,0,2,1,2,0,1,0,0.00,64.86 ,50
03,010,00,010,0222,263 ,369,8,377,526,0,2,1,2,0,1,0,0.00,71.67 ,50
03,010,00,010,0223,264 ,515,8,523,777,0,2,1,2,0,1,0,0.00,67.31 ,50
03,010,00,011,0224,265 ,329,11,340,490,0,2,1,2,0,1,0,0.00,69.39 ,50
03,010,00,011,0225,266 ,457,7,464,658,0,2,1,2,0,1,0,0.00,70.52 ,50
03,010,00,011,0226,267 ,884,19,903,1245,0,2,1,2,0,1,0,0.00,72.53 ,50
03,010,00,011,0227,268 ,805,8,813,1164,0,2,1,2,0,1,0,0.00,69.85 ,50
03,010,00,011,0228,269 ,196,2,198,291,0,2,1,2,0,1,0,0.00,68.04 ,50
03,010,00,011,0228,270 ,75,0,75,120,0,2,1,2,0,1,0,0.00,62.50 ,50
03,010,00,011,0229,271 ,822,11,833,1181,0,2,1,2,0,1,0,0.00,70.53 ,50
03,010,00,011,0230,272 ,375,7,382,562,0,2,1,2,0,1,0,0.00,67.97 ,50
03,010,00,011,0231,273 ,621,7,628,1019,0,2,1,2,0,1,0,0.00,61.63 ,50
03,010,00,011,0232,274 ,758,9,767,1177,0,2,1,2,0,1,0,0.00,65.17 ,50
03,010,00,011,0233,275 ,736,11,747,1156,0,2,1,2,0,1,0,0.00,64.62 ,50
03,010,00,011,0234,276 ,634,5,639,965,0,2,1,2,0,1,0,0.00,66.22 ,50
03,010,00,011,0235,277 ,465,4,469,702,0,2,1,2,0,1,0,0.00,66.81 ,50
03,010,00,011,0235,278 ,151,1,152,243,0,2,1,2,0,1,0,0.00,62.55 ,50
03,010,00,011,0236,279 ,708,5,713,1038,0,2,1,2,0,1,0,0.00,68.69 ,50
03,010,00,011,0236,280 ,217,6,223,320,0,2,1,2,0,1,0,0.00,69.69 ,50
03,010,00,011,0237,281 ,803,12,815,1183,0,2,1,2,0,1,0,0.00,68.89 ,50
03,010,00,011,0237,282 ,264,2,266,367,0,2,1,2,0,1,0,0.00,72.48 ,50
03,010,00,011,0238,283 ,203,1,204,303,0,2,1,2,0,1,0,0.00,67.33 ,50
03,010,00,011,0238,284 ,181,5,186,280,0,2,1,2,0,1,0,0.00,66.43 ,50
03,010,00,012,0239,285 ,883,8,891,1211,0,2,1,2,0,1,0,0.00,73.58 ,50
03,010,00,012,0239,286 ,986,11,997,1345,0,2,1,2,0,1,0,0.00,74.13 ,50
03,010,00,012,0240,287 ,942,1,943,1274,0,2,1,2,0,1,0,0.00,74.02 ,50
03,010,00,012,0240,288 ,360,9,369,495,0,2,1,2,0,1,0,0.00,74.55 ,50
03,010,00,012,0241,289 ,354,1,355,461,0,2,1,2,0,1,0,0.00,77.01 ,50
03,010,00,012,0241,290 ,369,7,376,493,0,2,1,2,0,1,0,0.00,76.27 ,50
03,010,00,012,0241,291 ,236,2,238,325,0,2,1,2,0,1,0,0.00,73.23 ,50
03,010,00,012,0242,292 ,1256,18,1274,1776,0,2,1,2,0,1,0,0.00,71.73 ,50
03,010,00,012,0243,293 ,530,7,537,771,0,2,1,2,0,1,0,0.00,69.65 ,50
03,010,00,012,0244,294 ,733,4,737,1003,0,2,1,2,0,1,0,0.00,73.48 ,50
03,010,00,012,0244,295 ,273,2,275,364,0,2,1,2,0,1,0,0.00,75.55 ,50
03,010,00,012,0245,296 ,330,1,331,453,0,2,1,2,0,1,0,0.00,73.07 ,50
03,010,00,012,0245,297 ,760,6,766,1042,0,2,1,2,0,1,0,0.00,73.51 ,50
03,010,00,012,0246,298 ,822,11,833,1133,0,2,1,2,0,1,0,0.00,73.52 ,50
03,010,00,012,0246,299 ,351,4,355,473,0,2,1,2,0,1,0,0.00,75.05 ,50
03,010,00,012,0247,300 ,492,8,500,667,0,2,1,2,0,1,0,0.00,74.96 ,50
03,010,00,012,0248,301 ,510,9,519,682,0,2,1,2,0,1,0,0.00,76.10 ,50
03,010,00,012,0249,302 ,429,4,433,546,0,2,1,2,0,1,0,0.00,79.30 ,50
03,010,00,012,0250,303 ,585,3,588,787,0,2,1,2,0,1,0,0.00,74.71 ,50
03,010,00,012,0250,304 ,275,6,281,384,0,2,1,2,0,1,0,0.00,73.18 ,50
03,010,00,012,0251,305 ,1148,5,1153,1607,0,2,1,2,0,1,0,0.00,71.75 ,50
03,010,00,012,0252,306 ,698,9,707,994,0,2,1,2,0,1,0,0.00,71.13 ,50
03,010,00,012,0253,307 ,950,14,964,1274,0,2,1,2,0,1,0,0.00,75.67 ,50
03,010,00,012,0253,308 ,580,4,584,741,0,2,1,2,0,1,0,0.00,78.81 ,50
03,010,00,012,0254,309 ,1151,15,1166,1642,0,2,1,2,0,1,0,0.00,71.01 ,50
03,010,00,012,0255,310 ,1172,11,1183,1601,0,2,1,2,0,1,0,0.00,73.89 ,50
03,010,00,012,0256,311 ,638,10,648,891,0,2,1,2,0,1,0,0.00,72.73 ,50
03,010,00,012,0257,312 ,990,11,1001,1374,0,2,1,2,0,1,0,0.00,72.85 ,50
03,010,00,012,0257,313 ,970,10,980,1336,0,2,1,2,0,1,0,0.00,73.35 ,50
03,010,00,012,0258,314 ,908,7,915,1223,0,2,1,2,0,1,0,0.00,74.82 ,50
03,010,00,012,0258,315 ,1057,8,1065,1448,0,2,1,2,0,1,0,0.00,73.55 ,50
03,010,00,012,0259,316 ,547,7,554,739,0,2,1,2,0,1,0,0.00,74.97 ,50
03,010,00,012,0260,317 ,1261,18,1279,1775,0,2,1,2,0,1,0,0.00,72.06 ,50
03,010,00,012,0261,318 ,1310,16,1326,1792,0,2,1,2,0,1,0,0.00,74.00 ,50
03,010,00,012,0262,319 ,576,9,585,835,0,2,1,2,0,1,0,0.00,70.06 ,50
03,010,00,012,0263,320 ,724,7,731,1021,0,2,1,2,0,1,0,0.00,71.60 ,50
03,010,00,012,0264,321 ,860,10,870,1291,0,2,1,2,0,1,0,0.00,67.39 ,50
03,010,00,013,0265,322 ,1132,14,1146,1557,0,2,1,2,0,1,0,0.00,73.60 ,50
03,010,00,013,0266,323 ,519,6,525,754,0,2,1,2,0,1,0,0.00,69.63 ,50
03,010,00,013,0267,324 ,507,11,518,710,0,2,1,2,0,1,0,0.00,72.96 ,50
03,010,00,013,0268,325 ,550,3,553,817,0,2,1,2,0,1,0,0.00,67.69 ,50
03,010,00,013,0269,326 ,876,8,884,1289,0,2,1,2,0,1,0,0.00,68.58 ,50
03,010,00,013,0270,327 ,678,10,688,1023,0,2,1,2,0,1,0,0.00,67.25 ,50
03,010,00,013,0270,328 ,856,8,864,1174,0,2,1,2,0,1,0,0.00,73.59 ,50
03,010,00,013,0271,329 ,1404,12,1416,2129,0,2,1,2,0,1,0,0.00,66.51 ,50
03,010,00,013,0272,330 ,1097,16,1113,1556,0,2,1,2,0,1,0,0.00,71.53 ,50
03,010,00,013,0272,331 ,1069,8,1077,1524,0,2,1,2,0,1,0,0.00,70.67 ,50
03,010,00,013,0272,332 ,1187,13,1200,1654,0,2,1,2,0,1,0,0.00,72.55 ,50
03,010,00,013,0273,333 ,1374,8,1382,2038,0,2,1,2,0,1,0,0.00,67.81 ,50
03,010,00,013,0273,334 ,1522,21,1543,2263,0,2,1,2,0,1,0,0.00,68.18 ,50
03,010,00,013,0274,335 ,1112,10,1122,1592,0,2,1,2,0,1,0,0.00,70.48 ,50
03,010,00,013,0275,336 ,859,10,869,1211,0,2,1,2,0,1,0,0.00,71.76 ,50
03,010,00,013,0276,337 ,1069,9,1078,1541,0,2,1,2,0,1,0,0.00,69.95 ,50
03,010,00,013,0276,338 ,312,1,313,462,0,2,1,2,0,1,0,0.00,67.75 ,50
03,010,00,013,0277,339 ,801,7,808,1118,0,2,1,2,0,1,0,0.00,72.27 ,50
03,010,00,013,0278,340 ,602,6,608,831,0,2,1,2,0,1,0,0.00,73.16 ,50
03,010,00,013,0278,341 ,232,3,235,315,0,2,1,2,0,1,0,0.00,74.60 ,50
03,010,00,013,0279,342 ,666,3,669,908,0,2,1,2,0,1,0,0.00,73.68 ,50
03,010,00,013,0280,343 ,844,6,850,1190,0,2,1,2,0,1,0,0.00,71.43 ,50
03,010,00,013,0280,344 ,429,5,434,643,0,2,1,2,0,1,0,0.00,67.50 ,50
03,010,00,013,0281,345 ,539,2,541,718,0,2,1,2,0,1,0,0.00,75.35 ,50
03,010,00,013,0282,346 ,467,3,470,627,0,2,1,2,0,1,0,0.00,74.96 ,50
03,010,00,013,0283,347 ,545,0,545,707,0,2,1,2,0,1,0,0.00,77.09 ,50
03,010,00,013,0284,348 ,392,2,394,534,0,2,1,2,0,1,0,0.00,73.78 ,50
03,010,00,013,0284,349 ,405,4,409,574,0,2,1,2,0,1,0,0.00,71.25 ,50
03,010,00,013,0285,350 ,231,3,234,319,0,2,1,2,0,1,0,0.00,73.35 ,50
03,010,00,013,0286,351 ,245,2,247,330,0,2,1,2,0,1,0,0.00,74.85 ,50
03,010,00,014,0287,352 ,754,11,765,1072,0,2,1,2,0,1,0,0.00,71.36 ,50
03,010,00,014,0287,353 ,702,8,710,970,0,2,1,2,0,1,0,0.00,73.20 ,50
03,010,00,014,0288,354 ,1185,12,1197,1695,0,2,1,2,0,1,0,0.00,70.62 ,50
03,010,00,014,0289,355 ,500,5,505,734,0,2,1,2,0,1,0,0.00,68.80 ,50
03,010,00,014,0290,356 ,612,12,624,842,0,2,1,2,0,1,0,0.00,74.11 ,50
03,010,00,014,0291,357 ,874,5,879,1260,0,2,1,2,0,1,0,0.00,69.76 ,50
03,010,00,014,0292,358 ,425,5,430,552,0,2,1,2,0,1,0,0.00,77.90 ,50
03,010,00,014,0293,359 ,762,7,769,1038,0,2,1,2,0,1,0,0.00,74.08 ,50
03,010,00,014,0294,360 ,769,6,775,1081,0,2,1,2,0,1,0,0.00,71.69 ,50
03,010,00,014,0294,361 ,1111,9,1120,1563,0,2,1,2,0,1,0,0.00,71.66 ,50
03,010,00,014,0294,362 ,1032,9,1041,1513,0,2,1,2,0,1,0,0.00,68.80 ,50
03,010,00,014,0295,363 ,864,10,874,1242,0,2,1,2,0,1,0,0.00,70.37 ,50
03,010,00,014,0296,364 ,929,6,935,1297,0,2,1,2,0,1,0,0.00,72.09 ,50
03,010,00,014,0297,365 ,1091,9,1100,1569,0,2,1,2,0,1,0,0.00,70.11 ,50
03,010,00,014,0298,366 ,447,7,454,675,0,2,1,2,0,1,0,0.00,67.26 ,50
03,010,00,014,0298,367 ,725,8,733,993,0,2,1,2,0,1,0,0.00,73.82 ,50
03,010,00,014,0299,368 ,522,5,527,743,0,2,1,2,0,1,0,0.00,70.93 ,50
03,010,00,014,0299,369 ,246,1,247,370,0,2,1,2,0,1,0,0.00,66.76 ,50
03,010,00,014,0300,370 ,505,4,509,739,0,2,1,2,0,1,0,0.00,68.88 ,50
03,010,00,014,0301,371 ,353,3,356,493,0,2,1,2,0,1,0,0.00,72.21 ,50
03,010,00,014,0301,372 ,242,1,243,404,0,2,1,2,0,1,0,0.00,60.15 ,50
03,010,00,014,0302,373 ,384,2,386,541,0,2,1,2,0,1,0,0.00,71.35 ,50
03,010,00,014,0303,374 ,164,0,164,230,0,2,1,2,0,1,0,0.00,71.30 ,50
03,010,00,014,0303,375 ,942,15,957,1354,0,2,1,2,0,1,0,0.00,70.68 ,50
03,010,00,014,0304,376 ,504,4,508,843,0,2,1,2,0,1,0,0.00,60.26 ,50
03,010,00,014,0305,377 ,331,0,331,521,0,2,1,2,0,1,0,0.00,63.53 ,50
03,010,00,014,0306,378 ,1312,14,1326,1780,0,2,1,2,0,1,0,0.00,74.49 ,50
03,010,00,014,0307,379 ,642,6,648,974,0,2,1,2,0,1,0,0.00,66.53 ,50
03,010,00,014,0307,380 ,93,2,95,149,0,2,1,2,0,1,0,0.00,63.76 ,50
03,010,00,014,0308,381 ,195,2,197,353,0,2,1,2,0,1,0,0.00,55.81 ,50
03,010,00,014,0309,382 ,261,7,268,424,0,2,1,2,0,1,0,0.00,63.21 ,50
03,010,00,014,0309,383 ,281,4,285,380,0,2,1,2,0,1,0,0.00,75.00 ,50
03,010,00,014,0310,384 ,316,4,320,442,0,2,1,2,0,1,0,0.00,72.40 ,50
03,010,00,014,0310,385 ,190,3,193,330,0,2,1,2,0,1,0,0.00,58.48 ,50
03,010,00,010,0311,386 ,535,10,545,838,0,2,1,2,0,1,0,0.00,65.04 ,50
03,010,00,016,0312,387 ,697,7,704,966,0,2,1,2,0,1,0,0.00,72.88 ,50
03,010,00,016,0312,388 ,1078,7,1085,1519,0,2,1,2,0,1,0,0.00,71.43 ,50
03,010,00,016,0313,389 ,763,3,766,998,0,2,1,2,0,1,0,0.00,76.75 ,50
03,010,00,016,0314,390 ,1013,3,1016,1370,0,2,1,2,0,1,0,0.00,74.16 ,50
03,010,00,016,0314,391 ,1496,8,1504,2109,0,2,1,2,0,1,0,0.00,71.31 ,50
03,010,00,016,0315,392 ,445,4,449,595,0,2,1,2,0,1,0,0.00,75.46 ,50
03,010,00,016,0316,393 ,382,5,387,543,0,2,1,2,0,1,0,0.00,71.27 ,50
03,010,00,016,0317,394 ,505,4,509,715,0,2,1,2,0,1,0,0.00,71.19 ,50
03,010,00,016,0318,395 ,463,1,464,589,0,2,1,2,0,1,0,0.00,78.78 ,50
03,010,00,016,0319,396 ,1237,9,1246,1708,0,2,1,2,0,1,0,0.00,72.95 ,50
03,010,00,016,0320,397 ,677,11,688,975,0,2,1,2,0,1,0,0.00,70.56 ,50
03,010,00,016,0321,398 ,392,2,394,543,0,2,1,2,0,1,0,0.00,72.56 ,50
03,010,00,016,0322,399 ,351,1,352,487,0,2,1,2,0,1,0,0.00,72.28 ,50
03,010,00,016,0323,400 ,349,1,350,531,0,2,1,2,0,1,0,0.00,65.91 ,50
03,010,00,016,0324,401 ,293,6,299,417,0,2,1,2,0,1,0,0.00,71.70 ,50
03,010,00,016,0325,402 ,335,1,336,492,0,2,1,2,0,1,0,0.00,68.29 ,50
03,010,00,016,0326,403 ,220,2,222,353,0,2,1,2,0,1,0,0.00,62.89 ,50
03,010,00,016,0327,404 ,481,8,489,720,0,2,1,2,0,1,0,0.00,67.92 ,50
03,010,00,016,0328,405 ,532,9,541,734,0,2,1,2,0,1,0,0.00,73.71 ,50
03,010,00,016,0329,406 ,385,7,392,565,0,2,1,2,0,1,0,0.00,69.38 ,50
03,010,00,016,0329,407 ,314,6,320,467,0,2,1,2,0,1,0,0.00,68.52 ,50
03,010,00,017,0330,408 ,653,7,660,895,0,2,1,2,0,1,0,0.00,73.74 ,50
03,010,00,017,0331,409 ,246,2,248,353,0,2,1,2,0,1,0,0.00,70.25 ,50
03,010,00,017,0332,410 ,547,5,552,751,0,2,1,2,0,1,0,0.00,73.50 ,50
03,010,00,017,0333,411 ,1020,13,1033,1453,0,2,1,2,0,1,0,0.00,71.09 ,50
03,010,00,017,0334,412 ,623,9,632,804,0,2,1,2,0,1,0,0.00,78.61 ,50
03,010,00,017,0335,413 ,570,9,579,795,0,2,1,2,0,1,0,0.00,72.83 ,50
03,010,00,017,0336,414 ,612,6,618,861,0,2,1,2,0,1,0,0.00,71.78 ,50
03,010,00,017,0337,415 ,538,1,539,886,0,2,1,2,0,1,0,0.00,60.84 ,50
03,010,00,017,0338,416 ,295,1,296,415,0,2,1,2,0,1,0,0.00,71.33 ,50
03,010,00,017,0338,417 ,316,5,321,469,0,2,1,2,0,1,0,0.00,68.44 ,50
03,010,00,017,0339,418 ,357,7,364,577,0,2,1,2,0,1,0,0.00,63.08 ,50
03,010,00,017,0340,419 ,119,1,120,143,0,2,1,2,0,1,0,0.00,83.92 ,50
03,010,00,017,0340,420 ,146,2,148,210,0,2,1,2,0,1,0,0.00,70.48 ,50
03,010,00,018,0341,421 ,612,10,622,977,0,2,1,2,0,1,0,0.00,63.66 ,50
03,010,00,018,0342,422 ,168,3,171,248,0,2,1,2,0,1,0,0.00,68.95 ,50
03,010,00,018,0342,423 ,156,0,156,244,0,2,1,2,0,1,0,0.00,63.93 ,50
03,010,00,018,0343,424 ,91,2,93,155,0,2,1,2,0,1,0,0.00,60.00 ,50
03,010,00,018,0343,425 ,86,0,86,151,0,2,1,2,0,1,0,0.00,56.95 ,50
03,010,00,018,0344,426 ,221,3,224,340,0,2,1,2,0,1,0,0.00,65.88 ,50
03,010,00,018,0344,427 ,95,1,96,144,0,2,1,2,0,1,0,0.00,66.67 ,50
03,010,00,018,0344,428 ,107,2,109,219,0,2,1,2,0,1,0,0.00,49.77 ,50
03,010,00,018,0345,429 ,224,5,229,362,0,2,1,2,0,1,0,0.00,63.26 ,50
03,010,00,019,0346,430 ,230,3,233,384,0,2,1,2,0,1,0,0.00,60.68 ,50
03,010,00,019,0347,431 ,125,0,125,200,0,2,1,2,0,1,0,0.00,62.50 ,50
03,010,00,019,0348,432 ,152,2,154,256,0,2,1,2,0,1,0,0.00,60.16 ,50
03,010,00,019,0349,433 ,158,2,160,244,0,2,1,2,0,1,0,0.00,65.57 ,50
03,010,00,019,0349,434 ,47,0,47,81,0,2,1,2,0,1,0,0.00,58.02 ,50
03,010,00,019,0350,435 ,554,9,563,868,0,2,1,2,0,1,0,0.00,64.86 ,50
03,010,00,019,0351,436 ,426,3,429,667,0,2,1,2,0,1,0,0.00,64.32 ,50
03,010,00,019,0352,437 ,228,1,229,331,0,2,1,2,0,1,0,0.00,69.18 ,50
03,010,00,019,0353,438 ,181,1,182,261,0,2,1,2,0,1,0,0.00,69.73 ,50
03,010,00,019,0354,439 ,181,3,184,261,0,2,1,2,0,1,0,0.00,70.50 ,50
03,010,00,019,0355,440 ,287,4,291,424,0,2,1,2,0,1,0,0.00,68.63 ,50
03,010,00,019,0356,441 ,185,7,192,285,0,2,1,2,0,1,0,0.00,67.37 ,50
03,010,00,019,0357,442 ,205,0,205,320,0,2,1,2,0,1,0,0.00,64.06 ,50
03,011,00,001,0001,1 ,792,5,797,1075,0,2,1,2,0,1,0,0.00,74.14 ,50
03,011,00,001,0001,2 ,918,7,925,1188,0,2,1,2,0,1,0,0.00,77.86 ,50
03,011,00,001,0001,3 ,924,5,929,1198,0,2,1,2,0,1,0,0.00,77.55 ,50
03,011,00,001,0001,4 ,1023,11,1034,1365,0,2,1,2,0,1,0,0.00,75.75 ,50
03,011,00,001,0002,5 ,1034,8,1042,1397,0,2,1,2,0,1,0,0.00,74.59 ,50
03,011,00,001,0003,6 ,887,7,894,1238,0,2,1,2,0,1,0,0.00,72.21 ,50
03,011,00,001,0003,7 ,908,8,916,1271,0,2,1,2,0,1,0,0.00,72.07 ,50
03,011,00,001,0004,8 ,678,9,687,948,0,2,1,2,0,1,0,0.00,72.47 ,50
03,011,00,001,0005,9 ,951,15,966,1375,0,2,1,2,0,1,0,0.00,70.25 ,50
03,011,00,001,0006,10 ,808,4,812,1052,0,2,1,2,0,1,0,0.00,77.19 ,50
03,011,00,001,0007,11 ,667,9,676,915,0,2,1,2,0,1,0,0.00,73.88 ,50
03,011,00,001,0007,12 ,715,3,718,969,0,2,1,2,0,1,0,0.00,74.10 ,50
03,011,00,001,0007,13 ,853,9,862,1198,0,2,1,2,0,1,0,0.00,71.95 ,50
03,011,00,001,0008,14 ,776,9,785,1031,0,2,1,2,0,1,0,0.00,76.14 ,50
03,011,00,001,0008,15 ,722,9,731,989,0,2,1,2,0,1,0,0.00,73.91 ,50
03,011,00,001,0008,16 ,824,7,831,1104,0,2,1,2,0,1,0,0.00,75.27 ,50
03,011,00,001,0008,17 ,893,7,900,1231,0,2,1,2,0,1,0,0.00,73.11 ,50
03,011,00,001,0009,18 ,611,4,615,848,0,2,1,2,0,1,0,0.00,72.52 ,50
03,011,00,001,0009,19 ,564,5,569,797,0,2,1,2,0,1,0,0.00,71.39 ,50
03,011,00,001,0010,20 ,1092,12,1104,1482,0,2,1,2,0,1,0,0.00,74.49 ,50
03,011,00,001,0011,21 ,98,-9,89,120,0,2,1,2,0,1,0,0.00,74.17 ,50
03,011,00,001,0012,22 ,917,7,924,1259,0,2,1,2,0,1,0,0.00,73.39 ,50
03,011,00,001,0012,23 ,868,16,884,1210,0,2,1,2,0,1,0,0.00,73.06 ,50
03,011,00,001,0013,24 ,875,3,878,1155,0,2,1,2,0,1,0,0.00,76.02 ,50
03,011,00,001,0014,25 ,844,18,862,1201,0,2,1,2,0,1,0,0.00,71.77 ,50
03,011,00,001,0014,26 ,933,12,945,1258,0,2,1,2,0,1,0,0.00,75.12 ,50
03,011,00,001,0014,27 ,937,8,945,1303,0,2,1,2,0,1,0,0.00,72.52 ,50
03,011,00,001,0014,28 ,913,11,924,1276,0,2,1,2,0,1,0,0.00,72.41 ,50
03,011,00,001,0014,29 ,868,5,873,1190,0,2,1,2,0,1,0,0.00,73.36 ,50
03,011,00,001,0014,30 ,957,11,968,1234,0,2,1,2,0,1,0,0.00,78.44 ,50
03,011,00,001,0015,31 ,649,7,656,933,0,2,1,2,0,1,0,0.00,70.31 ,50
03,011,00,001,0015,32 ,846,5,851,1199,0,2,1,2,0,1,0,0.00,70.98 ,50
03,011,00,001,0015,33 ,978,12,990,1340,0,2,1,2,0,1,0,0.00,73.88 ,50
03,011,00,001,0016,34 ,836,4,840,1153,0,2,1,2,0,1,0,0.00,72.85 ,50
03,011,00,001,0016,35 ,675,3,678,870,0,2,1,2,0,1,0,0.00,77.93 ,50
03,011,00,001,0017,36 ,855,9,864,1165,0,2,1,2,0,1,0,0.00,74.16 ,50
03,011,00,001,0018,37 ,931,15,946,1336,0,2,1,2,0,1,0,0.00,70.81 ,50
03,011,00,001,0019,38 ,1055,15,1070,1426,0,2,1,2,0,1,0,0.00,75.04 ,50
03,011,00,001,0020,39 ,711,6,717,935,0,2,1,2,0,1,0,0.00,76.68 ,50
03,011,00,001,0020,40 ,831,8,839,1162,0,2,1,2,0,1,0,0.00,72.20 ,50
03,011,00,001,0021,41 ,963,19,982,1335,0,2,1,2,0,1,0,0.00,73.56 ,50
03,011,00,001,0022,42 ,283,1,284,394,0,2,1,2,0,1,0,0.00,72.08 ,50
03,011,00,001,0023,43 ,339,6,345,468,0,2,1,2,0,1,0,0.00,73.72 ,50
03,011,00,001,0024,44 ,529,12,541,787,0,2,1,2,0,1,0,0.00,68.74 ,50
03,011,00,001,0025,45 ,666,14,680,991,0,2,1,2,0,1,0,0.00,68.62 ,50
03,011,00,001,0026,46 ,418,5,423,603,0,2,1,2,0,1,0,0.00,70.15 ,50
03,011,00,002,0027,47 ,565,9,574,823,0,2,1,2,0,1,0,0.00,69.74 ,50
03,011,00,002,0027,48 ,386,1,387,508,0,2,1,2,0,1,0,0.00,76.18 ,50
03,011,00,002,0028,49 ,413,4,417,551,0,2,1,2,0,1,0,0.00,75.68 ,50
03,011,00,002,0029,50 ,285,4,289,378,0,2,1,2,0,1,0,0.00,76.46 ,50
03,011,00,002,0030,51 ,440,6,446,603,0,2,1,2,0,1,0,0.00,73.96 ,50
03,011,00,002,0031,52 ,418,2,420,585,0,2,1,2,0,1,0,0.00,71.79 ,50
03,011,00,002,0032,53 ,289,3,292,428,0,2,1,2,0,1,0,0.00,68.22 ,50
03,011,00,002,0033,54 ,573,4,577,759,0,2,1,2,0,1,0,0.00,76.02 ,50
03,011,00,002,0034,55 ,1065,15,1080,1574,0,2,1,2,0,1,0,0.00,68.61 ,50
03,011,00,002,0034,56 ,790,13,803,1114,0,2,1,2,0,1,0,0.00,72.08 ,50
03,011,00,002,0035,57 ,451,7,458,702,0,2,1,2,0,1,0,0.00,65.24 ,50
03,011,00,002,0036,58 ,686,12,698,1091,0,2,1,2,0,1,0,0.00,63.98 ,50
03,011,00,002,0037,59 ,1213,11,1224,1693,0,2,1,2,0,1,0,0.00,72.30 ,50
03,011,00,002,0037,60 ,916,11,927,1273,0,2,1,2,0,1,0,0.00,72.82 ,50
03,011,00,002,0038,61 ,433,5,438,592,0,2,1,2,0,1,0,0.00,73.99 ,50
03,011,00,002,0039,62 ,539,4,543,778,0,2,1,2,0,1,0,0.00,69.79 ,50
03,011,00,002,0040,63 ,488,8,496,735,0,2,1,2,0,1,0,0.00,67.48 ,50
03,011,00,002,0040,64 ,508,11,519,768,0,2,1,2,0,1,0,0.00,67.58 ,50
03,011,00,002,0041,65 ,387,4,391,573,0,2,1,2,0,1,0,0.00,68.24 ,50
03,011,00,002,0042,66 ,214,2,216,301,0,2,1,2,0,1,0,0.00,71.76 ,50
03,011,00,002,0043,67 ,467,5,472,699,0,2,1,2,0,1,0,0.00,67.53 ,50
03,011,00,002,0044,68 ,345,4,349,525,0,2,1,2,0,1,0,0.00,66.48 ,50
03,011,00,002,0045,69 ,613,9,622,872,0,2,1,2,0,1,0,0.00,71.33 ,50
03,011,00,002,0046,70 ,298,8,306,443,0,2,1,2,0,1,0,0.00,69.07 ,50
03,011,00,002,0047,71 ,215,3,218,287,0,2,1,2,0,1,0,0.00,75.96 ,50
03,011,00,002,0048,72 ,276,1,277,385,0,2,1,2,0,1,0,0.00,71.95 ,50
03,011,00,002,0049,73 ,278,1,279,426,0,2,1,2,0,1,0,0.00,65.49 ,50
03,011,00,002,0050,74 ,434,8,442,647,0,2,1,2,0,1,0,0.00,68.32 ,50
03,011,00,002,0051,75 ,691,9,700,946,0,2,1,2,0,1,0,0.00,74.00 ,50
03,011,00,003,0052,76 ,924,10,934,1288,0,2,1,2,0,1,0,0.00,72.52 ,50
03,011,00,003,0052,77 ,468,2,470,648,0,2,1,2,0,1,0,0.00,72.53 ,50
03,011,00,003,0053,78 ,1027,12,1039,1449,0,2,1,2,0,1,0,0.00,71.70 ,50
03,011,00,003,0053,79 ,796,6,802,1124,0,2,1,2,0,1,0,0.00,71.35 ,50
03,011,00,003,0054,80 ,999,14,1013,1483,0,2,1,2,0,1,0,0.00,68.31 ,50
03,011,00,003,0055,81 ,1001,15,1016,1483,0,2,1,2,0,1,0,0.00,68.51 ,50
03,011,00,003,0056,82 ,563,6,569,811,0,2,1,2,0,1,0,0.00,70.16 ,50
03,011,00,003,0057,83 ,944,12,956,1385,0,2,1,2,0,1,0,0.00,69.03 ,50
03,011,00,003,0058,84 ,340,6,346,497,0,2,1,2,0,1,0,0.00,69.62 ,50
03,011,00,003,0059,85 ,428,2,430,642,0,2,1,2,0,1,0,0.00,66.98 ,50
03,011,00,003,0060,86 ,351,4,355,492,0,2,1,2,0,1,0,0.00,72.15 ,50
03,011,00,003,0061,87 ,419,6,425,661,0,2,1,2,0,1,0,0.00,64.30 ,50
03,011,00,003,0062,88 ,867,9,876,1325,0,2,1,2,0,1,0,0.00,66.11 ,50
03,011,00,003,0063,89 ,584,7,591,818,0,2,1,2,0,1,0,0.00,72.25 ,50
03,011,00,003,0063,90 ,417,5,422,612,0,2,1,2,0,1,0,0.00,68.95 ,50
03,011,00,003,0063,91 ,450,13,463,589,0,2,1,2,0,1,0,0.00,78.61 ,50
03,011,00,003,0063,92 ,406,17,423,570,0,2,1,2,0,1,0,0.00,74.21 ,50
03,011,00,003,0064,93 ,809,6,815,1169,0,2,1,2,0,1,0,0.00,69.72 ,50
03,011,00,003,0065,94 ,925,12,937,1359,0,2,1,2,0,1,0,0.00,68.95 ,50
03,011,00,003,0066,95 ,645,7,652,913,0,2,1,2,0,1,0,0.00,71.41 ,50
03,011,00,003,0067,96 ,477,8,485,689,0,2,1,2,0,1,0,0.00,70.39 ,50
03,011,00,003,0068,97 ,646,8,654,930,0,2,1,2,0,1,0,0.00,70.32 ,50
03,011,00,003,0069,98 ,730,10,740,992,0,2,1,2,0,1,0,0.00,74.60 ,50
03,011,00,003,0070,99 ,580,6,586,863,0,2,1,2,0,1,0,0.00,67.90 ,50
03,011,00,003,0071,100 ,853,18,871,1251,0,2,1,2,0,1,0,0.00,69.62 ,50
03,011,00,003,0072,101 ,524,9,533,821,0,2,1,2,0,1,0,0.00,64.92 ,50
03,011,00,003,0073,102 ,560,8,568,823,0,2,1,2,0,1,0,0.00,69.02 ,50
03,011,00,003,0074,103 ,658,14,672,961,0,2,1,2,0,1,0,0.00,69.93 ,50
03,011,00,003,0075,104 ,504,5,509,773,0,2,1,2,0,1,0,0.00,65.85 ,50
03,011,00,004,0076,105 ,916,9,925,1295,0,2,1,2,0,1,0,0.00,71.43 ,50
03,011,00,004,0077,106 ,610,8,618,833,0,2,1,2,0,1,0,0.00,74.19 ,50
03,011,00,004,0077,107 ,705,3,708,918,0,2,1,2,0,1,0,0.00,77.12 ,50
03,011,00,004,0078,108 ,546,5,551,692,0,2,1,2,0,1,0,0.00,79.62 ,50
03,011,00,004,0079,109 ,781,12,793,1067,0,2,1,2,0,1,0,0.00,74.32 ,50
03,011,00,004,0079,110 ,889,13,902,1206,0,2,1,2,0,1,0,0.00,74.79 ,50
03,011,00,004,0080,111 ,930,11,941,1216,0,2,1,2,0,1,0,0.00,77.38 ,50
03,011,00,004,0081,112 ,358,5,363,489,0,2,1,2,0,1,0,0.00,74.23 ,50
03,011,00,004,0081,113 ,232,1,233,301,0,2,1,2,0,1,0,0.00,77.41 ,50
03,011,00,004,0082,114 ,1107,17,1124,1495,0,2,1,2,0,1,0,0.00,75.18 ,50
03,011,00,004,0083,115 ,1062,9,1071,1425,0,2,1,2,0,1,0,0.00,75.16 ,50
03,011,00,004,0083,116 ,239,2,241,313,0,2,1,2,0,1,0,0.00,77.00 ,50
03,011,00,004,0084,117 ,993,19,1012,1389,0,2,1,2,0,1,0,0.00,72.86 ,50
03,011,00,004,0085,118 ,479,3,482,657,0,2,1,2,0,1,0,0.00,73.36 ,50
03,011,00,004,0086,119 ,804,9,813,1187,0,2,1,2,0,1,0,0.00,68.49 ,50
03,011,00,004,0086,120 ,174,1,175,231,0,2,1,2,0,1,0,0.00,75.76 ,50
03,011,00,004,0087,121 ,910,12,922,1266,0,2,1,2,0,1,0,0.00,72.83 ,50
03,011,00,004,0088,122 ,694,13,707,1017,0,2,1,2,0,1,0,0.00,69.52 ,50
03,011,00,004,0088,123 ,354,7,361,494,0,2,1,2,0,1,0,0.00,73.08 ,50
03,011,00,004,0088,124 ,155,2,157,205,0,2,1,2,0,1,0,0.00,76.59 ,50
03,011,00,005,0089,125 ,513,6,519,687,0,2,1,2,0,1,0,0.00,75.55 ,50
03,011,00,005,0089,126 ,551,6,557,753,0,2,1,2,0,1,0,0.00,73.97 ,50
03,011,00,005,0090,127 ,921,12,933,1222,0,2,1,2,0,1,0,0.00,76.35 ,50
03,011,00,005,0091,128 ,768,8,776,1061,0,2,1,2,0,1,0,0.00,73.14 ,50
03,011,00,005,0091,129 ,170,1,171,250,0,2,1,2,0,1,0,0.00,68.40 ,50
03,011,00,005,0092,130 ,438,4,442,584,0,2,1,2,0,1,0,0.00,75.68 ,50
03,011,00,005,0092,131 ,541,8,549,739,0,2,1,2,0,1,0,0.00,74.29 ,50
03,011,00,005,0093,132 ,854,6,860,1185,0,2,1,2,0,1,0,0.00,72.57 ,50
03,011,00,005,0094,133 ,878,11,889,1222,0,2,1,2,0,1,0,0.00,72.75 ,50
03,011,00,005,0095,134 ,592,11,603,837,0,2,1,2,0,1,0,0.00,72.04 ,50
03,011,00,005,0096,135 ,416,4,420,565,0,2,1,2,0,1,0,0.00,74.34 ,50
03,011,00,005,0097,136 ,378,23,401,642,0,2,1,2,0,1,0,0.00,62.46 ,50
03,011,00,005,0098,137 ,614,8,622,860,0,2,1,2,0,1,0,0.00,72.33 ,50
03,011,00,005,0099,138 ,356,6,362,498,0,2,1,2,0,1,0,0.00,72.69 ,50
03,011,00,005,0100,139 ,843,9,852,1217,0,2,1,2,0,1,0,0.00,70.01 ,50
03,011,00,005,0101,140 ,406,3,409,544,0,2,1,2,0,1,0,0.00,75.18 ,50
03,011,00,005,0102,141 ,767,7,774,1079,0,2,1,2,0,1,0,0.00,71.73 ,50
03,011,00,005,0103,142 ,401,5,406,592,0,2,1,2,0,1,0,0.00,68.58 ,50
03,011,00,005,0104,143 ,756,7,763,1040,0,2,1,2,0,1,0,0.00,73.37 ,50
03,011,00,005,0104,144 ,323,3,326,410,0,2,1,2,0,1,0,0.00,79.51 ,50
03,011,00,005,0105,145 ,514,9,523,724,0,2,1,2,0,1,0,0.00,72.24 ,50
03,011,00,005,0105,146 ,502,4,506,717,0,2,1,2,0,1,0,0.00,70.57 ,50
03,011,00,005,0106,147 ,808,12,820,1106,0,2,1,2,0,1,0,0.00,74.14 ,50
03,011,00,005,0107,148 ,555,6,561,740,0,2,1,2,0,1,0,0.00,75.81 ,50
03,011,00,005,0107,149 ,504,5,509,670,0,2,1,2,0,1,0,0.00,75.97 ,50
03,011,00,005,0108,150 ,780,10,790,1070,0,2,1,2,0,1,0,0.00,73.83 ,50
03,011,00,005,0109,151 ,500,5,505,739,0,2,1,2,0,1,0,0.00,68.34 ,50
03,011,00,005,0110,152 ,142,2,144,207,0,2,1,2,0,1,0,0.00,69.57 ,50
03,011,00,006,0111,153 ,980,8,988,1446,0,2,1,2,0,1,0,0.00,68.33 ,50
03,011,00,006,0112,154 ,865,11,876,1169,0,2,1,2,0,1,0,0.00,74.94 ,50
03,011,00,006,0112,155 ,744,10,754,1117,0,2,1,2,0,1,0,0.00,67.50 ,50
03,011,00,006,0113,156 ,1043,16,1059,1613,0,2,1,2,0,1,0,0.00,65.65 ,50
03,011,00,006,0114,157 ,637,12,649,1025,0,2,1,2,0,1,0,0.00,63.32 ,50
03,011,00,006,0115,158 ,733,8,741,1206,0,2,1,2,0,1,0,0.00,61.44 ,50
03,011,00,006,0116,159 ,535,12,547,836,0,2,1,2,0,1,0,0.00,65.43 ,50
03,011,00,006,0116,160 ,437,2,439,638,0,2,1,2,0,1,0,0.00,68.81 ,50
03,011,00,006,0117,161 ,640,9,649,960,0,2,1,2,0,1,0,0.00,67.60 ,50
03,011,00,006,0118,162 ,576,6,582,835,0,2,1,2,0,1,0,0.00,69.70 ,50
03,011,00,006,0118,163 ,701,8,709,1015,0,2,1,2,0,1,0,0.00,69.85 ,50
03,011,00,006,0119,164 ,372,3,375,586,0,2,1,2,0,1,0,0.00,63.99 ,50
03,011,00,006,0120,165 ,326,2,328,564,0,2,1,2,0,1,0,0.00,58.16 ,50
03,011,00,006,0121,166 ,265,2,267,408,0,2,1,2,0,1,0,0.00,65.44 ,50
03,011,00,006,0122,167 ,713,9,722,1035,0,2,1,2,0,1,0,0.00,69.76 ,50
03,011,00,006,0122,168 ,882,12,894,1285,0,2,1,2,0,1,0,0.00,69.57 ,50
03,011,00,006,0123,169 ,514,3,517,798,0,2,1,2,0,1,0,0.00,64.79 ,50
03,011,00,006,0124,170 ,733,12,745,1153,0,2,1,2,0,1,0,0.00,64.61 ,50
03,011,00,006,0125,171 ,742,9,751,1162,0,2,1,2,0,1,0,0.00,64.63 ,50
03,011,00,006,0126,172 ,673,10,683,1021,0,2,1,2,0,1,0,0.00,66.90 ,50
03,011,00,007,0127,173 ,515,2,517,664,0,2,1,2,0,1,0,0.00,77.86 ,50
03,011,00,007,0128,174 ,465,1,466,603,0,2,1,2,0,1,0,0.00,77.28 ,50
03,011,00,007,0129,175 ,737,5,742,946,0,2,1,2,0,1,0,0.00,78.44 ,50
03,011,00,007,0129,176 ,619,6,625,805,0,2,1,2,0,1,0,0.00,77.64 ,50
03,011,00,007,0130,177 ,876,6,882,1117,0,2,1,2,0,1,0,0.00,78.96 ,50
03,011,00,007,0130,178 ,843,9,852,1148,0,2,1,2,0,1,0,0.00,74.22 ,50
03,011,00,007,0131,179 ,993,8,1001,1310,0,2,1,2,0,1,0,0.00,76.41 ,50
03,011,00,007,0132,180 ,652,4,656,876,0,2,1,2,0,1,0,0.00,74.89 ,50
03,011,00,007,0132,181 ,628,4,632,814,0,2,1,2,0,1,0,0.00,77.64 ,50
03,011,00,007,0133,182 ,878,13,891,1143,0,2,1,2,0,1,0,0.00,77.95 ,50
03,011,00,007,0134,183 ,710,2,712,910,0,2,1,2,0,1,0,0.00,78.24 ,50
03,011,00,007,0135,184 ,924,11,935,1294,0,2,1,2,0,1,0,0.00,72.26 ,50
03,011,00,007,0135,185 ,1052,14,1066,1397,0,2,1,2,0,1,0,0.00,76.31 ,50
03,011,00,007,0136,186 ,869,7,876,1182,0,2,1,2,0,1,0,0.00,74.11 ,50
03,011,00,007,0137,187 ,926,6,932,1248,0,2,1,2,0,1,0,0.00,74.68 ,50
03,011,00,007,0137,188 ,815,10,825,1084,0,2,1,2,0,1,0,0.00,76.11 ,50
03,011,00,007,0138,189 ,447,7,454,624,0,2,1,2,0,1,0,0.00,72.76 ,50
03,011,00,007,0139,190 ,556,10,566,704,0,2,1,2,0,1,0,0.00,80.40 ,50
03,011,00,007,0140,191 ,684,4,688,884,0,2,1,2,0,1,0,0.00,77.83 ,50
03,011,00,007,0140,192 ,1023,8,1031,1341,0,2,1,2,0,1,0,0.00,76.88 ,50
03,011,00,007,0141,193 ,1026,11,1037,1364,0,2,1,2,0,1,0,0.00,76.03 ,50
03,011,00,007,0142,194 ,539,9,548,704,0,2,1,2,0,1,0,0.00,77.84 ,50
03,011,00,007,0143,195 ,965,13,978,1278,0,2,1,2,0,1,0,0.00,76.53 ,50
03,011,00,007,0144,196 ,432,1,433,521,0,2,1,2,0,1,0,0.00,83.11 ,50
03,011,00,007,0145,197 ,799,7,806,1019,0,2,1,2,0,1,0,0.00,79.10 ,50
03,011,00,007,0146,198 ,408,1,409,558,0,2,1,2,0,1,0,0.00,73.30 ,50
03,011,00,007,0147,199 ,864,10,874,1166,0,2,1,2,0,1,0,0.00,74.96 ,50
03,011,00,007,0148,200 ,759,5,764,971,0,2,1,2,0,1,0,0.00,78.68 ,50
03,011,00,007,0149,201 ,444,5,449,580,0,2,1,2,0,1,0,0.00,77.41 ,50
03,011,00,007,0150,202 ,497,6,503,654,0,2,1,2,0,1,0,0.00,76.91 ,50
03,011,00,007,0151,203 ,465,4,469,639,0,2,1,2,0,1,0,0.00,73.40 ,50
03,011,00,007,0152,204 ,652,4,656,833,0,2,1,2,0,1,0,0.00,78.75 ,50
03,011,00,007,0153,205 ,615,6,621,805,0,2,1,2,0,1,0,0.00,77.14 ,50
03,011,00,007,0154,206 ,548,6,554,770,0,2,1,2,0,1,0,0.00,71.95 ,50
03,011,00,007,0155,207 ,907,6,913,1163,0,2,1,2,0,1,0,0.00,78.50 ,50
03,011,00,008,0156,208 ,776,9,785,1083,0,2,1,2,0,1,0,0.00,72.48 ,50
03,011,00,008,0157,209 ,886,11,897,1223,0,2,1,2,0,1,0,0.00,73.34 ,50
03,011,00,008,0157,210 ,873,10,883,1187,0,2,1,2,0,1,0,0.00,74.39 ,50
03,011,00,008,0158,211 ,867,12,879,1168,0,2,1,2,0,1,0,0.00,75.26 ,50
03,011,00,008,0159,212 ,1106,19,1125,1483,0,2,1,2,0,1,0,0.00,75.86 ,50
03,011,00,008,0160,213 ,757,10,767,1003,0,2,1,2,0,1,0,0.00,76.47 ,50
03,011,00,008,0160,214 ,701,6,707,960,0,2,1,2,0,1,0,0.00,73.65 ,50
03,011,00,008,0161,215 ,700,6,706,956,0,2,1,2,0,1,0,0.00,73.85 ,50
03,011,00,008,0161,216 ,760,8,768,1059,0,2,1,2,0,1,0,0.00,72.52 ,50
03,011,00,008,0162,217 ,629,6,635,807,0,2,1,2,0,1,0,0.00,78.69 ,50
03,011,00,008,0163,218 ,622,6,628,824,0,2,1,2,0,1,0,0.00,76.21 ,50
03,011,00,008,0164,219 ,901,10,911,1172,0,2,1,2,0,1,0,0.00,77.73 ,50
03,011,00,008,0165,220 ,824,8,832,1068,0,2,1,2,0,1,0,0.00,77.90 ,50
03,011,00,008,0166,221 ,679,7,686,902,0,2,1,2,0,1,0,0.00,76.05 ,50
03,011,00,008,0166,222 ,585,7,592,805,0,2,1,2,0,1,0,0.00,73.54 ,50
03,011,00,008,0167,223 ,635,11,646,884,0,2,1,2,0,1,0,0.00,73.08 ,50
03,011,00,008,0168,224 ,852,10,862,1266,0,2,1,2,0,1,0,0.00,68.09 ,50
03,011,00,008,0169,225 ,866,11,877,1223,0,2,1,2,0,1,0,0.00,71.71 ,50
03,011,00,008,0170,226 ,928,10,938,1249,0,2,1,2,0,1,0,0.00,75.10 ,50
03,011,00,009,0171,227 ,1050,4,1054,1393,0,2,1,2,0,1,0,0.00,75.66 ,50
03,011,00,009,0171,228 ,879,11,890,1188,0,2,1,2,0,1,0,0.00,74.92 ,50
03,011,00,009,0172,229 ,900,9,909,1251,0,2,1,2,0,1,0,0.00,72.66 ,50
03,011,00,009,0172,230 ,835,4,839,1174,0,2,1,2,0,1,0,0.00,71.47 ,50
03,011,00,009,0173,231 ,977,7,984,1283,0,2,1,2,0,1,0,0.00,76.70 ,50
03,011,00,009,0174,232 ,769,7,776,1035,0,2,1,2,0,1,0,0.00,74.98 ,50
03,011,00,009,0175,233 ,634,5,639,846,0,2,1,2,0,1,0,0.00,75.53 ,50
03,011,00,009,0176,234 ,896,10,906,1221,0,2,1,2,0,1,0,0.00,74.20 ,50
03,011,00,009,0176,235 ,960,16,976,1336,0,2,1,2,0,1,0,0.00,73.05 ,50
03,011,00,009,0177,236 ,718,6,724,912,0,2,1,2,0,1,0,0.00,79.39 ,50
03,011,00,009,0177,237 ,608,9,617,814,0,2,1,2,0,1,0,0.00,75.80 ,50
03,011,00,009,0178,238 ,1126,30,1156,1519,0,2,1,2,0,1,0,0.00,76.10 ,50
03,011,00,009,0179,239 ,748,11,759,1024,0,2,1,2,0,1,0,0.00,74.12 ,50
03,011,00,009,0180,240 ,430,3,433,543,0,2,1,2,0,1,0,0.00,79.74 ,50
03,011,00,009,0181,241 ,644,7,651,954,0,2,1,2,0,1,0,0.00,68.24 ,50
03,011,00,009,0182,242 ,516,6,522,824,0,2,1,2,0,1,0,0.00,63.35 ,50
03,011,00,010,0183,243 ,914,5,919,1176,0,2,1,2,0,1,0,0.00,78.15 ,50
03,011,00,010,0183,244 ,608,3,611,797,0,2,1,2,0,1,0,0.00,76.66 ,50
03,011,00,010,0184,245 ,842,8,850,1064,0,2,1,2,0,1,0,0.00,79.89 ,50
03,011,00,010,0184,246 ,783,1,784,958,0,2,1,2,0,1,0,0.00,81.84 ,50
03,011,00,010,0185,247 ,845,8,853,1046,0,2,1,2,0,1,0,0.00,81.55 ,50
03,011,00,010,0186,248 ,554,6,560,687,0,2,1,2,0,1,0,0.00,81.51 ,50
03,011,00,010,0187,249 ,361,3,364,507,0,2,1,2,0,1,0,0.00,71.79 ,50
03,011,00,010,0188,250 ,728,7,735,957,0,2,1,2,0,1,0,0.00,76.80 ,50
03,011,00,010,0188,251 ,643,11,654,854,0,2,1,2,0,1,0,0.00,76.58 ,50
03,011,00,010,0189,252 ,577,10,587,789,0,2,1,2,0,1,0,0.00,74.40 ,50
03,011,00,010,0189,253 ,714,7,721,914,0,2,1,2,0,1,0,0.00,78.88 ,50
03,011,00,010,0189,254 ,685,2,687,866,0,2,1,2,0,1,0,0.00,79.33 ,50
03,011,00,010,0190,255 ,723,6,729,976,0,2,1,2,0,1,0,0.00,74.69 ,50
03,011,00,010,0191,256 ,1023,9,1032,1383,0,2,1,2,0,1,0,0.00,74.62 ,50
03,011,00,010,0192,257 ,495,4,499,688,0,2,1,2,0,1,0,0.00,72.53 ,50
03,011,00,010,0193,258 ,495,5,500,630,0,2,1,2,0,1,0,0.00,79.37 ,50
03,011,00,010,0194,259 ,672,4,676,876,0,2,1,2,0,1,0,0.00,77.17 ,50
03,011,00,010,0194,260 ,659,13,672,870,0,2,1,2,0,1,0,0.00,77.24 ,50
03,011,00,010,0194,261 ,417,5,422,576,0,2,1,2,0,1,0,0.00,73.26 ,50
03,011,00,010,0195,262 ,728,8,736,928,0,2,1,2,0,1,0,0.00,79.31 ,50
03,011,00,011,0196,263 ,871,7,878,1197,0,2,1,2,0,1,0,0.00,73.35 ,50
03,011,00,011,0197,264 ,602,2,604,820,0,2,1,2,0,1,0,0.00,73.66 ,50
03,011,00,011,0198,265 ,1018,6,1024,1415,0,2,1,2,0,1,0,0.00,72.37 ,50
03,011,00,011,0199,266 ,811,8,819,1069,0,2,1,2,0,1,0,0.00,76.61 ,50
03,011,00,011,0200,267 ,635,3,638,846,0,2,1,2,0,1,0,0.00,75.41 ,50
03,011,00,011,0201,268 ,477,7,484,663,0,2,1,2,0,1,0,0.00,73.00 ,50
03,011,00,011,0202,269 ,749,8,757,1048,0,2,1,2,0,1,0,0.00,72.23 ,50
03,011,00,011,0203,270 ,656,5,661,910,0,2,1,2,0,1,0,0.00,72.64 ,50
03,011,00,011,0204,271 ,665,8,673,946,0,2,1,2,0,1,0,0.00,71.14 ,50
03,011,00,011,0205,272 ,491,4,495,679,0,2,1,2,0,1,0,0.00,72.90 ,50
03,011,00,012,0206,273 ,636,9,645,876,0,2,1,2,0,1,0,0.00,73.63 ,50
03,011,00,012,0206,274 ,640,6,646,827,0,2,1,2,0,1,0,0.00,78.11 ,50
03,011,00,012,0207,275 ,856,12,868,1189,0,2,1,2,0,1,0,0.00,73.00 ,50
03,011,00,012,0207,276 ,941,8,949,1257,0,2,1,2,0,1,0,0.00,75.50 ,50
03,011,00,012,0208,277 ,711,4,715,960,0,2,1,2,0,1,0,0.00,74.48 ,50
03,011,00,012,0208,278 ,691,4,695,967,0,2,1,2,0,1,0,0.00,71.87 ,50
03,011,00,012,0208,279 ,727,4,731,949,0,2,1,2,0,1,0,0.00,77.03 ,50
03,011,00,012,0208,280 ,815,10,825,1056,0,2,1,2,0,1,0,0.00,78.13 ,50
03,011,00,012,0209,281 ,890,6,896,1209,0,2,1,2,0,1,0,0.00,74.11 ,50
03,011,00,012,0209,282 ,934,3,937,1233,0,2,1,2,0,1,0,0.00,75.99 ,50
03,011,00,012,0209,283 ,792,6,798,1073,0,2,1,2,0,1,0,0.00,74.37 ,50
03,011,00,012,0209,284 ,995,7,1002,1351,0,2,1,2,0,1,0,0.00,74.17 ,50
03,011,00,012,0210,285 ,912,8,920,1220,0,2,1,2,0,1,0,0.00,75.41 ,50
03,011,00,012,0210,286 ,864,8,872,1150,0,2,1,2,0,1,0,0.00,75.83 ,50
03,011,00,012,0210,287 ,810,9,819,1128,0,2,1,2,0,1,0,0.00,72.61 ,50
03,011,00,012,0210,288 ,931,9,940,1198,0,2,1,2,0,1,0,0.00,78.46 ,50
03,011,00,012,0210,289 ,750,6,756,1025,0,2,1,2,0,1,0,0.00,73.76 ,50
03,011,00,012,0210,290 ,840,7,847,1155,0,2,1,2,0,1,0,0.00,73.33 ,50
03,011,00,012,0211,291 ,658,7,665,930,0,2,1,2,0,1,0,0.00,71.51 ,50
03,011,00,012,0211,292 ,733,4,737,1001,0,2,1,2,0,1,0,0.00,73.63 ,50
03,011,00,012,0211,293 ,695,1,696,919,0,2,1,2,0,1,0,0.00,75.73 ,50
03,011,00,012,0212,294 ,698,2,700,961,0,2,1,2,0,1,0,0.00,72.84 ,50
03,011,00,012,0212,295 ,593,5,598,787,0,2,1,2,0,1,0,0.00,75.98 ,50
03,011,00,012,0213,296 ,648,3,651,853,0,2,1,2,0,1,0,0.00,76.32 ,50
03,011,00,012,0214,297 ,1010,8,1018,1355,0,2,1,2,0,1,0,0.00,75.13 ,50
03,011,00,012,0215,298 ,482,4,486,652,0,2,1,2,0,1,0,0.00,74.54 ,50
03,011,00,012,0216,299 ,301,4,305,383,0,2,1,2,0,1,0,0.00,79.63 ,50
03,011,00,012,0217,300 ,787,4,791,1099,0,2,1,2,0,1,0,0.00,71.97 ,50
03,011,00,012,0218,301 ,444,5,449,578,0,2,1,2,0,1,0,0.00,77.68 ,50
03,011,00,012,0219,302 ,508,5,513,677,0,2,1,2,0,1,0,0.00,75.78 ,50
03,011,00,012,0220,303 ,709,7,716,970,0,2,1,2,0,1,0,0.00,73.81 ,50
03,011,00,012,0221,304 ,791,12,803,1083,0,2,1,2,0,1,0,0.00,74.15 ,50
03,011,00,012,0222,305 ,634,7,641,845,0,2,1,2,0,1,0,0.00,75.86 ,50
03,011,00,012,0223,306 ,749,9,758,977,0,2,1,2,0,1,0,0.00,77.58 ,50
03,011,00,012,0224,307 ,856,14,870,1199,0,2,1,2,0,1,0,0.00,72.56 ,50
03,011,00,012,0225,308 ,1046,3,1049,1452,0,2,1,2,0,1,0,0.00,72.25 ,50
03,011,00,012,0226,309 ,602,7,609,804,0,2,1,2,0,1,0,0.00,75.75 ,50
03,011,00,013,0227,310 ,443,6,449,634,0,2,1,2,0,1,0,0.00,70.82 ,50
03,011,00,013,0227,311 ,304,1,305,413,0,2,1,2,0,1,0,0.00,73.85 ,50
03,011,00,013,0228,312 ,820,8,828,1167,0,2,1,2,0,1,0,0.00,70.95 ,50
03,011,00,013,0229,313 ,397,2,399,532,0,2,1,2,0,1,0,0.00,75.00 ,50
03,011,00,013,0230,314 ,649,2,651,847,0,2,1,2,0,1,0,0.00,76.86 ,50
03,011,00,013,0231,315 ,431,4,435,602,0,2,1,2,0,1,0,0.00,72.26 ,50
03,011,00,013,0232,316 ,795,6,801,1045,0,2,1,2,0,1,0,0.00,76.65 ,50
03,011,00,013,0232,317 ,667,4,671,914,0,2,1,2,0,1,0,0.00,73.41 ,50
03,011,00,013,0232,318 ,905,10,915,1227,0,2,1,2,0,1,0,0.00,74.57 ,50
03,011,00,013,0233,319 ,1015,5,1020,1386,0,2,1,2,0,1,0,0.00,73.59 ,50
03,011,00,013,0234,320 ,385,0,385,538,0,2,1,2,0,1,0,0.00,71.56 ,50
03,011,00,013,0234,321 ,581,4,585,719,0,2,1,2,0,1,0,0.00,81.36 ,50
03,011,00,013,0235,322 ,576,5,581,773,0,2,1,2,0,1,0,0.00,75.16 ,50
03,011,00,013,0235,323 ,297,2,299,400,0,2,1,2,0,1,0,0.00,74.75 ,50
03,011,00,013,0236,324 ,369,1,370,491,0,2,1,2,0,1,0,0.00,75.36 ,50
03,011,00,013,0237,325 ,408,4,412,535,0,2,1,2,0,1,0,0.00,77.01 ,50
03,011,00,013,0238,326 ,590,7,597,802,0,2,1,2,0,1,0,0.00,74.44 ,50
03,011,00,013,0239,327 ,265,1,266,363,0,2,1,2,0,1,0,0.00,73.28 ,50
03,011,00,013,0240,328 ,527,5,532,709,0,2,1,2,0,1,0,0.00,75.04 ,50
03,011,00,013,0241,329 ,254,3,257,363,0,2,1,2,0,1,0,0.00,70.80 ,50
03,011,00,013,0242,330 ,324,4,328,454,0,2,1,2,0,1,0,0.00,72.25 ,50
03,011,00,013,0243,331 ,386,4,390,552,0,2,1,2,0,1,0,0.00,70.65 ,50
03,011,00,013,0244,332 ,251,2,253,348,0,2,1,2,0,1,0,0.00,72.70 ,50
03,011,00,013,0245,333 ,338,4,342,461,0,2,1,2,0,1,0,0.00,74.19 ,50
03,011,00,013,0245,334 ,214,2,216,287,0,2,1,2,0,1,0,0.00,75.26 ,50
03,011,00,013,0246,335 ,402,6,408,610,0,2,1,2,0,1,0,0.00,66.89 ,50
03,011,00,013,0247,336 ,812,6,818,1212,0,2,1,2,0,1,0,0.00,67.49 ,50
03,011,00,013,0248,337 ,421,1,422,557,0,2,1,2,0,1,0,0.00,75.76 ,50
03,011,00,013,0249,338 ,534,6,540,783,0,2,1,2,0,1,0,0.00,68.97 ,50
03,011,00,013,0250,339 ,477,6,483,672,0,2,1,2,0,1,0,0.00,71.88 ,50
03,011,00,013,0251,340 ,376,4,380,539,0,2,1,2,0,1,0,0.00,70.50 ,50
03,011,00,013,0252,341 ,380,3,383,501,0,2,1,2,0,1,0,0.00,76.45 ,50
03,011,00,014,0253,342 ,528,3,531,692,0,2,1,2,0,1,0,0.00,76.73 ,50
03,011,00,014,0253,343 ,577,3,580,752,0,2,1,2,0,1,0,0.00,77.13 ,50
03,011,00,014,0253,344 ,669,5,674,870,0,2,1,2,0,1,0,0.00,77.47 ,50
03,011,00,014,0254,345 ,727,10,737,980,0,2,1,2,0,1,0,0.00,75.20 ,50
03,011,00,014,0254,346 ,731,2,733,919,0,2,1,2,0,1,0,0.00,79.76 ,50
03,011,00,014,0254,347 ,709,4,713,901,0,2,1,2,0,1,0,0.00,79.13 ,50
03,011,00,014,0255,348 ,900,8,908,1163,0,2,1,2,0,1,0,0.00,78.07 ,50
03,011,00,014,0255,349 ,462,5,467,609,0,2,1,2,0,1,0,0.00,76.68 ,50
03,011,00,014,0256,350 ,626,7,633,829,0,2,1,2,0,1,0,0.00,76.36 ,50
03,011,00,014,0256,351 ,310,1,311,412,0,2,1,2,0,1,0,0.00,75.49 ,50
03,011,00,014,0257,352 ,530,9,539,736,0,2,1,2,0,1,0,0.00,73.23 ,50
03,011,00,014,0257,353 ,592,8,600,808,0,2,1,2,0,1,0,0.00,74.26 ,50
03,011,00,014,0258,354 ,929,8,937,1254,0,2,1,2,0,1,0,0.00,74.72 ,50
03,011,00,014,0259,355 ,883,10,893,1206,0,2,1,2,0,1,0,0.00,74.05 ,50
03,011,00,014,0260,356 ,611,2,613,832,0,2,1,2,0,1,0,0.00,73.68 ,50
03,011,00,014,0261,357 ,847,8,855,1133,0,2,1,2,0,1,0,0.00,75.46 ,50
03,011,00,014,0262,358 ,869,11,880,1154,0,2,1,2,0,1,0,0.00,76.26 ,50
03,011,00,014,0263,359 ,675,6,681,843,0,2,1,2,0,1,0,0.00,80.78 ,50
03,011,00,014,0264,360 ,326,3,329,427,0,2,1,2,0,1,0,0.00,77.05 ,50
03,011,00,014,0265,361 ,483,3,486,650,0,2,1,2,0,1,0,0.00,74.77 ,50
03,011,00,015,0266,362 ,420,2,422,583,0,2,1,2,0,1,0,0.00,72.38 ,50
03,011,00,015,0267,363 ,532,8,540,765,0,2,1,2,0,1,0,0.00,70.59 ,50
03,011,00,015,0268,364 ,363,4,367,506,0,2,1,2,0,1,0,0.00,72.53 ,50
03,011,00,015,0269,365 ,635,4,639,854,0,2,1,2,0,1,0,0.00,74.82 ,50
03,011,00,015,0270,366 ,694,3,697,981,0,2,1,2,0,1,0,0.00,71.05 ,50
03,011,00,015,0271,367 ,366,2,368,523,0,2,1,2,0,1,0,0.00,70.36 ,50
03,011,00,015,0272,368 ,313,3,316,467,0,2,1,2,0,1,0,0.00,67.67 ,50
03,011,00,015,0273,369 ,552,2,554,767,0,2,1,2,0,1,0,0.00,72.23 ,50
03,011,00,015,0274,370 ,551,6,557,769,0,2,1,2,0,1,0,0.00,72.43 ,50
03,011,00,015,0274,371 ,610,8,618,848,0,2,1,2,0,1,0,0.00,72.88 ,50
03,011,00,015,0275,372 ,246,2,248,345,0,2,1,2,0,1,0,0.00,71.88 ,50
03,011,00,015,0276,373 ,597,13,610,860,0,2,1,2,0,1,0,0.00,70.93 ,50
03,011,00,015,0277,374 ,579,8,587,793,0,2,1,2,0,1,0,0.00,74.02 ,50
03,011,00,015,0278,375 ,887,6,893,1260,0,2,1,2,0,1,0,0.00,70.87 ,50
03,011,00,015,0279,376 ,749,5,754,984,0,2,1,2,0,1,0,0.00,76.63 ,50
03,011,00,015,0280,377 ,413,0,413,565,0,2,1,2,0,1,0,0.00,73.10 ,50
03,011,00,015,0281,378 ,715,6,721,939,0,2,1,2,0,1,0,0.00,76.78 ,50
03,011,00,015,0282,379 ,419,2,421,549,0,2,1,2,0,1,0,0.00,76.68 ,50
03,011,00,015,0283,380 ,555,4,559,757,0,2,1,2,0,1,0,0.00,73.84 ,50
03,011,00,015,0284,381 ,637,5,642,845,0,2,1,2,0,1,0,0.00,75.98 ,50
03,011,00,015,0285,382 ,492,4,496,645,0,2,1,2,0,1,0,0.00,76.90 ,50
03,011,00,015,0286,383 ,585,3,588,780,0,2,1,2,0,1,0,0.00,75.38 ,50
03,011,00,015,0287,384 ,842,8,850,1121,0,2,1,2,0,1,0,0.00,75.83 ,50
03,011,00,015,0287,385 ,850,25,875,1074,0,2,1,2,0,1,0,0.00,81.47 ,50
03,011,00,015,0288,386 ,947,8,955,1275,0,2,1,2,0,1,0,0.00,74.90 ,50
03,011,00,016,0289,387 ,600,2,602,798,0,2,1,2,0,1,0,0.00,75.44 ,50
03,011,00,016,0290,388 ,869,6,875,1186,0,2,1,2,0,1,0,0.00,73.78 ,50
03,011,00,016,0291,389 ,775,13,788,1108,0,2,1,2,0,1,0,0.00,71.12 ,50
03,011,00,016,0292,390 ,1050,6,1056,1467,0,2,1,2,0,1,0,0.00,71.98 ,50
03,011,00,016,0293,391 ,250,2,252,352,0,2,1,2,0,1,0,0.00,71.59 ,50
03,011,00,016,0293,392 ,433,3,436,573,0,2,1,2,0,1,0,0.00,76.09 ,50
03,011,00,016,0294,393 ,340,1,341,469,0,2,1,2,0,1,0,0.00,72.71 ,50
03,011,00,016,0294,394 ,437,6,443,594,0,2,1,2,0,1,0,0.00,74.58 ,50
03,011,00,016,0295,395 ,436,6,442,635,0,2,1,2,0,1,0,0.00,69.61 ,50
03,011,00,016,0295,396 ,253,0,253,347,0,2,1,2,0,1,0,0.00,72.91 ,50
03,011,00,016,0296,397 ,570,4,574,848,0,2,1,2,0,1,0,0.00,67.69 ,50
03,011,00,016,0297,398 ,466,1,467,661,0,2,1,2,0,1,0,0.00,70.65 ,50
03,011,00,016,0298,399 ,503,4,507,742,0,2,1,2,0,1,0,0.00,68.33 ,50
03,011,00,016,0299,400 ,477,3,480,657,0,2,1,2,0,1,0,0.00,73.06 ,50
03,011,00,016,0300,401 ,289,3,292,431,0,2,1,2,0,1,0,0.00,67.75 ,50
03,011,00,016,0301,402 ,641,5,646,926,0,2,1,2,0,1,0,0.00,69.76 ,50
03,011,00,016,0302,403 ,587,6,593,776,0,2,1,2,0,1,0,0.00,76.42 ,50
03,011,00,016,0303,404 ,929,12,941,1369,0,2,1,2,0,1,0,0.00,68.74 ,50
03,011,00,016,0304,405 ,770,6,776,1171,0,2,1,2,0,1,0,0.00,66.27 ,50
03,011,00,016,0305,406 ,679,4,683,995,0,2,1,2,0,1,0,0.00,68.64 ,50
03,011,00,016,0305,407 ,528,3,531,779,0,2,1,2,0,1,0,0.00,68.16 ,50
03,011,00,016,0306,408 ,573,8,581,945,0,2,1,2,0,1,0,0.00,61.48 ,50
03,011,00,017,0307,409 ,375,0,375,536,0,2,1,2,0,1,0,0.00,69.96 ,50
03,011,00,017,0307,410 ,291,3,294,410,0,2,1,2,0,1,0,0.00,71.71 ,50
03,011,00,017,0308,411 ,358,2,360,519,0,2,1,2,0,1,0,0.00,69.36 ,50
03,011,00,017,0309,412 ,253,2,255,374,0,2,1,2,0,1,0,0.00,68.18 ,50
03,011,00,017,0310,413 ,353,5,358,515,0,2,1,2,0,1,0,0.00,69.51 ,50
03,011,00,017,0310,414 ,239,4,243,338,0,2,1,2,0,1,0,0.00,71.89 ,50
03,011,00,017,0311,415 ,529,2,531,762,0,2,1,2,0,1,0,0.00,69.69 ,50
03,011,00,017,0311,416 ,346,4,350,513,0,2,1,2,0,1,0,0.00,68.23 ,50
03,011,00,017,0312,417 ,455,3,458,677,0,2,1,2,0,1,0,0.00,67.65 ,50
03,011,00,017,0313,418 ,304,0,304,424,0,2,1,2,0,1,0,0.00,71.70 ,50
03,011,00,017,0313,419 ,233,2,235,332,0,2,1,2,0,1,0,0.00,70.78 ,50
03,011,00,017,0314,420 ,369,4,373,585,0,2,1,2,0,1,0,0.00,63.76 ,50
03,011,00,017,0315,421 ,676,9,685,1118,0,2,1,2,0,1,0,0.00,61.27 ,50
03,011,00,017,0316,422 ,430,1,431,661,0,2,1,2,0,1,0,0.00,65.20 ,50
03,011,00,017,0317,423 ,451,5,456,683,0,2,1,2,0,1,0,0.00,66.76 ,50
03,011,00,017,0317,424 ,334,0,334,453,0,2,1,2,0,1,0,0.00,73.73 ,50
03,011,00,017,0318,425 ,466,5,471,762,0,2,1,2,0,1,0,0.00,61.81 ,50
03,011,00,017,0319,426 ,520,5,525,739,0,2,1,2,0,1,0,0.00,71.04 ,50
03,011,00,018,0320,427 ,562,3,565,704,0,2,1,2,0,1,0,0.00,80.26 ,50
03,011,00,018,0320,428 ,628,5,633,792,0,2,1,2,0,1,0,0.00,79.92 ,50
03,011,00,018,0321,429 ,958,10,968,1272,0,2,1,2,0,1,0,0.00,76.10 ,50
03,011,00,018,0321,430 ,920,10,930,1155,0,2,1,2,0,1,0,0.00,80.52 ,50
03,011,00,018,0321,431 ,806,4,810,1056,0,2,1,2,0,1,0,0.00,76.70 ,50
03,011,00,018,0322,432 ,568,10,578,763,0,2,1,2,0,1,0,0.00,75.75 ,50
03,011,00,018,0322,433 ,457,10,467,757,0,2,1,2,0,1,0,0.00,61.69 ,50
03,011,00,018,0323,434 ,690,5,695,847,0,2,1,2,0,1,0,0.00,82.05 ,50
03,011,00,018,0323,435 ,595,6,601,774,0,2,1,2,0,1,0,0.00,77.65 ,50
03,011,00,018,0323,436 ,612,2,614,777,0,2,1,2,0,1,0,0.00,79.02 ,50
03,011,00,018,0323,437 ,629,7,636,803,0,2,1,2,0,1,0,0.00,79.20 ,50
03,011,00,018,0324,438 ,378,3,381,494,0,2,1,2,0,1,0,0.00,77.13 ,50
03,011,00,018,0325,439 ,464,3,467,635,0,2,1,2,0,1,0,0.00,73.54 ,50
03,011,00,018,0326,440 ,379,1,380,471,0,2,1,2,0,1,0,0.00,80.68 ,50
03,011,00,018,0327,441 ,702,8,710,920,0,2,1,2,0,1,0,0.00,77.17 ,50
03,011,00,018,0328,442 ,619,11,630,793,0,2,1,2,0,1,0,0.00,79.45 ,50
03,011,00,018,0328,443 ,731,6,737,945,0,2,1,2,0,1,0,0.00,77.99 ,50
03,011,00,018,0328,444 ,653,10,663,857,0,2,1,2,0,1,0,0.00,77.36 ,50
03,011,00,018,0329,445 ,993,11,1004,1268,0,2,1,2,0,1,0,0.00,79.18 ,50
03,011,00,018,0330,446 ,615,4,619,799,0,2,1,2,0,1,0,0.00,77.47 ,50
03,011,00,018,0331,447 ,760,7,767,981,0,2,1,2,0,1,0,0.00,78.19 ,50
03,011,00,018,0331,448 ,774,3,777,968,0,2,1,2,0,1,0,0.00,80.27 ,50
03,011,00,018,0332,449 ,1122,13,1135,1457,0,2,1,2,0,1,0,0.00,77.90 ,50
03,011,00,018,0333,450 ,697,11,708,896,0,2,1,2,0,1,0,0.00,79.02 ,50
03,011,00,018,0333,451 ,581,10,591,754,0,2,1,2,0,1,0,0.00,78.38 ,50
03,011,00,018,0334,452 ,780,12,792,965,0,2,1,2,0,1,0,0.00,82.07 ,50
03,011,00,018,0334,453 ,798,18,816,1113,0,2,1,2,0,1,0,0.00,73.32 ,50
03,011,00,018,0335,454 ,942,9,951,1155,0,2,1,2,0,1,0,0.00,82.34 ,50
03,011,00,018,0336,455 ,400,2,402,534,0,2,1,2,0,1,0,0.00,75.28 ,50
03,011,00,018,0337,456 ,752,8,760,965,0,2,1,2,0,1,0,0.00,78.76 ,50
03,011,00,018,0337,457 ,762,3,765,994,0,2,1,2,0,1,0,0.00,76.96 ,50
03,011,00,018,0338,458 ,598,4,602,858,0,2,1,2,0,1,0,0.00,70.16 ,50
03,011,00,018,0339,459 ,765,7,772,1101,0,2,1,2,0,1,0,0.00,70.12 ,50
03,011,00,019,0340,460 ,766,5,771,1034,0,2,1,2,0,1,0,0.00,74.56 ,50
03,011,00,019,0341,461 ,908,6,914,1132,0,2,1,2,0,1,0,0.00,80.74 ,50
03,011,00,019,0341,462 ,921,15,936,1226,0,2,1,2,0,1,0,0.00,76.35 ,50
03,011,00,019,0342,463 ,773,11,784,1019,0,2,1,2,0,1,0,0.00,76.94 ,50
03,011,00,019,0342,464 ,959,5,964,1238,0,2,1,2,0,1,0,0.00,77.87 ,50
03,011,00,019,0342,465 ,1046,7,1053,1325,0,2,1,2,0,1,0,0.00,79.47 ,50
03,011,00,019,0343,466 ,677,6,683,873,0,2,1,2,0,1,0,0.00,78.24 ,50
03,011,00,019,0343,467 ,753,1,754,987,0,2,1,2,0,1,0,0.00,76.39 ,50
03,011,00,019,0344,468 ,917,4,921,1214,0,2,1,2,0,1,0,0.00,75.86 ,50
03,011,00,019,0345,469 ,532,2,534,691,0,2,1,2,0,1,0,0.00,77.28 ,50
03,011,00,019,0346,470 ,380,2,382,504,0,2,1,2,0,1,0,0.00,75.79 ,50
03,011,00,019,0347,471 ,756,10,766,1005,0,2,1,2,0,1,0,0.00,76.22 ,50
03,011,00,019,0348,472 ,993,11,1004,1248,0,2,1,2,0,1,0,0.00,80.45 ,50
03,011,00,019,0349,473 ,946,12,958,1208,0,2,1,2,0,1,0,0.00,79.30 ,50
03,011,00,019,0349,474 ,573,6,579,751,0,2,1,2,0,1,0,0.00,77.10 ,50
03,011,00,019,0350,475 ,612,6,618,803,0,2,1,2,0,1,0,0.00,76.96 ,50
03,011,00,019,0351,476 ,653,10,663,833,0,2,1,2,0,1,0,0.00,79.59 ,50
03,011,00,019,0351,477 ,600,4,604,755,0,2,1,2,0,1,0,0.00,80.00 ,50
03,011,00,019,0352,478 ,510,7,517,684,0,2,1,2,0,1,0,0.00,75.58 ,50
03,011,00,019,0353,479 ,778,15,793,1044,0,2,1,2,0,1,0,0.00,75.96 ,50
03,011,00,019,0354,480 ,526,7,533,721,0,2,1,2,0,1,0,0.00,73.93 ,50
03,011,00,019,0354,481 ,712,7,719,961,0,2,1,2,0,1,0,0.00,74.82 ,50
03,011,00,019,0355,482 ,594,12,606,774,0,2,1,2,0,1,0,0.00,78.29 ,50
03,011,00,019,0356,483 ,728,5,733,960,0,2,1,2,0,1,0,0.00,76.35 ,50
03,011,00,019,0357,484 ,1026,11,1037,1381,0,2,1,2,0,1,0,0.00,75.09 ,50
03,011,00,019,0358,485 ,968,14,982,1331,0,2,1,2,0,1,0,0.00,73.78 ,50
03,011,00,019,0359,486 ,723,8,731,970,0,2,1,2,0,1,0,0.00,75.36 ,50
03,011,00,019,0360,487 ,833,5,838,1063,0,2,1,2,0,1,0,0.00,78.83 ,50
03,011,00,019,0360,488 ,883,5,888,1114,0,2,1,2,0,1,0,0.00,79.71 ,50
03,011,00,020,0361,489 ,654,7,661,889,0,2,1,2,0,1,0,0.00,74.35 ,50
03,011,00,020,0361,490 ,859,9,868,1098,0,2,1,2,0,1,0,0.00,79.05 ,50
03,011,00,020,0362,491 ,1112,15,1127,1427,0,2,1,2,0,1,0,0.00,78.98 ,50
03,011,00,020,0362,492 ,516,9,525,658,0,2,1,2,0,1,0,0.00,79.79 ,50
03,011,00,020,0362,493 ,923,7,930,1180,0,2,1,2,0,1,0,0.00,78.81 ,50
03,011,00,020,0362,494 ,940,8,948,1222,0,2,1,2,0,1,0,0.00,77.58 ,50
03,011,00,020,0363,495 ,616,5,621,782,0,2,1,2,0,1,0,0.00,79.41 ,50
03,011,00,020,0363,496 ,682,4,686,876,0,2,1,2,0,1,0,0.00,78.31 ,50
03,011,00,020,0364,497 ,476,7,483,605,0,2,1,2,0,1,0,0.00,79.83 ,50
03,011,00,020,0365,498 ,631,7,638,818,0,2,1,2,0,1,0,0.00,78.00 ,50
03,011,00,020,0366,499 ,676,9,685,882,0,2,1,2,0,1,0,0.00,77.66 ,50
03,011,00,020,0367,500 ,630,7,637,803,0,2,1,2,0,1,0,0.00,79.33 ,50
03,011,00,020,0367,501 ,466,6,472,586,0,2,1,2,0,1,0,0.00,80.55 ,50
03,011,00,020,0367,502 ,467,5,472,567,0,2,1,2,0,1,0,0.00,83.25 ,50
03,011,00,020,0368,503 ,988,17,1005,1350,0,2,1,2,0,1,0,0.00,74.44 ,50
03,011,00,020,0368,504 ,1077,16,1093,1371,0,2,1,2,0,1,0,0.00,79.72 ,50
03,011,00,020,0369,505 ,1039,18,1057,1337,0,2,1,2,0,1,0,0.00,79.06 ,50
03,011,00,020,0370,506 ,519,8,527,679,0,2,1,2,0,1,0,0.00,77.61 ,50
03,011,00,020,0370,507 ,640,5,645,828,0,2,1,2,0,1,0,0.00,77.90 ,50
03,011,00,020,0370,508 ,750,11,761,939,0,2,1,2,0,1,0,0.00,81.04 ,50
03,011,00,020,0371,509 ,370,7,377,448,0,2,1,2,0,1,0,0.00,84.15 ,50
03,011,00,020,0371,510 ,644,4,648,775,0,2,1,2,0,1,0,0.00,83.61 ,50
03,011,00,021,0372,511 ,827,6,833,1091,0,2,1,2,0,1,0,0.00,76.35 ,50
03,011,00,021,0372,512 ,681,12,693,898,0,2,1,2,0,1,0,0.00,77.17 ,50
03,011,00,021,0373,513 ,638,10,648,875,0,2,1,2,0,1,0,0.00,74.06 ,50
03,011,00,021,0373,514 ,584,10,594,762,0,2,1,2,0,1,0,0.00,77.95 ,50
03,011,00,021,0374,515 ,946,14,960,1274,0,2,1,2,0,1,0,0.00,75.35 ,50
03,011,00,021,0375,516 ,844,5,849,1107,0,2,1,2,0,1,0,0.00,76.69 ,50
03,011,00,021,0376,517 ,526,6,532,686,0,2,1,2,0,1,0,0.00,77.55 ,50
03,011,00,021,0377,518 ,980,13,993,1328,0,2,1,2,0,1,0,0.00,74.77 ,50
03,011,00,021,0378,519 ,724,7,731,974,0,2,1,2,0,1,0,0.00,75.05 ,50
03,011,00,021,0379,520 ,700,4,704,948,0,2,1,2,0,1,0,0.00,74.26 ,50
03,011,00,021,0379,521 ,724,5,729,940,0,2,1,2,0,1,0,0.00,77.55 ,50
03,011,00,021,0380,522 ,810,10,820,1074,0,2,1,2,0,1,0,0.00,76.35 ,50
03,011,00,021,0380,523 ,678,8,686,877,0,2,1,2,0,1,0,0.00,78.22 ,50
03,011,00,021,0381,524 ,447,7,454,584,0,2,1,2,0,1,0,0.00,77.74 ,50
03,011,00,021,0382,525 ,958,11,969,1252,0,2,1,2,0,1,0,0.00,77.40 ,50
03,011,00,021,0383,526 ,508,6,514,687,0,2,1,2,0,1,0,0.00,74.82 ,50
03,011,00,021,0384,527 ,666,6,672,857,0,2,1,2,0,1,0,0.00,78.41 ,50
03,011,00,021,0384,528 ,478,3,481,619,0,2,1,2,0,1,0,0.00,77.71 ,50
03,011,00,021,0385,529 ,762,13,775,951,0,2,1,2,0,1,0,0.00,81.49 ,50
03,011,00,021,0385,530 ,755,6,761,1009,0,2,1,2,0,1,0,0.00,75.42 ,50
03,011,00,021,0386,531 ,652,7,659,898,0,2,1,2,0,1,0,0.00,73.39 ,50
03,011,00,021,0387,532 ,349,4,353,434,0,2,1,2,0,1,0,0.00,81.34 ,50
03,011,00,022,0388,533 ,639,7,646,841,0,2,1,2,0,1,0,0.00,76.81 ,50
03,011,00,022,0388,534 ,593,7,600,796,0,2,1,2,0,1,0,0.00,75.38 ,50
03,011,00,022,0389,535 ,540,8,548,717,0,2,1,2,0,1,0,0.00,76.43 ,50
03,011,00,022,0389,536 ,594,8,602,763,0,2,1,2,0,1,0,0.00,78.90 ,50
03,011,00,022,0390,537 ,639,7,646,854,0,2,1,2,0,1,0,0.00,75.64 ,50
03,011,00,022,0391,538 ,470,4,474,660,0,2,1,2,0,1,0,0.00,71.82 ,50
03,011,00,022,0392,539 ,423,1,424,566,0,2,1,2,0,1,0,0.00,74.91 ,50
03,011,00,022,0393,540 ,289,5,294,365,0,2,1,2,0,1,0,0.00,80.55 ,50
03,011,00,022,0394,541 ,240,3,243,311,0,2,1,2,0,1,0,0.00,78.14 ,50
03,011,00,023,0395,542 ,777,7,784,1057,0,2,1,2,0,1,0,0.00,74.17 ,50
03,011,00,023,0396,543 ,929,13,942,1308,0,2,1,2,0,1,0,0.00,72.02 ,50
03,011,00,023,0396,544 ,966,9,975,1297,0,2,1,2,0,1,0,0.00,75.17 ,50
03,011,00,023,0396,545 ,999,6,1005,1375,0,2,1,2,0,1,0,0.00,73.09 ,50
03,011,00,023,0397,546 ,954,7,961,1284,0,2,1,2,0,1,0,0.00,74.84 ,50
03,011,00,023,0398,547 ,915,8,923,1257,0,2,1,2,0,1,0,0.00,73.43 ,50
03,011,00,023,0399,548 ,381,4,385,506,0,2,1,2,0,1,0,0.00,76.09 ,50
03,011,00,023,0400,549 ,343,4,347,510,0,2,1,2,0,1,0,0.00,68.04 ,50
03,011,00,023,0401,550 ,578,1,579,777,0,2,1,2,0,1,0,0.00,74.52 ,50
03,011,00,023,0402,551 ,1103,10,1113,1519,0,2,1,2,0,1,0,0.00,73.27 ,50
03,011,00,023,0403,552 ,533,5,538,701,0,2,1,2,0,1,0,0.00,76.75 ,50
03,011,00,023,0404,553 ,769,9,778,1080,0,2,1,2,0,1,0,0.00,72.04 ,50
03,011,00,024,0405,554 ,706,16,722,1014,0,2,1,2,0,1,0,0.00,71.20 ,50
03,011,00,024,0405,555 ,587,8,595,873,0,2,1,2,0,1,0,0.00,68.16 ,50
03,011,00,024,0406,556 ,870,11,881,1309,0,2,1,2,0,1,0,0.00,67.30 ,50
03,011,00,024,0407,557 ,611,5,616,906,0,2,1,2,0,1,0,0.00,67.99 ,50
03,011,00,024,0408,558 ,752,3,755,1101,0,2,1,2,0,1,0,0.00,68.57 ,50
03,011,00,024,0409,559 ,818,7,825,1110,0,2,1,2,0,1,0,0.00,74.32 ,50
03,011,00,024,0410,560 ,516,1,517,693,0,2,1,2,0,1,0,0.00,74.60 ,50
03,011,00,024,0411,561 ,791,8,799,1052,0,2,1,2,0,1,0,0.00,75.95 ,50
03,011,00,024,0411,562 ,866,10,876,1205,0,2,1,2,0,1,0,0.00,72.70 ,50
03,011,00,025,0412,563 ,1047,11,1058,1425,0,2,1,2,0,1,0,0.00,74.25 ,50
03,011,00,025,0413,564 ,581,6,587,781,0,2,1,2,0,1,0,0.00,75.16 ,50
03,011,00,025,0414,565 ,384,5,389,491,0,2,1,2,0,1,0,0.00,79.23 ,50
03,011,00,025,0415,566 ,436,2,438,554,0,2,1,2,0,1,0,0.00,79.06 ,50
03,011,00,025,0416,567 ,480,5,485,667,0,2,1,2,0,1,0,0.00,72.71 ,50
03,011,00,025,0417,568 ,620,5,625,836,0,2,1,2,0,1,0,0.00,74.76 ,50
03,011,00,025,0418,569 ,851,12,863,1189,0,2,1,2,0,1,0,0.00,72.58 ,50
03,011,00,025,0419,570 ,664,10,674,932,0,2,1,2,0,1,0,0.00,72.32 ,50
03,011,00,025,0420,571 ,291,3,294,513,0,2,1,2,0,1,0,0.00,57.31 ,50
03,011,00,026,0421,572 ,345,6,351,488,0,2,1,2,0,1,0,0.00,71.93 ,50
03,011,00,026,0422,573 ,528,3,531,738,0,2,1,2,0,1,0,0.00,71.95 ,50
03,011,00,026,0423,574 ,423,2,425,567,0,2,1,2,0,1,0,0.00,74.96 ,50
03,011,00,026,0424,575 ,688,6,694,914,0,2,1,2,0,1,0,0.00,75.93 ,50
03,011,00,026,0425,576 ,255,0,255,342,0,2,1,2,0,1,0,0.00,74.56 ,50
03,011,00,026,0426,577 ,346,6,352,477,0,2,1,2,0,1,0,0.00,73.79 ,50
03,011,00,026,0427,578 ,317,3,320,439,0,2,1,2,0,1,0,0.00,72.89 ,50
03,011,00,026,0428,579 ,205,5,210,294,0,2,1,2,0,1,0,0.00,71.43 ,50
03,011,00,026,0429,580 ,156,1,157,222,0,2,1,2,0,1,0,0.00,70.72 ,50
03,011,00,026,0430,581 ,413,7,420,613,0,2,1,2,0,1,0,0.00,68.52 ,50
03,011,00,027,0431,582 ,1065,8,1073,1390,0,2,1,2,0,1,0,0.00,77.19 ,50
03,011,00,027,0431,583 ,854,13,867,1119,0,2,1,2,0,1,0,0.00,77.48 ,50
03,011,00,027,0431,584 ,893,9,902,1150,0,2,1,2,0,1,0,0.00,78.43 ,50
03,011,00,027,0432,585 ,756,6,762,975,0,2,1,2,0,1,0,0.00,78.15 ,50
03,011,00,027,0432,586 ,856,7,863,1102,0,2,1,2,0,1,0,0.00,78.31 ,50
03,011,00,027,0433,587 ,576,7,583,709,0,2,1,2,0,1,0,0.00,82.23 ,50
03,011,00,027,0433,588 ,633,4,637,836,0,2,1,2,0,1,0,0.00,76.20 ,50
03,011,00,027,0434,589 ,901,8,909,1140,0,2,1,2,0,1,0,0.00,79.74 ,50
03,011,00,027,0434,590 ,730,9,739,972,0,2,1,2,0,1,0,0.00,76.03 ,50
03,011,00,027,0434,591 ,840,6,846,1113,0,2,1,2,0,1,0,0.00,76.01 ,50
03,011,00,027,0435,592 ,865,7,872,1070,0,2,1,2,0,1,0,0.00,81.50 ,50
03,011,00,027,0435,593 ,813,5,818,1046,0,2,1,2,0,1,0,0.00,78.20 ,50
03,011,00,027,0435,594 ,1051,4,1055,1398,0,2,1,2,0,1,0,0.00,75.46 ,50
03,011,00,027,0435,595 ,602,6,608,760,0,2,1,2,0,1,0,0.00,80.00 ,50
03,011,00,027,0435,596 ,875,13,888,1108,0,2,1,2,0,1,0,0.00,80.14 ,50
03,011,00,027,0436,597 ,1077,17,1094,1390,0,2,1,2,0,1,0,0.00,78.71 ,50
03,011,00,027,0436,598 ,572,9,581,739,0,2,1,2,0,1,0,0.00,78.62 ,50
03,011,00,027,0437,599 ,838,7,845,1073,0,2,1,2,0,1,0,0.00,78.75 ,50
03,011,00,027,0437,600 ,970,10,980,1213,0,2,1,2,0,1,0,0.00,80.79 ,50
03,011,00,027,0437,601 ,919,9,928,1175,0,2,1,2,0,1,0,0.00,78.98 ,50
03,011,00,027,0437,602 ,959,7,966,1296,0,2,1,2,0,1,0,0.00,74.54 ,50
03,011,00,027,0438,603 ,984,12,996,1242,0,2,1,2,0,1,0,0.00,80.19 ,50
03,011,00,027,0438,604 ,1132,18,1150,1432,0,2,1,2,0,1,0,0.00,80.31 ,50
03,011,00,027,0438,605 ,519,11,530,670,0,2,1,2,0,1,0,0.00,79.10 ,50
03,011,00,027,0439,606 ,958,4,962,1170,0,2,1,2,0,1,0,0.00,82.22 ,50
03,011,00,027,0440,607 ,495,1,496,622,0,2,1,2,0,1,0,0.00,79.74 ,50
03,011,00,027,0441,608 ,559,8,567,738,0,2,1,2,0,1,0,0.00,76.83 ,50
03,011,00,027,0441,609 ,977,11,988,1231,0,2,1,2,0,1,0,0.00,80.26 ,50
03,011,00,027,0442,610 ,857,12,869,1145,0,2,1,2,0,1,0,0.00,75.90 ,50
03,011,00,027,0442,611 ,709,6,715,950,0,2,1,2,0,1,0,0.00,75.26 ,50
03,011,00,027,0442,612 ,800,8,808,1051,0,2,1,2,0,1,0,0.00,76.88 ,50
03,011,00,027,0442,613 ,246,5,251,339,0,2,1,2,0,1,0,0.00,74.04 ,50
03,011,00,027,0443,614 ,970,12,982,1289,0,2,1,2,0,1,0,0.00,76.18 ,50
03,011,00,027,0444,615 ,762,6,768,1020,0,2,1,2,0,1,0,0.00,75.29 ,50
03,011,00,027,0444,616 ,777,7,784,1000,0,2,1,2,0,1,0,0.00,78.40 ,50
03,011,00,027,0445,617 ,895,15,910,1128,0,2,1,2,0,1,0,0.00,80.67 ,50
03,011,00,027,0445,618 ,638,9,647,804,0,2,1,2,0,1,0,0.00,80.47 ,50
03,011,00,027,0446,619 ,644,5,649,784,0,2,1,2,0,1,0,0.00,82.78 ,50
03,011,00,027,0446,620 ,780,11,791,985,0,2,1,2,0,1,0,0.00,80.30 ,50
03,011,00,027,0447,621 ,941,7,948,1221,0,2,1,2,0,1,0,0.00,77.64 ,50
03,011,00,027,0448,622 ,1031,12,1043,1307,0,2,1,2,0,1,0,0.00,79.80 ,50
03,011,00,028,0449,623 ,1012,14,1026,1307,0,2,1,2,0,1,0,0.00,78.50 ,50
03,011,00,028,0449,624 ,898,4,902,1167,0,2,1,2,0,1,0,0.00,77.29 ,50
03,011,00,028,0449,625 ,983,17,1000,1245,0,2,1,2,0,1,0,0.00,80.32 ,50
03,011,00,028,0450,626 ,913,15,928,1183,0,2,1,2,0,1,0,0.00,78.44 ,50
03,011,00,028,0450,627 ,774,4,778,1017,0,2,1,2,0,1,0,0.00,76.50 ,50
03,011,00,028,0451,628 ,790,10,800,1030,0,2,1,2,0,1,0,0.00,77.67 ,50
03,011,00,028,0451,629 ,801,14,815,1050,0,2,1,2,0,1,0,0.00,77.62 ,50
03,011,00,028,0451,630 ,798,12,810,1061,0,2,1,2,0,1,0,0.00,76.34 ,50
03,011,00,028,0451,631 ,997,7,1004,1289,0,2,1,2,0,1,0,0.00,77.89 ,50
03,011,00,028,0452,632 ,845,5,850,1080,0,2,1,2,0,1,0,0.00,78.70 ,50
03,011,00,028,0452,633 ,795,7,802,1034,0,2,1,2,0,1,0,0.00,77.56 ,50
03,011,00,028,0452,634 ,792,6,798,1027,0,2,1,2,0,1,0,0.00,77.70 ,50
03,011,00,028,0452,635 ,917,11,928,1140,0,2,1,2,0,1,0,0.00,81.40 ,50
03,011,00,028,0453,636 ,1091,12,1103,1403,0,2,1,2,0,1,0,0.00,78.62 ,50
03,011,00,028,0453,637 ,1064,18,1082,1366,0,2,1,2,0,1,0,0.00,79.21 ,50
03,011,00,028,0453,638 ,922,7,929,1194,0,2,1,2,0,1,0,0.00,77.81 ,50
03,011,00,028,0454,639 ,1123,15,1138,1461,0,2,1,2,0,1,0,0.00,77.89 ,50
03,011,00,028,0454,640 ,764,3,767,941,0,2,1,2,0,1,0,0.00,81.51 ,50
03,011,00,028,0455,641 ,937,13,950,1204,0,2,1,2,0,1,0,0.00,78.90 ,50
03,011,00,028,0456,642 ,974,10,984,1219,0,2,1,2,0,1,0,0.00,80.72 ,50
03,011,00,028,0457,643 ,616,4,620,768,0,2,1,2,0,1,0,0.00,80.73 ,50
03,011,00,028,0457,644 ,710,6,716,879,0,2,1,2,0,1,0,0.00,81.46 ,50
03,011,00,028,0458,645 ,358,1,359,494,0,2,1,2,0,1,0,0.00,72.67 ,50
03,011,00,028,0459,646 ,637,8,645,845,0,2,1,2,0,1,0,0.00,76.33 ,50
03,011,00,028,0459,647 ,529,8,537,724,0,2,1,2,0,1,0,0.00,74.17 ,50
03,011,00,028,0460,648 ,859,8,867,1322,0,2,1,2,0,1,0,0.00,65.58 ,50
03,011,00,028,0461,649 ,663,4,667,855,0,2,1,2,0,1,0,0.00,78.01 ,50
03,011,00,028,0461,650 ,650,3,653,816,0,2,1,2,0,1,0,0.00,80.02 ,50
03,011,00,028,0462,651 ,820,7,827,1071,0,2,1,2,0,1,0,0.00,77.22 ,50
03,011,00,028,0462,652 ,515,3,518,664,0,2,1,2,0,1,0,0.00,78.01 ,50
03,011,00,028,0463,653 ,1124,11,1135,1461,0,2,1,2,0,1,0,0.00,77.69 ,50
03,011,00,028,0464,654 ,704,9,713,892,0,2,1,2,0,1,0,0.00,79.93 ,50
03,011,00,028,0464,655 ,573,6,579,760,0,2,1,2,0,1,0,0.00,76.18 ,50
03,011,00,028,0465,656 ,514,4,518,666,0,2,1,2,0,1,0,0.00,77.78 ,50
03,011,00,028,0465,657 ,474,5,479,575,0,2,1,2,0,1,0,0.00,83.30 ,50
03,011,00,028,0466,658 ,876,13,889,1163,0,2,1,2,0,1,0,0.00,76.44 ,50
03,011,00,028,0466,659 ,619,6,625,768,0,2,1,2,0,1,0,0.00,81.38 ,50
03,011,00,029,0467,660 ,640,4,644,826,0,2,1,2,0,1,0,0.00,77.97 ,50
03,011,00,029,0467,661 ,759,13,772,940,0,2,1,2,0,1,0,0.00,82.13 ,50
03,011,00,029,0468,662 ,684,3,687,853,0,2,1,2,0,1,0,0.00,80.54 ,50
03,011,00,029,0468,663 ,658,6,664,850,0,2,1,2,0,1,0,0.00,78.12 ,50
03,011,00,029,0469,664 ,788,4,792,1034,0,2,1,2,0,1,0,0.00,76.60 ,50
03,011,00,029,0469,665 ,879,7,886,1146,0,2,1,2,0,1,0,0.00,77.31 ,50
03,011,00,029,0469,666 ,1007,3,1010,1246,0,2,1,2,0,1,0,0.00,81.06 ,50
03,011,00,029,0470,667 ,973,6,979,1273,0,2,1,2,0,1,0,0.00,76.90 ,50
03,011,00,029,0470,668 ,935,5,940,1194,0,2,1,2,0,1,0,0.00,78.73 ,50
03,011,00,029,0471,669 ,601,2,603,779,0,2,1,2,0,1,0,0.00,77.41 ,50
03,011,00,029,0472,670 ,593,5,598,799,0,2,1,2,0,1,0,0.00,74.84 ,50
03,011,00,029,0473,671 ,1020,8,1028,1269,0,2,1,2,0,1,0,0.00,81.01 ,50
03,011,00,029,0473,672 ,804,6,810,1006,0,2,1,2,0,1,0,0.00,80.52 ,50
03,011,00,029,0474,673 ,1073,10,1083,1362,0,2,1,2,0,1,0,0.00,79.52 ,50
03,011,00,029,0474,674 ,988,4,992,1219,0,2,1,2,0,1,0,0.00,81.38 ,50
03,011,00,029,0475,675 ,668,5,673,851,0,2,1,2,0,1,0,0.00,79.08 ,50
03,011,00,029,0475,676 ,838,6,844,1026,0,2,1,2,0,1,0,0.00,82.26 ,50
03,011,00,029,0476,677 ,1036,4,1040,1296,0,2,1,2,0,1,0,0.00,80.25 ,50
03,011,00,029,0477,678 ,697,2,699,904,0,2,1,2,0,1,0,0.00,77.32 ,50
03,011,00,029,0477,679 ,906,10,916,1173,0,2,1,2,0,1,0,0.00,78.09 ,50
03,011,00,029,0478,680 ,1109,21,1130,1400,0,2,1,2,0,1,0,0.00,80.71 ,50
03,011,00,029,0479,681 ,917,7,924,1170,0,2,1,2,0,1,0,0.00,78.97 ,50
03,011,00,029,0480,682 ,589,3,592,777,0,2,1,2,0,1,0,0.00,76.19 ,50
03,011,00,029,0481,683 ,571,3,574,722,0,2,1,2,0,1,0,0.00,79.50 ,50
03,011,00,029,0482,684 ,1059,14,1073,1360,0,2,1,2,0,1,0,0.00,78.90 ,50
03,011,00,029,0483,685 ,310,4,314,389,0,2,1,2,0,1,0,0.00,80.72 ,50
03,011,00,030,0484,686 ,913,7,920,1207,0,2,1,2,0,1,0,0.00,76.22 ,50
03,011,00,030,0485,687 ,532,3,535,693,0,2,1,2,0,1,0,0.00,77.20 ,50
03,011,00,030,0486,688 ,119,1,120,203,0,2,1,2,0,1,0,0.00,59.11 ,50
03,011,00,030,0487,689 ,247,2,249,313,0,2,1,2,0,1,0,0.00,79.55 ,50
03,011,00,030,0488,690 ,217,4,221,285,0,2,1,2,0,1,0,0.00,77.54 ,50
03,011,00,030,0489,691 ,244,2,246,320,0,2,1,2,0,1,0,0.00,76.88 ,50
03,011,00,030,0490,692 ,349,2,351,430,0,2,1,2,0,1,0,0.00,81.63 ,50
03,011,00,030,0491,693 ,285,1,286,387,0,2,1,2,0,1,0,0.00,73.90 ,50
03,011,00,031,0492,694 ,940,11,951,1275,0,2,1,2,0,1,0,0.00,74.59 ,50
03,011,00,031,0492,695 ,775,8,783,1025,0,2,1,2,0,1,0,0.00,76.39 ,50
03,011,00,031,0492,696 ,843,9,852,1162,0,2,1,2,0,1,0,0.00,73.32 ,50
03,011,00,031,0493,697 ,905,9,914,1201,0,2,1,2,0,1,0,0.00,76.10 ,50
03,011,00,031,0493,698 ,739,6,745,1041,0,2,1,2,0,1,0,0.00,71.57 ,50
03,011,00,031,0494,699 ,839,6,845,1123,0,2,1,2,0,1,0,0.00,75.24 ,50
03,011,00,031,0494,700 ,515,5,520,706,0,2,1,2,0,1,0,0.00,73.65 ,50
03,011,00,031,0495,701 ,1272,11,1283,1761,0,2,1,2,0,1,0,0.00,72.86 ,50
03,011,00,031,0495,702 ,905,6,911,1199,0,2,1,2,0,1,0,0.00,75.98 ,50
03,011,00,031,0496,703 ,746,9,755,1015,0,2,1,2,0,1,0,0.00,74.38 ,50
03,011,00,031,0496,704 ,924,8,932,1282,0,2,1,2,0,1,0,0.00,72.70 ,50
03,011,00,031,0496,705 ,704,11,715,947,0,2,1,2,0,1,0,0.00,75.50 ,50
03,011,00,031,0496,706 ,884,7,891,1213,0,2,1,2,0,1,0,0.00,73.45 ,50
03,011,00,031,0497,707 ,832,7,839,1102,0,2,1,2,0,1,0,0.00,76.13 ,50
03,011,00,031,0497,708 ,974,4,978,1242,0,2,1,2,0,1,0,0.00,78.74 ,50
03,011,00,031,0497,709 ,926,12,938,1256,0,2,1,2,0,1,0,0.00,74.68 ,50
03,011,00,031,0497,710 ,767,10,777,1084,0,2,1,2,0,1,0,0.00,71.68 ,50
03,011,00,031,0498,711 ,780,11,791,1020,0,2,1,2,0,1,0,0.00,77.55 ,50
03,011,00,031,0498,712 ,827,9,836,1131,0,2,1,2,0,1,0,0.00,73.92 ,50
03,011,00,031,0498,713 ,1012,18,1030,1368,0,2,1,2,0,1,0,0.00,75.29 ,50
03,011,00,031,0499,714 ,876,7,883,1130,0,2,1,2,0,1,0,0.00,78.14 ,50
03,011,00,031,0499,715 ,983,13,996,1303,0,2,1,2,0,1,0,0.00,76.44 ,50
03,011,00,031,0499,716 ,886,2,888,1160,0,2,1,2,0,1,0,0.00,76.55 ,50
03,011,00,031,0499,717 ,745,6,751,1043,0,2,1,2,0,1,0,0.00,72.00 ,50
03,011,00,031,0500,718 ,1101,12,1113,1561,0,2,1,2,0,1,0,0.00,71.30 ,50
03,011,00,031,0500,719 ,841,6,847,1109,0,2,1,2,0,1,0,0.00,76.38 ,50
03,011,00,031,0500,720 ,709,9,718,946,0,2,1,2,0,1,0,0.00,75.90 ,50
03,011,00,031,0501,721 ,505,7,512,675,0,2,1,2,0,1,0,0.00,75.85 ,50
03,011,00,031,0501,722 ,593,3,596,791,0,2,1,2,0,1,0,0.00,75.35 ,50
03,011,00,031,0501,723 ,541,12,553,690,0,2,1,2,0,1,0,0.00,80.14 ,50
03,011,00,031,0502,724 ,786,7,793,1113,0,2,1,2,0,1,0,0.00,71.25 ,50
03,011,00,031,0502,725 ,785,7,792,1042,0,2,1,2,0,1,0,0.00,76.01 ,50
03,011,00,031,0503,726 ,753,9,762,1028,0,2,1,2,0,1,0,0.00,74.12 ,50
03,011,00,031,0503,727 ,804,14,818,1084,0,2,1,2,0,1,0,0.00,75.46 ,50
03,011,00,031,0504,728 ,907,16,923,1181,0,2,1,2,0,1,0,0.00,78.15 ,50
03,011,00,031,0505,729 ,796,10,806,1024,0,2,1,2,0,1,0,0.00,78.71 ,50
03,011,00,031,0506,730 ,719,5,724,968,0,2,1,2,0,1,0,0.00,74.79 ,50
03,011,00,031,0506,731 ,759,7,766,1027,0,2,1,2,0,1,0,0.00,74.59 ,50
03,011,00,031,0506,732 ,760,6,766,1035,0,2,1,2,0,1,0,0.00,74.01 ,50
03,011,00,031,0506,733 ,763,8,771,1032,0,2,1,2,0,1,0,0.00,74.71 ,50
03,011,00,031,0506,734 ,710,7,717,918,0,2,1,2,0,1,0,0.00,78.10 ,50
03,011,00,031,0507,735 ,874,8,882,1115,0,2,1,2,0,1,0,0.00,79.10 ,50
03,011,00,031,0507,736 ,847,6,853,1126,0,2,1,2,0,1,0,0.00,75.75 ,50
03,011,00,031,0507,737 ,916,7,923,1132,0,2,1,2,0,1,0,0.00,81.54 ,50
03,011,00,031,0508,738 ,509,14,523,658,0,2,1,2,0,1,0,0.00,79.48 ,50
03,011,00,031,0508,739 ,611,5,616,795,0,2,1,2,0,1,0,0.00,77.48 ,50
03,011,00,031,0508,740 ,640,4,644,788,0,2,1,2,0,1,0,0.00,81.73 ,50
03,011,00,031,0509,741 ,731,6,737,921,0,2,1,2,0,1,0,0.00,80.02 ,50
03,011,00,031,0509,742 ,721,4,725,1009,0,2,1,2,0,1,0,0.00,71.85 ,50
03,011,00,031,0509,743 ,611,6,617,799,0,2,1,2,0,1,0,0.00,77.22 ,50
03,011,00,031,0510,744 ,912,4,916,1197,0,2,1,2,0,1,0,0.00,76.52 ,50
03,011,00,031,0510,745 ,763,10,773,1049,0,2,1,2,0,1,0,0.00,73.69 ,50
03,011,00,031,0510,746 ,827,11,838,1093,0,2,1,2,0,1,0,0.00,76.67 ,50
03,011,00,031,0510,747 ,855,9,864,1187,0,2,1,2,0,1,0,0.00,72.79 ,50
03,011,00,031,0511,748 ,827,3,830,1051,0,2,1,2,0,1,0,0.00,78.97 ,50
03,011,00,031,0511,749 ,358,4,362,462,0,2,1,2,0,1,0,0.00,78.35 ,50
03,011,00,031,0512,750 ,922,10,932,1177,0,2,1,2,0,1,0,0.00,79.18 ,50
03,011,00,031,0513,751 ,829,14,843,1091,0,2,1,2,0,1,0,0.00,77.27 ,50
03,011,00,031,0513,752 ,755,7,762,977,0,2,1,2,0,1,0,0.00,77.99 ,50
03,011,00,031,0513,753 ,813,8,821,1036,0,2,1,2,0,1,0,0.00,79.25 ,50
03,011,00,031,0514,754 ,847,10,857,1137,0,2,1,2,0,1,0,0.00,75.37 ,50
03,011,00,031,0515,755 ,822,10,832,1002,0,2,1,2,0,1,0,0.00,83.03 ,50
03,011,00,031,0515,756 ,575,2,577,732,0,2,1,2,0,1,0,0.00,78.83 ,50
03,011,00,031,0515,757 ,787,12,799,976,0,2,1,2,0,1,0,0.00,81.86 ,50
03,011,00,031,0516,758 ,675,5,680,868,0,2,1,2,0,1,0,0.00,78.34 ,50
03,011,00,031,0516,759 ,638,5,643,868,0,2,1,2,0,1,0,0.00,74.08 ,50
03,011,00,031,0516,760 ,806,5,811,1037,0,2,1,2,0,1,0,0.00,78.21 ,50
03,011,00,031,0517,761 ,964,12,976,1221,0,2,1,2,0,1,0,0.00,79.93 ,50
03,011,00,031,0517,762 ,1053,7,1060,1335,0,2,1,2,0,1,0,0.00,79.40 ,50
03,011,00,031,0517,763 ,1018,6,1024,1330,0,2,1,2,0,1,0,0.00,76.99 ,50
03,011,00,031,0518,764 ,877,9,886,1094,0,2,1,2,0,1,0,0.00,80.99 ,50
03,011,00,031,0518,765 ,848,5,853,1071,0,2,1,2,0,1,0,0.00,79.65 ,50
03,011,00,031,0518,766 ,831,9,840,1036,0,2,1,2,0,1,0,0.00,81.08 ,50
03,011,00,031,0519,767 ,806,7,813,1106,0,2,1,2,0,1,0,0.00,73.51 ,50
03,011,00,031,0519,768 ,786,6,792,1024,0,2,1,2,0,1,0,0.00,77.34 ,50
03,011,00,031,0519,769 ,916,4,920,1200,0,2,1,2,0,1,0,0.00,76.67 ,50
03,011,00,031,0519,770 ,808,16,824,1051,0,2,1,2,0,1,0,0.00,78.40 ,50
03,011,00,031,0520,771 ,1024,15,1039,1347,0,2,1,2,0,1,0,0.00,77.13 ,50
03,011,00,031,0520,772 ,1046,12,1058,1417,0,2,1,2,0,1,0,0.00,74.66 ,50
03,011,00,031,0520,773 ,1000,6,1006,1351,0,2,1,2,0,1,0,0.00,74.46 ,50
03,011,00,031,0521,774 ,668,7,675,888,0,2,1,2,0,1,0,0.00,76.01 ,50
03,011,00,031,0521,775 ,802,13,815,1055,0,2,1,2,0,1,0,0.00,77.25 ,50
03,011,00,031,0522,776 ,947,9,956,1237,0,2,1,2,0,1,0,0.00,77.28 ,50
03,011,00,031,0522,777 ,709,11,720,888,0,2,1,2,0,1,0,0.00,81.08 ,50
03,011,00,031,0523,778 ,812,5,817,1027,0,2,1,2,0,1,0,0.00,79.55 ,50
03,011,00,031,0523,779 ,663,5,668,863,0,2,1,2,0,1,0,0.00,77.40 ,50
03,011,00,031,0524,780 ,912,8,920,1241,0,2,1,2,0,1,0,0.00,74.13 ,50
03,011,00,031,0524,781 ,1018,14,1032,1398,0,2,1,2,0,1,0,0.00,73.82 ,50
03,011,00,031,0524,782 ,906,10,916,1185,0,2,1,2,0,1,0,0.00,77.30 ,50
03,011,00,031,0524,783 ,687,8,695,953,0,2,1,2,0,1,0,0.00,72.93 ,50
03,011,00,031,0524,784 ,592,8,600,780,0,2,1,2,0,1,0,0.00,76.92 ,50
03,011,00,031,0524,785 ,750,15,765,1054,0,2,1,2,0,1,0,0.00,72.58 ,50
03,011,00,031,0525,786 ,967,12,979,1262,0,2,1,2,0,1,0,0.00,77.58 ,50
03,011,00,031,0526,787 ,798,6,804,982,0,2,1,2,0,1,0,0.00,81.87 ,50
03,011,00,031,0526,788 ,635,5,640,859,0,2,1,2,0,1,0,0.00,74.51 ,50
03,011,00,031,0527,789 ,861,3,864,1109,0,2,1,2,0,1,0,0.00,77.91 ,50
03,011,00,031,0527,790 ,894,11,905,1263,0,2,1,2,0,1,0,0.00,71.65 ,50
03,011,00,031,0528,791 ,596,4,600,798,0,2,1,2,0,1,0,0.00,75.19 ,50
03,011,00,031,0528,792 ,580,2,582,805,0,2,1,2,0,1,0,0.00,72.30 ,50
03,011,00,031,0529,793 ,1038,10,1048,1389,0,2,1,2,0,1,0,0.00,75.45 ,50
03,011,00,031,0529,794 ,1027,8,1035,1335,0,2,1,2,0,1,0,0.00,77.53 ,50
03,011,00,031,0530,795 ,743,5,748,963,0,2,1,2,0,1,0,0.00,77.67 ,50
03,011,00,031,0530,796 ,801,8,809,1091,0,2,1,2,0,1,0,0.00,74.15 ,50
03,011,00,031,0530,797 ,716,8,724,951,0,2,1,2,0,1,0,0.00,76.13 ,50
03,011,00,031,0530,798 ,741,10,751,1033,0,2,1,2,0,1,0,0.00,72.70 ,50
03,012,00,001,0001,1 ,538,7,545,689,0,2,1,2,0,1,0,0.00,79.10 ,50
03,012,00,001,0001,2 ,587,3,590,763,0,2,1,2,0,1,0,0.00,77.33 ,50
03,012,00,001,0002,3 ,688,6,694,903,0,2,1,2,0,1,0,0.00,76.85 ,50
03,012,00,001,0003,4 ,917,5,922,1212,0,2,1,2,0,1,0,0.00,76.07 ,50
03,012,00,001,0003,5 ,876,8,884,1135,0,2,1,2,0,1,0,0.00,77.89 ,50
03,012,00,001,0004,6 ,1093,14,1107,1470,0,2,1,2,0,1,0,0.00,75.31 ,50
03,012,00,001,0004,7 ,972,6,978,1282,0,2,1,2,0,1,0,0.00,76.29 ,50
03,012,00,001,0004,8 ,924,5,929,1201,0,2,1,2,0,1,0,0.00,77.35 ,50
03,012,00,001,0004,9 ,983,7,990,1285,0,2,1,2,0,1,0,0.00,77.04 ,50
03,012,00,001,0005,10 ,792,9,801,1036,0,2,1,2,0,1,0,0.00,77.32 ,50
03,012,00,001,0005,11 ,743,17,760,1022,0,2,1,2,0,1,0,0.00,74.36 ,50
03,012,00,001,0005,12 ,805,11,816,1030,0,2,1,2,0,1,0,0.00,79.22 ,50
03,012,00,001,0005,13 ,832,3,835,1077,0,2,1,2,0,1,0,0.00,77.53 ,50
03,012,00,001,0006,14 ,1183,10,1193,1601,0,2,1,2,0,1,0,0.00,74.52 ,50
03,012,00,001,0006,15 ,1024,10,1034,1342,0,2,1,2,0,1,0,0.00,77.05 ,50
03,012,00,001,0006,16 ,865,5,870,1153,0,2,1,2,0,1,0,0.00,75.46 ,50
03,012,00,001,0006,17 ,1334,13,1347,1715,0,2,1,2,0,1,0,0.00,78.54 ,50
03,012,00,001,0007,18 ,951,8,959,1194,0,2,1,2,0,1,0,0.00,80.32 ,50
03,012,00,001,0007,19 ,868,3,871,1142,0,2,1,2,0,1,0,0.00,76.27 ,50
03,012,00,001,0008,20 ,741,3,744,920,0,2,1,2,0,1,0,0.00,80.87 ,50
03,012,00,001,0008,21 ,894,8,902,1178,0,2,1,2,0,1,0,0.00,76.57 ,50
03,012,00,001,0009,22 ,806,10,816,1024,0,2,1,2,0,1,0,0.00,79.69 ,50
03,012,00,001,0009,23 ,788,8,796,1002,0,2,1,2,0,1,0,0.00,79.44 ,50
03,012,00,001,0009,24 ,955,6,961,1224,0,2,1,2,0,1,0,0.00,78.51 ,50
03,012,00,001,0009,25 ,775,8,783,1004,0,2,1,2,0,1,0,0.00,77.99 ,50
03,012,00,001,0010,26 ,645,6,651,836,0,2,1,2,0,1,0,0.00,77.87 ,50
03,012,00,001,0010,27 ,951,8,959,1217,0,2,1,2,0,1,0,0.00,78.80 ,50
03,012,00,001,0010,28 ,715,5,720,906,0,2,1,2,0,1,0,0.00,79.47 ,50
03,012,00,001,0010,29 ,1048,9,1057,1364,0,2,1,2,0,1,0,0.00,77.49 ,50
03,012,00,001,0011,30 ,857,5,862,1126,0,2,1,2,0,1,0,0.00,76.55 ,50
03,012,00,001,0011,31 ,952,4,956,1196,0,2,1,2,0,1,0,0.00,79.93 ,50
03,012,00,001,0011,32 ,695,6,701,934,0,2,1,2,0,1,0,0.00,75.05 ,50
03,012,00,001,0011,33 ,762,6,768,1006,0,2,1,2,0,1,0,0.00,76.34 ,50
03,012,00,001,0011,34 ,815,10,825,1107,0,2,1,2,0,1,0,0.00,74.53 ,50
03,012,00,001,0011,35 ,746,5,751,1011,0,2,1,2,0,1,0,0.00,74.28 ,50
03,012,00,001,0011,36 ,812,4,816,1098,0,2,1,2,0,1,0,0.00,74.32 ,50
03,012,00,001,0011,37 ,798,7,805,1062,0,2,1,2,0,1,0,0.00,75.80 ,50
03,012,00,001,0012,38 ,759,9,768,950,0,2,1,2,0,1,0,0.00,80.84 ,50
03,012,00,001,0013,39 ,441,2,443,547,0,2,1,2,0,1,0,0.00,80.99 ,50
03,012,00,001,0014,40 ,481,3,484,629,0,2,1,2,0,1,0,0.00,76.95 ,50
03,012,00,001,0014,41 ,697,2,699,847,0,2,1,2,0,1,0,0.00,82.53 ,50
03,012,00,001,0015,42 ,705,10,715,910,0,2,1,2,0,1,0,0.00,78.57 ,50
03,012,00,001,0015,43 ,578,4,582,751,0,2,1,2,0,1,0,0.00,77.50 ,50
03,012,00,001,0016,44 ,856,4,860,1074,0,2,1,2,0,1,0,0.00,80.07 ,50
03,012,00,001,0016,45 ,955,10,965,1231,0,2,1,2,0,1,0,0.00,78.39 ,50
03,012,00,001,0016,46 ,891,6,897,1172,0,2,1,2,0,1,0,0.00,76.54 ,50
03,012,00,001,0016,47 ,958,10,968,1234,0,2,1,2,0,1,0,0.00,78.44 ,50
03,012,00,001,0017,48 ,804,0,804,1067,0,2,1,2,0,1,0,0.00,75.35 ,50
03,012,00,001,0018,49 ,921,11,932,1172,0,2,1,2,0,1,0,0.00,79.52 ,50
03,012,00,001,0019,50 ,926,8,934,1142,0,2,1,2,0,1,0,0.00,81.79 ,50
03,012,00,001,0020,51 ,899,5,904,1121,0,2,1,2,0,1,0,0.00,80.64 ,50
03,012,00,001,0020,52 ,513,4,517,680,0,2,1,2,0,1,0,0.00,76.03 ,50
03,012,00,001,0020,53 ,767,8,775,1010,0,2,1,2,0,1,0,0.00,76.73 ,50
03,012,00,001,0020,54 ,785,6,791,1020,0,2,1,2,0,1,0,0.00,77.55 ,50
03,012,00,001,0021,55 ,672,5,677,853,0,2,1,2,0,1,0,0.00,79.37 ,50
03,012,00,001,0022,56 ,964,14,978,1286,0,2,1,2,0,1,0,0.00,76.05 ,50
03,012,00,001,0022,57 ,933,15,948,1195,0,2,1,2,0,1,0,0.00,79.33 ,50
03,012,00,001,0022,58 ,918,6,924,1107,0,2,1,2,0,1,0,0.00,83.47 ,50
03,012,00,001,0023,59 ,648,3,651,838,0,2,1,2,0,1,0,0.00,77.68 ,50
03,012,00,001,0023,60 ,829,8,837,1085,0,2,1,2,0,1,0,0.00,77.14 ,50
03,012,00,001,0023,61 ,889,8,897,1182,0,2,1,2,0,1,0,0.00,75.89 ,50
03,012,00,001,0024,62 ,892,8,900,1169,0,2,1,2,0,1,0,0.00,76.99 ,50
03,012,00,001,0024,63 ,1087,5,1092,1357,0,2,1,2,0,1,0,0.00,80.47 ,50
03,012,00,001,0024,64 ,859,4,863,1076,0,2,1,2,0,1,0,0.00,80.20 ,50
03,012,00,001,0024,65 ,771,8,779,973,0,2,1,2,0,1,0,0.00,80.06 ,50
03,012,00,001,0025,66 ,859,3,862,1117,0,2,1,2,0,1,0,0.00,77.17 ,50
03,012,00,001,0025,67 ,847,8,855,1123,0,2,1,2,0,1,0,0.00,76.14 ,50
03,012,00,001,0025,68 ,824,4,828,1029,0,2,1,2,0,1,0,0.00,80.47 ,50
03,012,00,001,0026,69 ,463,3,466,610,0,2,1,2,0,1,0,0.00,76.39 ,50
03,012,00,001,0026,70 ,431,1,432,547,0,2,1,2,0,1,0,0.00,78.98 ,50
03,012,00,001,0027,71 ,494,4,498,642,0,2,1,2,0,1,0,0.00,77.57 ,50
03,012,00,001,0028,72 ,1154,9,1163,1462,0,2,1,2,0,1,0,0.00,79.55 ,50
03,012,00,001,0029,73 ,896,8,904,1190,0,2,1,2,0,1,0,0.00,75.97 ,50
03,012,00,001,0029,74 ,857,11,868,1123,0,2,1,2,0,1,0,0.00,77.29 ,50
03,012,00,001,0030,75 ,847,3,850,1092,0,2,1,2,0,1,0,0.00,77.84 ,50
03,012,00,001,0030,76 ,999,7,1006,1287,0,2,1,2,0,1,0,0.00,78.17 ,50
03,012,00,001,0030,77 ,996,9,1005,1311,0,2,1,2,0,1,0,0.00,76.66 ,50
03,012,00,001,0030,78 ,828,4,832,1063,0,2,1,2,0,1,0,0.00,78.27 ,50
03,012,00,001,0031,79 ,950,11,961,1218,0,2,1,2,0,1,0,0.00,78.90 ,50
03,012,00,001,0031,80 ,887,5,892,1119,0,2,1,2,0,1,0,0.00,79.71 ,50
03,012,00,001,0032,81 ,866,9,875,1141,0,2,1,2,0,1,0,0.00,76.69 ,50
03,012,00,001,0032,82 ,947,6,953,1216,0,2,1,2,0,1,0,0.00,78.37 ,50
03,012,00,001,0032,83 ,830,8,838,1085,0,2,1,2,0,1,0,0.00,77.24 ,50
03,012,00,001,0033,84 ,1225,8,1233,1597,0,2,1,2,0,1,0,0.00,77.21 ,50
03,012,00,001,0033,85 ,1178,6,1184,1546,0,2,1,2,0,1,0,0.00,76.58 ,50
03,012,00,001,0033,86 ,1347,8,1355,1869,0,2,1,2,0,1,0,0.00,72.50 ,50
03,012,00,001,0034,87 ,886,9,895,1106,0,2,1,2,0,1,0,0.00,80.92 ,50
03,012,00,001,0034,88 ,904,15,919,1167,0,2,1,2,0,1,0,0.00,78.75 ,50
03,012,00,001,0034,89 ,1045,7,1052,1356,0,2,1,2,0,1,0,0.00,77.58 ,50
03,012,00,001,0035,90 ,897,9,906,1137,0,2,1,2,0,1,0,0.00,79.68 ,50
03,012,00,001,0035,91 ,649,7,656,853,0,2,1,2,0,1,0,0.00,76.91 ,50
03,012,00,001,0035,92 ,718,6,724,939,0,2,1,2,0,1,0,0.00,77.10 ,50
03,012,00,001,0035,93 ,1029,12,1041,1341,0,2,1,2,0,1,0,0.00,77.63 ,50
03,012,00,001,0036,94 ,810,15,825,1025,0,2,1,2,0,1,0,0.00,80.49 ,50
03,012,00,001,0037,95 ,818,10,828,1058,0,2,1,2,0,1,0,0.00,78.26 ,50
03,012,00,001,0037,96 ,891,5,896,1138,0,2,1,2,0,1,0,0.00,78.73 ,50
03,012,00,001,0038,97 ,802,10,812,1019,0,2,1,2,0,1,0,0.00,79.69 ,50
03,012,00,001,0038,98 ,695,6,701,898,0,2,1,2,0,1,0,0.00,78.06 ,50
03,012,00,001,0038,99 ,830,7,837,1078,0,2,1,2,0,1,0,0.00,77.64 ,50
03,012,00,001,0038,100 ,942,7,949,1183,0,2,1,2,0,1,0,0.00,80.22 ,50
03,012,00,001,0039,101 ,660,5,665,838,0,2,1,2,0,1,0,0.00,79.36 ,50
03,012,00,001,0039,102 ,761,6,767,929,0,2,1,2,0,1,0,0.00,82.56 ,50
03,012,00,001,0039,103 ,792,10,802,996,0,2,1,2,0,1,0,0.00,80.52 ,50
03,012,00,001,0040,104 ,721,4,725,927,0,2,1,2,0,1,0,0.00,78.21 ,50
03,012,00,001,0040,105 ,634,7,641,785,0,2,1,2,0,1,0,0.00,81.66 ,50
03,012,00,001,0040,106 ,674,3,677,884,0,2,1,2,0,1,0,0.00,76.58 ,50
03,012,00,001,0040,107 ,818,6,824,1073,0,2,1,2,0,1,0,0.00,76.79 ,50
03,012,00,001,0041,108 ,777,6,783,1029,0,2,1,2,0,1,0,0.00,76.09 ,50
03,012,00,001,0041,109 ,788,8,796,1052,0,2,1,2,0,1,0,0.00,75.67 ,50
03,012,00,001,0041,110 ,823,4,827,1004,0,2,1,2,0,1,0,0.00,82.37 ,50
03,012,00,001,0041,111 ,807,5,812,1026,0,2,1,2,0,1,0,0.00,79.14 ,50
03,012,00,001,0042,112 ,732,7,739,971,0,2,1,2,0,1,0,0.00,76.11 ,50
03,012,00,001,0042,113 ,653,4,657,878,0,2,1,2,0,1,0,0.00,74.83 ,50
03,012,00,001,0042,114 ,580,1,581,793,0,2,1,2,0,1,0,0.00,73.27 ,50
03,012,00,001,0042,115 ,634,3,637,824,0,2,1,2,0,1,0,0.00,77.31 ,50
03,012,00,001,0043,116 ,834,9,843,1098,0,2,1,2,0,1,0,0.00,76.78 ,50
03,012,00,001,0043,117 ,841,10,851,1142,0,2,1,2,0,1,0,0.00,74.52 ,50
03,012,00,001,0043,118 ,780,14,794,1051,0,2,1,2,0,1,0,0.00,75.55 ,50
03,012,00,001,0043,119 ,792,17,809,1048,0,2,1,2,0,1,0,0.00,77.19 ,50
03,012,00,001,0043,120 ,749,8,757,1004,0,2,1,2,0,1,0,0.00,75.40 ,50
03,012,00,001,0044,121 ,766,16,782,1028,0,2,1,2,0,1,0,0.00,76.07 ,50
03,012,00,001,0044,122 ,634,7,641,870,0,2,1,2,0,1,0,0.00,73.68 ,50
03,012,00,001,0044,123 ,671,7,678,874,0,2,1,2,0,1,0,0.00,77.57 ,50
03,012,00,001,0044,124 ,822,5,827,1092,0,2,1,2,0,1,0,0.00,75.73 ,50
03,012,00,001,0044,125 ,785,7,792,1095,0,2,1,2,0,1,0,0.00,72.33 ,50
03,012,00,001,0044,126 ,898,10,908,1218,0,2,1,2,0,1,0,0.00,74.55 ,50
03,012,00,001,0044,127 ,895,4,899,1224,0,2,1,2,0,1,0,0.00,73.45 ,50
03,012,00,001,0045,128 ,791,6,797,1023,0,2,1,2,0,1,0,0.00,77.91 ,50
03,012,00,001,0045,129 ,853,4,857,1093,0,2,1,2,0,1,0,0.00,78.41 ,50
03,012,00,001,0045,130 ,718,5,723,923,0,2,1,2,0,1,0,0.00,78.33 ,50
03,012,00,001,0046,131 ,879,5,884,1149,0,2,1,2,0,1,0,0.00,76.94 ,50
03,012,00,001,0046,132 ,849,7,856,1101,0,2,1,2,0,1,0,0.00,77.75 ,50
03,012,00,001,0046,133 ,733,11,744,984,0,2,1,2,0,1,0,0.00,75.61 ,50
03,012,00,001,0046,134 ,795,6,801,1100,0,2,1,2,0,1,0,0.00,72.82 ,50
03,012,00,001,0046,135 ,800,7,807,1072,0,2,1,2,0,1,0,0.00,75.28 ,50
03,012,00,001,0047,136 ,863,11,874,1123,0,2,1,2,0,1,0,0.00,77.83 ,50
03,012,00,001,0047,137 ,819,13,832,1076,0,2,1,2,0,1,0,0.00,77.32 ,50
03,012,00,001,0047,138 ,1145,10,1155,1531,0,2,1,2,0,1,0,0.00,75.44 ,50
03,012,00,001,0047,139 ,1043,13,1056,1452,0,2,1,2,0,1,0,0.00,72.73 ,50
03,012,00,001,0047,140 ,934,15,949,1315,0,2,1,2,0,1,0,0.00,72.17 ,50
03,012,00,001,0048,141 ,888,11,899,1104,0,2,1,2,0,1,0,0.00,81.43 ,50
03,012,00,001,0048,142 ,843,7,850,1111,0,2,1,2,0,1,0,0.00,76.51 ,50
03,012,00,001,0049,143 ,705,6,711,931,0,2,1,2,0,1,0,0.00,76.37 ,50
03,012,00,001,0049,144 ,812,7,819,1036,0,2,1,2,0,1,0,0.00,79.05 ,50
03,012,00,001,0049,145 ,783,6,789,1045,0,2,1,2,0,1,0,0.00,75.50 ,50
03,012,00,001,0049,146 ,894,11,905,1192,0,2,1,2,0,1,0,0.00,75.92 ,50
03,012,00,001,0049,147 ,803,9,812,1075,0,2,1,2,0,1,0,0.00,75.53 ,50
03,012,00,001,0050,148 ,819,8,827,1115,0,2,1,2,0,1,0,0.00,74.17 ,50
03,012,00,001,0050,149 ,856,14,870,1159,0,2,1,2,0,1,0,0.00,75.06 ,50
03,012,00,001,0050,150 ,1055,11,1066,1375,0,2,1,2,0,1,0,0.00,77.53 ,50
03,012,00,001,0050,151 ,757,7,764,1020,0,2,1,2,0,1,0,0.00,74.90 ,50
03,012,00,001,0050,152 ,825,15,840,1081,0,2,1,2,0,1,0,0.00,77.71 ,50
03,012,00,001,0051,153 ,701,8,709,919,0,2,1,2,0,1,0,0.00,77.15 ,50
03,012,00,001,0051,154 ,740,9,749,981,0,2,1,2,0,1,0,0.00,76.35 ,50
03,012,00,001,0051,155 ,851,12,863,1120,0,2,1,2,0,1,0,0.00,77.05 ,50
03,012,00,001,0051,156 ,745,14,759,979,0,2,1,2,0,1,0,0.00,77.53 ,50
03,012,00,001,0051,157 ,650,7,657,813,0,2,1,2,0,1,0,0.00,80.81 ,50
03,012,00,001,0051,158 ,640,5,645,863,0,2,1,2,0,1,0,0.00,74.74 ,50
03,012,00,001,0052,159 ,758,5,763,982,0,2,1,2,0,1,0,0.00,77.70 ,50
03,012,00,001,0052,160 ,691,10,701,907,0,2,1,2,0,1,0,0.00,77.29 ,50
03,012,00,001,0052,161 ,542,7,549,689,0,2,1,2,0,1,0,0.00,79.68 ,50
03,012,00,001,0052,162 ,527,4,531,705,0,2,1,2,0,1,0,0.00,75.32 ,50
03,012,00,001,0052,163 ,719,10,729,988,0,2,1,2,0,1,0,0.00,73.79 ,50
03,012,00,001,0052,164 ,735,7,742,945,0,2,1,2,0,1,0,0.00,78.52 ,50
03,012,00,001,0052,165 ,641,9,650,891,0,2,1,2,0,1,0,0.00,72.95 ,50
03,012,00,001,0052,166 ,662,5,667,879,0,2,1,2,0,1,0,0.00,75.88 ,50
03,012,00,001,0053,167 ,741,9,750,990,0,2,1,2,0,1,0,0.00,75.76 ,50
03,012,00,001,0053,168 ,765,6,771,978,0,2,1,2,0,1,0,0.00,78.83 ,50
03,012,00,001,0053,169 ,725,6,731,913,0,2,1,2,0,1,0,0.00,80.07 ,50
03,012,00,001,0053,170 ,680,24,704,963,0,2,1,2,0,1,0,0.00,73.10 ,50
03,012,00,001,0053,171 ,530,6,536,705,0,2,1,2,0,1,0,0.00,76.03 ,50
03,012,00,001,0053,172 ,878,13,891,1124,0,2,1,2,0,1,0,0.00,79.27 ,50
03,012,00,001,0054,173 ,875,6,881,1204,0,2,1,2,0,1,0,0.00,73.17 ,50
03,012,00,001,0054,174 ,837,6,843,1091,0,2,1,2,0,1,0,0.00,77.27 ,50
03,012,00,001,0054,175 ,880,8,888,1236,0,2,1,2,0,1,0,0.00,71.84 ,50
03,012,00,001,0055,176 ,1041,13,1054,1399,0,2,1,2,0,1,0,0.00,75.34 ,50
03,012,00,001,0055,177 ,1154,8,1162,1522,0,2,1,2,0,1,0,0.00,76.35 ,50
03,012,00,001,0056,178 ,827,8,835,1071,0,2,1,2,0,1,0,0.00,77.96 ,50
03,012,00,001,0056,179 ,807,8,815,1068,0,2,1,2,0,1,0,0.00,76.31 ,50
03,012,00,001,0056,180 ,854,8,862,1149,0,2,1,2,0,1,0,0.00,75.02 ,50
03,012,00,001,0057,181 ,876,4,880,1141,0,2,1,2,0,1,0,0.00,77.13 ,50
03,012,00,001,0057,182 ,773,4,777,1040,0,2,1,2,0,1,0,0.00,74.71 ,50
03,012,00,001,0057,183 ,902,5,907,1193,0,2,1,2,0,1,0,0.00,76.03 ,50
03,012,00,001,0057,184 ,792,3,795,1023,0,2,1,2,0,1,0,0.00,77.71 ,50
03,012,00,001,0057,185 ,714,6,720,965,0,2,1,2,0,1,0,0.00,74.61 ,50
03,012,00,001,0058,186 ,819,3,822,1094,0,2,1,2,0,1,0,0.00,75.14 ,50
03,012,00,001,0058,187 ,674,10,684,928,0,2,1,2,0,1,0,0.00,73.71 ,50
03,012,00,001,0058,188 ,936,12,948,1325,0,2,1,2,0,1,0,0.00,71.55 ,50
03,012,00,001,0058,189 ,851,6,857,1149,0,2,1,2,0,1,0,0.00,74.59 ,50
03,012,00,002,0059,190 ,996,6,1002,1298,0,2,1,2,0,1,0,0.00,77.20 ,50
03,012,00,002,0059,191 ,876,4,880,1135,0,2,1,2,0,1,0,0.00,77.53 ,50
03,012,00,002,0059,192 ,1072,7,1079,1377,0,2,1,2,0,1,0,0.00,78.36 ,50
03,012,00,002,0059,193 ,736,7,743,978,0,2,1,2,0,1,0,0.00,75.97 ,50
03,012,00,002,0060,194 ,1053,8,1061,1370,0,2,1,2,0,1,0,0.00,77.45 ,50
03,012,00,002,0060,195 ,1114,17,1131,1538,0,2,1,2,0,1,0,0.00,73.54 ,50
03,012,00,002,0060,196 ,890,7,897,1185,0,2,1,2,0,1,0,0.00,75.70 ,50
03,012,00,002,0061,197 ,948,8,956,1289,0,2,1,2,0,1,0,0.00,74.17 ,50
03,012,00,002,0061,198 ,1214,12,1226,1570,0,2,1,2,0,1,0,0.00,78.09 ,50
03,012,00,002,0061,199 ,1085,7,1092,1530,0,2,1,2,0,1,0,0.00,71.37 ,50
03,012,00,002,0062,200 ,919,8,927,1182,0,2,1,2,0,1,0,0.00,78.43 ,50
03,012,00,002,0062,201 ,720,9,729,965,0,2,1,2,0,1,0,0.00,75.54 ,50
03,012,00,002,0063,202 ,957,12,969,1306,0,2,1,2,0,1,0,0.00,74.20 ,50
03,012,00,002,0063,203 ,905,12,917,1183,0,2,1,2,0,1,0,0.00,77.51 ,50
03,012,00,002,0064,204 ,678,10,688,882,0,2,1,2,0,1,0,0.00,78.00 ,50
03,012,00,002,0064,205 ,663,7,670,842,0,2,1,2,0,1,0,0.00,79.57 ,50
03,012,00,002,0065,206 ,1211,11,1222,1607,0,2,1,2,0,1,0,0.00,76.04 ,50
03,012,00,002,0065,207 ,1063,17,1080,1376,0,2,1,2,0,1,0,0.00,78.49 ,50
03,012,00,002,0065,208 ,725,9,734,944,0,2,1,2,0,1,0,0.00,77.75 ,50
03,012,00,002,0065,209 ,650,13,663,867,0,2,1,2,0,1,0,0.00,76.47 ,50
03,012,00,002,0066,210 ,960,11,971,1264,0,2,1,2,0,1,0,0.00,76.82 ,50
03,012,00,002,0067,211 ,1109,11,1120,1427,0,2,1,2,0,1,0,0.00,78.49 ,50
03,012,00,002,0068,212 ,641,9,650,820,0,2,1,2,0,1,0,0.00,79.27 ,50
03,012,00,002,0068,213 ,787,5,792,987,0,2,1,2,0,1,0,0.00,80.24 ,50
03,012,00,002,0069,214 ,1288,15,1303,1668,0,2,1,2,0,1,0,0.00,78.12 ,50
03,012,00,002,0069,215 ,847,6,853,1118,0,2,1,2,0,1,0,0.00,76.30 ,50
03,012,00,002,0070,216 ,1160,20,1180,1525,0,2,1,2,0,1,0,0.00,77.38 ,50
03,012,00,002,0071,217 ,874,11,885,1144,0,2,1,2,0,1,0,0.00,77.36 ,50
03,012,00,002,0072,218 ,916,12,928,1236,0,2,1,2,0,1,0,0.00,75.08 ,50
03,012,00,002,0072,219 ,843,5,848,1132,0,2,1,2,0,1,0,0.00,74.91 ,50
03,012,00,002,0073,220 ,638,4,642,885,0,2,1,2,0,1,0,0.00,72.54 ,50
03,012,00,002,0073,221 ,571,6,577,755,0,2,1,2,0,1,0,0.00,76.42 ,50
03,012,00,002,0074,222 ,1188,9,1197,1558,0,2,1,2,0,1,0,0.00,76.83 ,50
03,012,00,002,0075,223 ,665,9,674,895,0,2,1,2,0,1,0,0.00,75.31 ,50
03,012,00,002,0076,224 ,574,7,581,823,0,2,1,2,0,1,0,0.00,70.60 ,50
03,012,00,002,0077,225 ,659,5,664,970,0,2,1,2,0,1,0,0.00,68.45 ,50
03,012,00,002,0077,226 ,490,4,494,700,0,2,1,2,0,1,0,0.00,70.57 ,50
03,012,00,002,0077,227 ,691,12,703,1012,0,2,1,2,0,1,0,0.00,69.47 ,50
03,012,00,002,0077,228 ,701,8,709,990,0,2,1,2,0,1,0,0.00,71.62 ,50
03,012,00,003,0078,229 ,731,8,739,903,0,2,1,2,0,1,0,0.00,81.84 ,50
03,012,00,003,0078,230 ,759,10,769,962,0,2,1,2,0,1,0,0.00,79.94 ,50
03,012,00,003,0079,231 ,998,7,1005,1233,0,2,1,2,0,1,0,0.00,81.51 ,50
03,012,00,003,0080,232 ,1103,12,1115,1404,0,2,1,2,0,1,0,0.00,79.42 ,50
03,012,00,003,0081,233 ,809,5,814,1035,0,2,1,2,0,1,0,0.00,78.65 ,50
03,012,00,003,0081,234 ,691,5,696,844,0,2,1,2,0,1,0,0.00,82.46 ,50
03,012,00,003,0081,235 ,721,10,731,928,0,2,1,2,0,1,0,0.00,78.77 ,50
03,012,00,003,0081,236 ,879,10,889,1106,0,2,1,2,0,1,0,0.00,80.38 ,50
03,012,00,003,0081,237 ,700,7,707,876,0,2,1,2,0,1,0,0.00,80.71 ,50
03,012,00,003,0081,238 ,693,13,706,904,0,2,1,2,0,1,0,0.00,78.10 ,50
03,012,00,003,0081,239 ,735,7,742,921,0,2,1,2,0,1,0,0.00,80.56 ,50
03,012,00,003,0081,240 ,610,8,618,784,0,2,1,2,0,1,0,0.00,78.83 ,50
03,012,00,003,0082,241 ,980,18,998,1320,0,2,1,2,0,1,0,0.00,75.61 ,50
03,012,00,003,0082,242 ,1137,13,1150,1492,0,2,1,2,0,1,0,0.00,77.08 ,50
03,012,00,003,0082,243 ,968,16,984,1293,0,2,1,2,0,1,0,0.00,76.10 ,50
03,012,00,003,0083,244 ,685,6,691,852,0,2,1,2,0,1,0,0.00,81.10 ,50
03,012,00,003,0083,245 ,766,5,771,976,0,2,1,2,0,1,0,0.00,79.00 ,50
03,012,00,003,0084,246 ,832,8,840,1008,0,2,1,2,0,1,0,0.00,83.33 ,50
03,012,00,003,0084,247 ,680,4,684,870,0,2,1,2,0,1,0,0.00,78.62 ,50
03,012,00,003,0085,248 ,1132,12,1144,1450,0,2,1,2,0,1,0,0.00,78.90 ,50
03,012,00,003,0085,249 ,1036,8,1044,1298,0,2,1,2,0,1,0,0.00,80.43 ,50
03,012,00,003,0086,250 ,1082,16,1098,1391,0,2,1,2,0,1,0,0.00,78.94 ,50
03,012,00,003,0086,251 ,1034,10,1044,1308,0,2,1,2,0,1,0,0.00,79.82 ,50
03,012,00,003,0086,252 ,1127,14,1141,1456,0,2,1,2,0,1,0,0.00,78.37 ,50
03,012,00,003,0086,253 ,1045,10,1055,1369,0,2,1,2,0,1,0,0.00,77.06 ,50
03,012,00,003,0087,254 ,1105,11,1116,1412,0,2,1,2,0,1,0,0.00,79.04 ,50
03,012,00,003,0087,255 ,981,14,995,1250,0,2,1,2,0,1,0,0.00,79.60 ,50
03,012,00,003,0088,256 ,941,4,945,1153,0,2,1,2,0,1,0,0.00,81.96 ,50
03,012,00,003,0088,257 ,911,11,922,1146,0,2,1,2,0,1,0,0.00,80.45 ,50
03,012,00,003,0089,258 ,726,11,737,911,0,2,1,2,0,1,0,0.00,80.90 ,50
03,012,00,003,0089,259 ,832,7,839,1037,0,2,1,2,0,1,0,0.00,80.91 ,50
03,012,00,003,0089,260 ,916,13,929,1177,0,2,1,2,0,1,0,0.00,78.93 ,50
03,012,00,003,0089,261 ,829,8,837,1028,0,2,1,2,0,1,0,0.00,81.42 ,50
03,012,00,003,0090,262 ,1008,10,1018,1276,0,2,1,2,0,1,0,0.00,79.78 ,50
03,012,00,003,0090,263 ,611,3,614,770,0,2,1,2,0,1,0,0.00,79.74 ,50
03,012,00,003,0090,264 ,1082,12,1094,1362,0,2,1,2,0,1,0,0.00,80.32 ,50
03,012,00,003,0090,265 ,1015,12,1027,1266,0,2,1,2,0,1,0,0.00,81.12 ,50
03,012,00,003,0091,266 ,1143,18,1161,1436,0,2,1,2,0,1,0,0.00,80.85 ,50
03,012,00,003,0091,267 ,1205,12,1217,1529,0,2,1,2,0,1,0,0.00,79.59 ,50
03,012,00,003,0091,268 ,1194,8,1202,1566,0,2,1,2,0,1,0,0.00,76.76 ,50
03,012,00,003,0092,269 ,764,6,770,973,0,2,1,2,0,1,0,0.00,79.14 ,50
03,012,00,003,0092,270 ,771,6,777,954,0,2,1,2,0,1,0,0.00,81.45 ,50
03,012,00,003,0092,271 ,962,8,970,1272,0,2,1,2,0,1,0,0.00,76.26 ,50
03,012,00,003,0092,272 ,745,8,753,967,0,2,1,2,0,1,0,0.00,77.87 ,50
03,012,00,003,0093,273 ,926,5,931,1181,0,2,1,2,0,1,0,0.00,78.83 ,50
03,012,00,003,0093,274 ,949,8,957,1178,0,2,1,2,0,1,0,0.00,81.24 ,50
03,012,00,003,0093,275 ,851,8,859,1116,0,2,1,2,0,1,0,0.00,76.97 ,50
03,012,00,003,0094,276 ,715,8,723,969,0,2,1,2,0,1,0,0.00,74.61 ,50
03,012,00,003,0094,277 ,643,2,645,836,0,2,1,2,0,1,0,0.00,77.15 ,50
03,012,00,003,0095,278 ,856,6,862,1148,0,2,1,2,0,1,0,0.00,75.09 ,50
03,012,00,003,0095,279 ,975,12,987,1284,0,2,1,2,0,1,0,0.00,76.87 ,50
03,012,00,003,0095,280 ,804,12,816,1087,0,2,1,2,0,1,0,0.00,75.07 ,50
03,012,00,003,0095,281 ,770,8,778,1044,0,2,1,2,0,1,0,0.00,74.52 ,50
03,012,00,003,0096,282 ,876,3,879,1088,0,2,1,2,0,1,0,0.00,80.79 ,50
03,012,00,003,0097,283 ,688,4,692,1085,0,2,1,2,0,1,0,0.00,63.78 ,50
03,012,00,003,0097,284 ,800,4,804,1039,0,2,1,2,0,1,0,0.00,77.38 ,50
03,012,00,003,0097,285 ,350,6,356,451,0,2,1,2,0,1,0,0.00,78.94 ,50
03,012,00,003,0098,286 ,922,10,932,1240,0,2,1,2,0,1,0,0.00,75.16 ,50
03,012,00,003,0099,287 ,1039,14,1053,1334,0,2,1,2,0,1,0,0.00,78.94 ,50
03,012,00,003,0100,288 ,970,8,978,1237,0,2,1,2,0,1,0,0.00,79.06 ,50
03,012,00,003,0100,289 ,1000,4,1004,1240,0,2,1,2,0,1,0,0.00,80.97 ,50
03,012,00,003,0101,290 ,921,14,935,1166,0,2,1,2,0,1,0,0.00,80.19 ,50
03,012,00,003,0102,291 ,1102,15,1117,1440,0,2,1,2,0,1,0,0.00,77.57 ,50
03,012,00,003,0102,292 ,959,10,969,1240,0,2,1,2,0,1,0,0.00,78.15 ,50
03,012,00,003,0103,293 ,687,7,694,937,0,2,1,2,0,1,0,0.00,74.07 ,50
03,012,00,003,0103,294 ,599,11,610,795,0,2,1,2,0,1,0,0.00,76.73 ,50
03,012,00,004,0104,295 ,888,5,893,1121,0,2,1,2,0,1,0,0.00,79.66 ,50
03,012,00,004,0104,296 ,625,10,635,783,0,2,1,2,0,1,0,0.00,81.10 ,50
03,012,00,004,0105,297 ,1316,6,1322,1659,0,2,1,2,0,1,0,0.00,79.69 ,50
03,012,00,004,0105,298 ,1063,11,1074,1358,0,2,1,2,0,1,0,0.00,79.09 ,50
03,012,00,004,0106,299 ,1138,11,1149,1443,0,2,1,2,0,1,0,0.00,79.63 ,50
03,012,00,004,0106,300 ,925,5,930,1148,0,2,1,2,0,1,0,0.00,81.01 ,50
03,012,00,004,0106,301 ,1104,19,1123,1378,0,2,1,2,0,1,0,0.00,81.49 ,50
03,012,00,004,0107,302 ,774,8,782,1022,0,2,1,2,0,1,0,0.00,76.52 ,50
03,012,00,004,0107,303 ,813,8,821,1071,0,2,1,2,0,1,0,0.00,76.66 ,50
03,012,00,004,0108,304 ,968,8,976,1203,0,2,1,2,0,1,0,0.00,81.13 ,50
03,012,00,004,0108,305 ,834,8,842,1061,0,2,1,2,0,1,0,0.00,79.36 ,50
03,012,00,004,0109,306 ,1230,13,1243,1534,0,2,1,2,0,1,0,0.00,81.03 ,50
03,012,00,004,0110,307 ,875,6,881,1124,0,2,1,2,0,1,0,0.00,78.38 ,50
03,012,00,004,0111,308 ,1232,11,1243,1549,0,2,1,2,0,1,0,0.00,80.25 ,50
03,012,00,004,0112,309 ,839,7,846,1092,0,2,1,2,0,1,0,0.00,77.47 ,50
03,012,00,004,0112,310 ,802,7,809,1132,0,2,1,2,0,1,0,0.00,71.47 ,50
03,012,00,004,0113,311 ,1172,6,1178,1543,0,2,1,2,0,1,0,0.00,76.34 ,50
03,012,00,004,0113,312 ,1080,8,1088,1413,0,2,1,2,0,1,0,0.00,77.00 ,50
03,012,00,004,0114,313 ,780,5,785,1024,0,2,1,2,0,1,0,0.00,76.66 ,50
03,012,00,004,0115,314 ,746,6,752,955,0,2,1,2,0,1,0,0.00,78.74 ,50
03,012,00,004,0116,315 ,784,5,789,1009,0,2,1,2,0,1,0,0.00,78.20 ,50
03,012,00,004,0117,316 ,664,5,669,906,0,2,1,2,0,1,0,0.00,73.84 ,50
03,012,00,004,0118,317 ,909,5,914,1210,0,2,1,2,0,1,0,0.00,75.54 ,50
03,012,00,004,0119,318 ,641,4,645,808,0,2,1,2,0,1,0,0.00,79.83 ,50
03,012,00,004,0119,319 ,826,7,833,1052,0,2,1,2,0,1,0,0.00,79.18 ,50
03,012,00,004,0120,320 ,702,9,711,952,0,2,1,2,0,1,0,0.00,74.68 ,50
03,012,00,004,0120,321 ,622,8,630,785,0,2,1,2,0,1,0,0.00,80.25 ,50
03,012,00,004,0121,322 ,532,7,539,691,0,2,1,2,0,1,0,0.00,78.00 ,50
03,012,00,005,0122,323 ,680,13,693,867,0,2,1,2,0,1,0,0.00,79.93 ,50
03,012,00,005,0123,324 ,1150,4,1154,1483,0,2,1,2,0,1,0,0.00,77.82 ,50
03,012,00,005,0124,325 ,1108,9,1117,1431,0,2,1,2,0,1,0,0.00,78.06 ,50
03,012,00,005,0124,326 ,873,9,882,1160,0,2,1,2,0,1,0,0.00,76.03 ,50
03,012,00,005,0124,327 ,1224,6,1230,1593,0,2,1,2,0,1,0,0.00,77.21 ,50
03,012,00,005,0124,328 ,1276,6,1282,1639,0,2,1,2,0,1,0,0.00,78.22 ,50
03,012,00,005,0125,329 ,1117,17,1134,1422,0,2,1,2,0,1,0,0.00,79.75 ,50
03,012,00,005,0125,330 ,796,9,805,995,0,2,1,2,0,1,0,0.00,80.90 ,50
03,012,00,005,0126,331 ,803,8,811,974,0,2,1,2,0,1,0,0.00,83.26 ,50
03,012,00,005,0126,332 ,1077,10,1087,1468,0,2,1,2,0,1,0,0.00,74.05 ,50
03,012,00,005,0126,333 ,1275,8,1283,1612,0,2,1,2,0,1,0,0.00,79.59 ,50
03,012,00,005,0127,334 ,895,8,903,1170,0,2,1,2,0,1,0,0.00,77.18 ,50
03,012,00,005,0127,335 ,1224,20,1244,1652,0,2,1,2,0,1,0,0.00,75.30 ,50
03,012,00,005,0128,336 ,1019,11,1030,1297,0,2,1,2,0,1,0,0.00,79.41 ,50
03,012,00,005,0128,337 ,782,8,790,998,0,2,1,2,0,1,0,0.00,79.16 ,50
03,012,00,005,0129,338 ,1036,9,1045,1271,0,2,1,2,0,1,0,0.00,82.22 ,50
03,012,00,006,0130,339 ,865,9,874,1123,0,2,1,2,0,1,0,0.00,77.83 ,50
03,012,00,006,0130,340 ,831,12,843,1089,0,2,1,2,0,1,0,0.00,77.41 ,50
03,012,00,006,0130,341 ,1051,13,1064,1367,0,2,1,2,0,1,0,0.00,77.83 ,50
03,012,00,006,0131,342 ,634,11,645,803,0,2,1,2,0,1,0,0.00,80.32 ,50
03,012,00,006,0131,343 ,777,5,782,1007,0,2,1,2,0,1,0,0.00,77.66 ,50
03,012,00,006,0131,344 ,669,10,679,832,0,2,1,2,0,1,0,0.00,81.61 ,50
03,012,00,006,0132,345 ,735,8,743,938,0,2,1,2,0,1,0,0.00,79.21 ,50
03,012,00,006,0132,346 ,606,2,608,818,0,2,1,2,0,1,0,0.00,74.33 ,50
03,012,00,006,0133,347 ,762,7,769,965,0,2,1,2,0,1,0,0.00,79.69 ,50
03,012,00,006,0133,348 ,860,6,866,1092,0,2,1,2,0,1,0,0.00,79.30 ,50
03,012,00,006,0133,349 ,921,11,932,1254,0,2,1,2,0,1,0,0.00,74.32 ,50
03,012,00,006,0134,350 ,938,6,944,1220,0,2,1,2,0,1,0,0.00,77.38 ,50
03,012,00,006,0134,351 ,773,14,787,989,0,2,1,2,0,1,0,0.00,79.58 ,50
03,012,00,006,0134,352 ,847,17,864,1161,0,2,1,2,0,1,0,0.00,74.42 ,50
03,012,00,006,0134,353 ,647,7,654,855,0,2,1,2,0,1,0,0.00,76.49 ,50
03,012,00,006,0135,354 ,641,10,651,802,0,2,1,2,0,1,0,0.00,81.17 ,50
03,012,00,006,0135,355 ,630,4,634,803,0,2,1,2,0,1,0,0.00,78.95 ,50
03,012,00,006,0136,356 ,899,5,904,1203,0,2,1,2,0,1,0,0.00,75.15 ,50
03,012,00,006,0137,357 ,897,7,904,1177,0,2,1,2,0,1,0,0.00,76.81 ,50
03,012,00,006,0137,358 ,944,16,960,1274,0,2,1,2,0,1,0,0.00,75.35 ,50
03,012,00,006,0137,359 ,983,5,988,1263,0,2,1,2,0,1,0,0.00,78.23 ,50
03,012,00,006,0137,360 ,820,15,835,1074,0,2,1,2,0,1,0,0.00,77.75 ,50
03,012,00,006,0138,361 ,767,7,774,959,0,2,1,2,0,1,0,0.00,80.71 ,50
03,012,00,006,0138,362 ,970,12,982,1261,0,2,1,2,0,1,0,0.00,77.87 ,50
03,012,00,006,0138,363 ,857,15,872,1140,0,2,1,2,0,1,0,0.00,76.49 ,50
03,012,00,006,0139,364 ,1062,11,1073,1374,0,2,1,2,0,1,0,0.00,78.09 ,50
03,012,00,006,0139,365 ,691,12,703,944,0,2,1,2,0,1,0,0.00,74.47 ,50
03,012,00,006,0140,366 ,372,3,375,473,0,2,1,2,0,1,0,0.00,79.28 ,50
03,012,00,007,0141,367 ,916,3,919,1210,0,2,1,2,0,1,0,0.00,75.95 ,50
03,012,00,007,0141,368 ,1092,10,1102,1428,0,2,1,2,0,1,0,0.00,77.17 ,50
03,012,00,007,0141,369 ,1060,3,1063,1398,0,2,1,2,0,1,0,0.00,76.04 ,50
03,012,00,007,0141,370 ,987,9,996,1272,0,2,1,2,0,1,0,0.00,78.30 ,50
03,012,00,007,0142,371 ,1241,9,1250,1542,0,2,1,2,0,1,0,0.00,81.06 ,50
03,012,00,007,0143,372 ,836,10,846,1056,0,2,1,2,0,1,0,0.00,80.11 ,50
03,012,00,007,0143,373 ,1277,10,1287,1655,0,2,1,2,0,1,0,0.00,77.76 ,50
03,012,00,007,0143,374 ,1257,11,1268,1625,0,2,1,2,0,1,0,0.00,78.03 ,50
03,012,00,007,0143,375 ,962,3,965,1262,0,2,1,2,0,1,0,0.00,76.47 ,50
03,012,00,007,0144,376 ,890,9,899,1090,0,2,1,2,0,1,0,0.00,82.48 ,50
03,012,00,007,0144,377 ,874,10,884,1126,0,2,1,2,0,1,0,0.00,78.51 ,50
03,012,00,007,0145,378 ,1156,10,1166,1470,0,2,1,2,0,1,0,0.00,79.32 ,50
03,012,00,007,0145,379 ,1204,11,1215,1514,0,2,1,2,0,1,0,0.00,80.25 ,50
03,012,00,007,0145,380 ,1388,14,1402,1874,0,2,1,2,0,1,0,0.00,74.81 ,50
03,012,00,007,0146,381 ,926,8,934,1207,0,2,1,2,0,1,0,0.00,77.38 ,50
03,012,00,007,0146,382 ,1206,14,1220,1526,0,2,1,2,0,1,0,0.00,79.95 ,50
03,012,00,007,0147,383 ,451,1,452,558,0,2,1,2,0,1,0,0.00,81.00 ,50
03,012,00,008,0148,384 ,914,7,921,1159,0,2,1,2,0,1,0,0.00,79.47 ,50
03,012,00,008,0148,385 ,810,7,817,1034,0,2,1,2,0,1,0,0.00,79.01 ,50
03,012,00,008,0148,386 ,703,10,713,889,0,2,1,2,0,1,0,0.00,80.20 ,50
03,012,00,008,0149,387 ,1068,5,1073,1364,0,2,1,2,0,1,0,0.00,78.67 ,50
03,012,00,008,0150,388 ,833,13,846,1082,0,2,1,2,0,1,0,0.00,78.19 ,50
03,012,00,008,0150,389 ,786,5,791,977,0,2,1,2,0,1,0,0.00,80.96 ,50
03,012,00,008,0150,390 ,585,4,589,739,0,2,1,2,0,1,0,0.00,79.70 ,50
03,012,00,008,0151,391 ,537,3,540,701,0,2,1,2,0,1,0,0.00,77.03 ,50
03,012,00,008,0151,392 ,551,8,559,713,0,2,1,2,0,1,0,0.00,78.40 ,50
03,012,00,008,0152,393 ,898,11,909,1145,0,2,1,2,0,1,0,0.00,79.39 ,50
03,012,00,008,0153,394 ,912,8,920,1130,0,2,1,2,0,1,0,0.00,81.42 ,50
03,012,00,008,0154,395 ,712,5,717,889,0,2,1,2,0,1,0,0.00,80.65 ,50
03,012,00,008,0154,396 ,717,9,726,926,0,2,1,2,0,1,0,0.00,78.40 ,50
03,012,00,008,0155,397 ,1086,4,1090,1349,0,2,1,2,0,1,0,0.00,80.80 ,50
03,012,00,008,0155,398 ,944,7,951,1200,0,2,1,2,0,1,0,0.00,79.25 ,50
03,012,00,008,0156,399 ,1251,15,1266,1591,0,2,1,2,0,1,0,0.00,79.57 ,50
03,012,00,008,0156,400 ,671,10,681,901,0,2,1,2,0,1,0,0.00,75.58 ,50
03,012,00,008,0157,401 ,985,9,994,1323,0,2,1,2,0,1,0,0.00,75.13 ,50
03,012,00,008,0157,402 ,1155,7,1162,1440,0,2,1,2,0,1,0,0.00,80.69 ,50
03,012,00,008,0158,403 ,1023,9,1032,1266,0,2,1,2,0,1,0,0.00,81.52 ,50
03,012,00,008,0158,404 ,1009,8,1017,1250,0,2,1,2,0,1,0,0.00,81.36 ,50
03,012,00,008,0159,405 ,468,4,472,544,0,2,1,2,0,1,0,0.00,86.76 ,50
03,012,00,008,0160,406 ,817,6,823,1015,0,2,1,2,0,1,0,0.00,81.08 ,50
03,012,00,008,0160,407 ,1151,6,1157,1474,0,2,1,2,0,1,0,0.00,78.49 ,50
03,012,00,008,0161,408 ,1241,6,1247,1469,0,2,1,2,0,1,0,0.00,84.89 ,50
03,012,00,008,0162,409 ,835,5,840,1003,0,2,1,2,0,1,0,0.00,83.75 ,50
03,012,00,008,0162,410 ,852,5,857,1049,0,2,1,2,0,1,0,0.00,81.70 ,50
03,012,00,008,0162,411 ,926,3,929,1115,0,2,1,2,0,1,0,0.00,83.32 ,50
03,012,00,008,0163,412 ,972,10,982,1193,0,2,1,2,0,1,0,0.00,82.31 ,50
03,012,00,008,0163,413 ,971,6,977,1198,0,2,1,2,0,1,0,0.00,81.55 ,50
03,012,00,008,0163,414 ,459,2,461,557,0,2,1,2,0,1,0,0.00,82.76 ,50
03,012,00,008,0164,415 ,951,10,961,1157,0,2,1,2,0,1,0,0.00,83.06 ,50
03,012,00,008,0165,416 ,984,7,991,1272,0,2,1,2,0,1,0,0.00,77.91 ,50
03,012,00,008,0165,417 ,1025,9,1034,1285,0,2,1,2,0,1,0,0.00,80.47 ,50
03,012,00,008,0165,418 ,1048,4,1052,1291,0,2,1,2,0,1,0,0.00,81.49 ,50
03,012,00,008,0166,419 ,802,4,806,1019,0,2,1,2,0,1,0,0.00,79.10 ,50
03,012,00,008,0166,420 ,599,8,607,761,0,2,1,2,0,1,0,0.00,79.76 ,50
03,012,00,008,0167,421 ,990,10,1000,1203,0,2,1,2,0,1,0,0.00,83.13 ,50
03,012,00,008,0168,422 ,569,4,573,685,0,2,1,2,0,1,0,0.00,83.65 ,50
03,012,00,008,0169,423 ,941,13,954,1187,0,2,1,2,0,1,0,0.00,80.37 ,50
03,012,00,008,0170,424 ,765,7,772,975,0,2,1,2,0,1,0,0.00,79.18 ,50
03,012,00,008,0171,425 ,1136,7,1143,1356,0,2,1,2,0,1,0,0.00,84.29 ,50
03,012,00,008,0171,426 ,1256,19,1275,1616,0,2,1,2,0,1,0,0.00,78.90 ,50
03,012,00,008,0172,427 ,968,17,985,1161,0,2,1,2,0,1,0,0.00,84.84 ,50
03,012,00,008,0172,428 ,258,2,260,303,0,2,1,2,0,1,0,0.00,85.81 ,50
03,012,00,008,0173,429 ,582,7,589,710,0,2,1,2,0,1,0,0.00,82.96 ,50
03,012,00,008,0174,430 ,1052,6,1058,1247,0,2,1,2,0,1,0,0.00,84.84 ,50
03,012,00,008,0175,431 ,558,3,561,690,0,2,1,2,0,1,0,0.00,81.30 ,50
03,012,00,008,0176,432 ,695,11,706,865,0,2,1,2,0,1,0,0.00,81.62 ,50
03,012,00,008,0177,433 ,780,4,784,987,0,2,1,2,0,1,0,0.00,79.43 ,50
03,012,00,008,0178,434 ,733,5,738,942,0,2,1,2,0,1,0,0.00,78.34 ,50
03,012,00,008,0179,435 ,702,4,706,894,0,2,1,2,0,1,0,0.00,78.97 ,50
03,012,00,008,0179,436 ,1017,10,1027,1271,0,2,1,2,0,1,0,0.00,80.80 ,50
03,012,00,008,0180,437 ,1117,15,1132,1418,0,2,1,2,0,1,0,0.00,79.83 ,50
03,012,00,008,0181,438 ,1161,15,1176,1457,0,2,1,2,0,1,0,0.00,80.71 ,50
03,012,00,008,0182,439 ,381,3,384,470,0,2,1,2,0,1,0,0.00,81.70 ,50
03,012,00,009,0183,440 ,737,7,744,941,0,2,1,2,0,1,0,0.00,79.06 ,50
03,012,00,009,0183,441 ,483,0,483,563,0,2,1,2,0,1,0,0.00,85.79 ,50
03,012,00,009,0184,442 ,771,1,772,915,0,2,1,2,0,1,0,0.00,84.37 ,50
03,012,00,009,0185,443 ,288,0,288,356,0,2,1,2,0,1,0,0.00,80.90 ,50
03,012,00,009,0186,444 ,812,8,820,997,0,2,1,2,0,1,0,0.00,82.25 ,50
03,012,00,009,0186,445 ,989,6,995,1220,0,2,1,2,0,1,0,0.00,81.56 ,50
03,012,00,009,0187,446 ,771,11,782,964,0,2,1,2,0,1,0,0.00,81.12 ,50
03,012,00,009,0187,447 ,819,8,827,1005,0,2,1,2,0,1,0,0.00,82.29 ,50
03,012,00,009,0188,448 ,1073,18,1091,1327,0,2,1,2,0,1,0,0.00,82.22 ,50
03,012,00,009,0188,449 ,1089,5,1094,1351,0,2,1,2,0,1,0,0.00,80.98 ,50
03,012,00,009,0189,450 ,611,9,620,745,0,2,1,2,0,1,0,0.00,83.22 ,50
03,012,00,009,0189,451 ,251,6,257,298,0,2,1,2,0,1,0,0.00,86.24 ,50
03,012,00,009,0189,452 ,165,0,165,203,0,2,1,2,0,1,0,0.00,81.28 ,50
03,012,00,009,0190,453 ,876,10,886,1086,0,2,1,2,0,1,0,0.00,81.58 ,50
03,012,00,009,0190,454 ,682,9,691,821,0,2,1,2,0,1,0,0.00,84.17 ,50
03,012,00,009,0191,455 ,841,11,852,1058,0,2,1,2,0,1,0,0.00,80.53 ,50
03,012,00,009,0191,456 ,811,10,821,968,0,2,1,2,0,1,0,0.00,84.81 ,50
03,012,00,009,0192,457 ,710,8,718,887,0,2,1,2,0,1,0,0.00,80.95 ,50
03,012,00,009,0193,458 ,761,9,770,949,0,2,1,2,0,1,0,0.00,81.14 ,50
03,012,00,009,0193,459 ,680,5,685,844,0,2,1,2,0,1,0,0.00,81.16 ,50
03,012,00,009,0193,460 ,383,4,387,451,0,2,1,2,0,1,0,0.00,85.81 ,50
03,012,00,009,0194,461 ,871,10,881,1076,0,2,1,2,0,1,0,0.00,81.88 ,50
03,012,00,009,0194,462 ,560,4,564,669,0,2,1,2,0,1,0,0.00,84.30 ,50
03,012,00,009,0195,463 ,603,5,608,724,0,2,1,2,0,1,0,0.00,83.98 ,50
03,012,00,009,0195,464 ,609,8,617,738,0,2,1,2,0,1,0,0.00,83.60 ,50
03,012,00,009,0196,465 ,815,10,825,1008,0,2,1,2,0,1,0,0.00,81.85 ,50
03,012,00,009,0196,466 ,760,4,764,942,0,2,1,2,0,1,0,0.00,81.10 ,50
03,012,00,009,0197,467 ,696,13,709,866,0,2,1,2,0,1,0,0.00,81.87 ,50
03,012,00,009,0198,468 ,394,7,401,468,0,2,1,2,0,1,0,0.00,85.68 ,50
03,012,00,009,0198,469 ,666,4,670,836,0,2,1,2,0,1,0,0.00,80.14 ,50
03,012,00,009,0199,470 ,508,6,514,611,0,2,1,2,0,1,0,0.00,84.12 ,50
03,012,00,010,0200,471 ,366,0,366,439,0,2,1,2,0,1,0,0.00,83.37 ,50
03,012,00,010,0201,472 ,819,8,827,1042,0,2,1,2,0,1,0,0.00,79.37 ,50
03,012,00,010,0202,473 ,994,15,1009,1250,0,2,1,2,0,1,0,0.00,80.72 ,50
03,012,00,010,0202,474 ,660,6,666,806,0,2,1,2,0,1,0,0.00,82.63 ,50
03,012,00,010,0203,475 ,796,8,804,984,0,2,1,2,0,1,0,0.00,81.71 ,50
03,012,00,010,0203,476 ,670,6,676,845,0,2,1,2,0,1,0,0.00,80.00 ,50
03,012,00,010,0203,477 ,756,8,764,965,0,2,1,2,0,1,0,0.00,79.17 ,50
03,012,00,010,0204,478 ,995,14,1009,1248,0,2,1,2,0,1,0,0.00,80.85 ,50
03,012,00,010,0204,479 ,954,11,965,1198,0,2,1,2,0,1,0,0.00,80.55 ,50
03,012,00,010,0205,480 ,1219,13,1232,1514,0,2,1,2,0,1,0,0.00,81.37 ,50
03,012,00,010,0206,481 ,883,9,892,1087,0,2,1,2,0,1,0,0.00,82.06 ,50
03,012,00,010,0206,482 ,1028,10,1038,1318,0,2,1,2,0,1,0,0.00,78.76 ,50
03,012,00,010,0206,483 ,332,9,341,485,0,2,1,2,0,1,0,0.00,70.31 ,50
03,012,00,010,0206,484 ,456,6,462,603,0,2,1,2,0,1,0,0.00,76.62 ,50
03,012,00,010,0206,485 ,540,12,552,816,0,2,1,2,0,1,0,0.00,67.65 ,50
03,012,00,010,0207,486 ,610,5,615,761,0,2,1,2,0,1,0,0.00,80.81 ,50
03,012,00,010,0207,487 ,453,9,462,575,0,2,1,2,0,1,0,0.00,80.35 ,50
03,012,00,010,0207,488 ,560,5,565,712,0,2,1,2,0,1,0,0.00,79.35 ,50
03,012,00,010,0208,489 ,794,12,806,1011,0,2,1,2,0,1,0,0.00,79.72 ,50
03,012,00,010,0208,490 ,969,10,979,1190,0,2,1,2,0,1,0,0.00,82.27 ,50
03,012,00,010,0209,491 ,727,7,734,916,0,2,1,2,0,1,0,0.00,80.13 ,50
03,012,00,010,0209,492 ,651,5,656,848,0,2,1,2,0,1,0,0.00,77.36 ,50
03,012,00,010,0210,493 ,913,9,922,1188,0,2,1,2,0,1,0,0.00,77.61 ,50
03,012,00,010,0210,494 ,978,13,991,1345,0,2,1,2,0,1,0,0.00,73.68 ,50
03,012,00,011,0211,495 ,277,6,283,384,0,2,1,2,0,1,0,0.00,73.70 ,50
03,012,00,011,0212,496 ,496,6,502,694,0,2,1,2,0,1,0,0.00,72.33 ,50
03,012,00,011,0213,497 ,771,6,777,1017,0,2,1,2,0,1,0,0.00,76.40 ,50
03,012,00,011,0214,498 ,298,4,302,427,0,2,1,2,0,1,0,0.00,70.73 ,50
03,012,00,011,0215,499 ,719,7,726,972,0,2,1,2,0,1,0,0.00,74.69 ,50
03,012,00,011,0216,500 ,600,2,602,809,0,2,1,2,0,1,0,0.00,74.41 ,50
03,012,00,011,0216,501 ,416,0,416,591,0,2,1,2,0,1,0,0.00,70.39 ,50
03,012,00,011,0217,502 ,298,6,304,441,0,2,1,2,0,1,0,0.00,68.93 ,50
03,012,00,011,0218,503 ,293,5,298,436,0,2,1,2,0,1,0,0.00,68.35 ,50
03,012,00,011,0219,504 ,522,6,528,693,0,2,1,2,0,1,0,0.00,76.19 ,50
03,012,00,011,0220,505 ,1027,10,1037,1300,0,2,1,2,0,1,0,0.00,79.77 ,50
03,012,00,012,0221,506 ,961,7,968,1239,0,2,1,2,0,1,0,0.00,78.13 ,50
03,012,00,012,0221,507 ,904,7,911,1158,0,2,1,2,0,1,0,0.00,78.67 ,50
03,012,00,012,0221,508 ,956,7,963,1273,0,2,1,2,0,1,0,0.00,75.65 ,50
03,012,00,012,0222,509 ,1072,11,1083,1373,0,2,1,2,0,1,0,0.00,78.88 ,50
03,012,00,012,0222,510 ,908,7,915,1139,0,2,1,2,0,1,0,0.00,80.33 ,50
03,012,00,012,0223,511 ,950,11,961,1219,0,2,1,2,0,1,0,0.00,78.84 ,50
03,012,00,012,0223,512 ,782,5,787,1000,0,2,1,2,0,1,0,0.00,78.70 ,50
03,012,00,012,0224,513 ,620,6,626,789,0,2,1,2,0,1,0,0.00,79.34 ,50
03,012,00,012,0224,514 ,809,9,818,1045,0,2,1,2,0,1,0,0.00,78.28 ,50
03,012,00,012,0225,515 ,1000,13,1013,1293,0,2,1,2,0,1,0,0.00,78.34 ,50
03,012,00,012,0226,516 ,956,8,964,1222,0,2,1,2,0,1,0,0.00,78.89 ,50
03,012,00,012,0227,517 ,757,5,762,947,0,2,1,2,0,1,0,0.00,80.46 ,50
03,012,00,012,0227,518 ,695,3,698,844,0,2,1,2,0,1,0,0.00,82.70 ,50
03,012,00,012,0228,519 ,850,9,859,1071,0,2,1,2,0,1,0,0.00,80.21 ,50
03,012,00,012,0229,520 ,880,11,891,1083,0,2,1,2,0,1,0,0.00,82.27 ,50
03,012,00,012,0229,521 ,360,4,364,460,0,2,1,2,0,1,0,0.00,79.13 ,50
03,012,00,012,0230,522 ,543,6,549,655,0,2,1,2,0,1,0,0.00,83.82 ,50
03,012,00,012,0231,523 ,1161,8,1169,1450,0,2,1,2,0,1,0,0.00,80.62 ,50
03,012,00,012,0232,524 ,749,7,756,911,0,2,1,2,0,1,0,0.00,82.99 ,50
03,012,00,013,0233,525 ,716,2,718,843,0,2,1,2,0,1,0,0.00,85.17 ,50
03,012,00,013,0233,526 ,651,10,661,793,0,2,1,2,0,1,0,0.00,83.35 ,50
03,012,00,013,0234,527 ,1038,6,1044,1232,0,2,1,2,0,1,0,0.00,84.74 ,50
03,012,00,013,0234,528 ,984,7,991,1167,0,2,1,2,0,1,0,0.00,84.92 ,50
03,012,00,013,0235,529 ,1148,12,1160,1382,0,2,1,2,0,1,0,0.00,83.94 ,50
03,012,00,013,0235,530 ,871,3,874,1261,0,2,1,2,0,1,0,0.00,69.31 ,50
03,012,00,013,0236,531 ,745,5,750,901,0,2,1,2,0,1,0,0.00,83.24 ,50
03,012,00,013,0236,532 ,730,5,735,880,0,2,1,2,0,1,0,0.00,83.52 ,50
03,012,00,013,0237,533 ,1208,9,1217,1471,0,2,1,2,0,1,0,0.00,82.73 ,50
03,012,00,013,0238,534 ,793,1,794,964,0,2,1,2,0,1,0,0.00,82.37 ,50
03,012,00,013,0239,535 ,866,12,878,1031,0,2,1,2,0,1,0,0.00,85.16 ,50
03,012,00,013,0239,536 ,888,8,896,1095,0,2,1,2,0,1,0,0.00,81.83 ,50
03,012,00,013,0240,537 ,1173,13,1186,1458,0,2,1,2,0,1,0,0.00,81.34 ,50
03,012,00,013,0240,538 ,1164,10,1174,1427,0,2,1,2,0,1,0,0.00,82.27 ,50
03,012,00,013,0241,539 ,997,8,1005,1240,0,2,1,2,0,1,0,0.00,81.05 ,50
03,012,00,013,0241,540 ,911,3,914,1141,0,2,1,2,0,1,0,0.00,80.11 ,50
03,012,00,013,0242,541 ,1069,12,1081,1363,0,2,1,2,0,1,0,0.00,79.31 ,50
03,012,00,013,0242,542 ,906,10,916,1148,0,2,1,2,0,1,0,0.00,79.79 ,50
03,012,00,013,0243,543 ,749,5,754,906,0,2,1,2,0,1,0,0.00,83.22 ,50
03,012,00,013,0243,544 ,873,2,875,1052,0,2,1,2,0,1,0,0.00,83.17 ,50
03,012,00,013,0244,545 ,771,7,778,930,0,2,1,2,0,1,0,0.00,83.66 ,50
03,012,00,013,0244,546 ,742,7,749,930,0,2,1,2,0,1,0,0.00,80.54 ,50
03,012,00,013,0245,547 ,936,14,950,1110,0,2,1,2,0,1,0,0.00,85.59 ,50
03,012,00,013,0245,548 ,965,8,973,1149,0,2,1,2,0,1,0,0.00,84.68 ,50
03,012,00,013,0246,549 ,743,8,751,922,0,2,1,2,0,1,0,0.00,81.45 ,50
03,012,00,013,0246,550 ,841,12,853,1046,0,2,1,2,0,1,0,0.00,81.55 ,50
03,012,00,013,0247,551 ,920,6,926,1157,0,2,1,2,0,1,0,0.00,80.03 ,50
03,012,00,013,0248,552 ,938,4,942,1111,0,2,1,2,0,1,0,0.00,84.79 ,50
03,012,00,013,0249,553 ,677,12,689,836,0,2,1,2,0,1,0,0.00,82.42 ,50
03,012,00,013,0250,554 ,830,5,835,977,0,2,1,2,0,1,0,0.00,85.47 ,50
03,012,00,013,0251,555 ,684,8,692,823,0,2,1,2,0,1,0,0.00,84.08 ,50
03,012,00,013,0252,556 ,1033,9,1042,1254,0,2,1,2,0,1,0,0.00,83.09 ,50
03,012,00,014,0253,557 ,1070,10,1080,1308,0,2,1,2,0,1,0,0.00,82.57 ,50
03,012,00,014,0253,558 ,671,2,673,814,0,2,1,2,0,1,0,0.00,82.68 ,50
03,012,00,014,0254,559 ,829,6,835,1008,0,2,1,2,0,1,0,0.00,82.84 ,50
03,012,00,014,0255,560 ,685,9,694,863,0,2,1,2,0,1,0,0.00,80.42 ,50
03,012,00,014,0255,561 ,563,4,567,719,0,2,1,2,0,1,0,0.00,78.86 ,50
03,012,00,014,0255,562 ,483,5,488,628,0,2,1,2,0,1,0,0.00,77.71 ,50
03,012,00,014,0255,563 ,767,8,775,1049,0,2,1,2,0,1,0,0.00,73.88 ,50
03,012,00,014,0256,564 ,601,5,606,757,0,2,1,2,0,1,0,0.00,80.05 ,50
03,012,00,014,0256,565 ,646,4,650,852,0,2,1,2,0,1,0,0.00,76.29 ,50
03,012,00,014,0257,566 ,929,7,936,1162,0,2,1,2,0,1,0,0.00,80.55 ,50
03,012,00,014,0258,567 ,845,6,851,1093,0,2,1,2,0,1,0,0.00,77.86 ,50
03,012,00,014,0259,568 ,621,6,627,816,0,2,1,2,0,1,0,0.00,76.84 ,50
03,012,00,014,0260,569 ,1055,6,1061,1337,0,2,1,2,0,1,0,0.00,79.36 ,50
03,012,00,014,0261,570 ,586,5,591,744,0,2,1,2,0,1,0,0.00,79.44 ,50
03,012,00,014,0261,571 ,644,7,651,816,0,2,1,2,0,1,0,0.00,79.78 ,50
03,012,00,014,0262,572 ,840,12,852,1091,0,2,1,2,0,1,0,0.00,78.09 ,50
03,012,00,014,0263,573 ,678,5,683,872,0,2,1,2,0,1,0,0.00,78.33 ,50
03,012,00,014,0263,574 ,748,7,755,1005,0,2,1,2,0,1,0,0.00,75.12 ,50
03,012,00,014,0264,575 ,644,6,650,847,0,2,1,2,0,1,0,0.00,76.74 ,50
03,012,00,014,0265,576 ,585,1,586,721,0,2,1,2,0,1,0,0.00,81.28 ,50
03,012,00,015,0266,577 ,797,9,806,1039,0,2,1,2,0,1,0,0.00,77.57 ,50
03,012,00,015,0267,578 ,681,11,692,868,0,2,1,2,0,1,0,0.00,79.72 ,50
03,012,00,015,0268,579 ,1196,12,1208,1560,0,2,1,2,0,1,0,0.00,77.44 ,50
03,012,00,015,0269,580 ,843,8,851,1154,0,2,1,2,0,1,0,0.00,73.74 ,50
03,012,00,015,0269,581 ,981,8,989,1276,0,2,1,2,0,1,0,0.00,77.51 ,50
03,012,00,015,0270,582 ,972,8,980,1271,0,2,1,2,0,1,0,0.00,77.10 ,50
03,012,00,015,0271,583 ,1390,12,1402,1795,0,2,1,2,0,1,0,0.00,78.11 ,50
03,012,00,015,0272,584 ,962,8,970,1274,0,2,1,2,0,1,0,0.00,76.14 ,50
03,012,00,015,0273,585 ,807,10,817,1101,0,2,1,2,0,1,0,0.00,74.21 ,50
03,012,00,015,0274,586 ,898,9,907,1188,0,2,1,2,0,1,0,0.00,76.35 ,50
03,012,00,015,0275,587 ,987,9,996,1291,0,2,1,2,0,1,0,0.00,77.15 ,50
03,012,00,015,0276,588 ,894,10,904,1243,0,2,1,2,0,1,0,0.00,72.73 ,50
03,012,00,015,0276,589 ,1135,6,1141,1447,0,2,1,2,0,1,0,0.00,78.85 ,50
03,012,00,015,0277,590 ,882,7,889,1151,0,2,1,2,0,1,0,0.00,77.24 ,50
03,012,00,015,0278,591 ,757,9,766,1036,0,2,1,2,0,1,0,0.00,73.94 ,50
03,012,00,015,0279,592 ,876,10,886,1139,0,2,1,2,0,1,0,0.00,77.79 ,50
03,012,00,015,0280,593 ,1079,10,1089,1360,0,2,1,2,0,1,0,0.00,80.07 ,50
03,012,00,015,0280,594 ,968,12,980,1331,0,2,1,2,0,1,0,0.00,73.63 ,50
03,012,00,016,0281,595 ,1085,5,1090,1363,0,2,1,2,0,1,0,0.00,79.97 ,50
03,012,00,016,0282,596 ,1230,6,1236,1550,0,2,1,2,0,1,0,0.00,79.74 ,50
03,012,00,016,0283,597 ,1102,14,1116,1421,0,2,1,2,0,1,0,0.00,78.54 ,50
03,012,00,016,0283,598 ,534,3,537,687,0,2,1,2,0,1,0,0.00,78.17 ,50
03,012,00,016,0284,599 ,326,4,330,440,0,2,1,2,0,1,0,0.00,75.00 ,50
03,012,00,016,0285,600 ,1239,13,1252,1558,0,2,1,2,0,1,0,0.00,80.36 ,50
03,012,00,016,0286,601 ,735,8,743,892,0,2,1,2,0,1,0,0.00,83.30 ,50
03,012,00,016,0286,602 ,898,6,904,1197,0,2,1,2,0,1,0,0.00,75.52 ,50
03,012,00,017,0287,603 ,1073,15,1088,1337,0,2,1,2,0,1,0,0.00,81.38 ,50
03,012,00,017,0288,604 ,1326,15,1341,1694,0,2,1,2,0,1,0,0.00,79.16 ,50
03,012,00,017,0289,605 ,1450,18,1468,1750,0,2,1,2,0,1,0,0.00,83.89 ,50
03,012,00,017,0290,606 ,705,6,711,845,0,2,1,2,0,1,0,0.00,84.14 ,50
03,012,00,017,0291,607 ,789,10,799,997,0,2,1,2,0,1,0,0.00,80.14 ,50
03,012,00,017,0292,608 ,1385,14,1399,1710,0,2,1,2,0,1,0,0.00,81.81 ,50
03,012,00,017,0293,609 ,461,5,466,567,0,2,1,2,0,1,0,0.00,82.19 ,50
03,012,00,017,0294,610 ,570,8,578,723,0,2,1,2,0,1,0,0.00,79.94 ,50
03,012,00,017,0295,611 ,1166,14,1180,1428,0,2,1,2,0,1,0,0.00,82.63 ,50
03,012,00,017,0296,612 ,630,6,636,791,0,2,1,2,0,1,0,0.00,80.40 ,50
03,012,00,017,0297,613 ,767,5,772,907,0,2,1,2,0,1,0,0.00,85.12 ,50
03,012,00,017,0298,614 ,1475,19,1494,1825,0,2,1,2,0,1,0,0.00,81.86 ,50
03,012,00,018,0299,615 ,1396,25,1421,1736,0,2,1,2,0,1,0,0.00,81.85 ,50
03,012,00,018,0300,616 ,734,9,743,928,0,2,1,2,0,1,0,0.00,80.06 ,50
03,012,00,018,0300,617 ,819,7,826,1016,0,2,1,2,0,1,0,0.00,81.30 ,50
03,012,00,018,0301,618 ,1006,9,1015,1249,0,2,1,2,0,1,0,0.00,81.27 ,50
03,012,00,018,0301,619 ,694,11,705,877,0,2,1,2,0,1,0,0.00,80.39 ,50
03,012,00,018,0302,620 ,848,9,857,1016,0,2,1,2,0,1,0,0.00,84.35 ,50
03,012,00,018,0303,621 ,719,7,726,874,0,2,1,2,0,1,0,0.00,83.07 ,50
03,012,00,018,0304,622 ,633,6,639,783,0,2,1,2,0,1,0,0.00,81.61 ,50
03,012,00,018,0305,623 ,1053,10,1063,1314,0,2,1,2,0,1,0,0.00,80.90 ,50
03,012,00,018,0305,624 ,1460,16,1476,1874,0,2,1,2,0,1,0,0.00,78.76 ,50
03,012,00,018,0306,625 ,918,6,924,1134,0,2,1,2,0,1,0,0.00,81.48 ,50
03,012,00,018,0306,626 ,599,2,601,773,0,2,1,2,0,1,0,0.00,77.75 ,50
03,012,00,018,0307,627 ,1112,10,1122,1376,0,2,1,2,0,1,0,0.00,81.54 ,50
03,012,00,018,0307,628 ,837,10,847,1047,0,2,1,2,0,1,0,0.00,80.90 ,50
03,012,00,018,0308,629 ,473,3,476,636,0,2,1,2,0,1,0,0.00,74.84 ,50
03,012,00,018,0309,630 ,819,10,829,1094,0,2,1,2,0,1,0,0.00,75.78 ,50
03,012,00,018,0309,631 ,912,11,923,1171,0,2,1,2,0,1,0,0.00,78.82 ,50
03,012,00,018,0310,632 ,646,14,660,864,0,2,1,2,0,1,0,0.00,76.39 ,50
03,012,00,018,0310,633 ,843,11,854,1072,0,2,1,2,0,1,0,0.00,79.66 ,50
03,012,00,018,0311,634 ,882,8,890,1192,0,2,1,2,0,1,0,0.00,74.66 ,50
03,012,00,018,0312,635 ,936,14,950,1168,0,2,1,2,0,1,0,0.00,81.34 ,50
03,012,00,018,0312,636 ,747,7,754,954,0,2,1,2,0,1,0,0.00,79.04 ,50
03,012,00,018,0313,637 ,878,7,885,1038,0,2,1,2,0,1,0,0.00,85.26 ,50
03,012,00,018,0313,638 ,689,8,697,854,0,2,1,2,0,1,0,0.00,81.62 ,50
03,012,00,019,0314,639 ,817,9,826,1063,0,2,1,2,0,1,0,0.00,77.70 ,50
03,012,00,019,0314,640 ,950,9,959,1256,0,2,1,2,0,1,0,0.00,76.35 ,50
03,012,00,019,0315,641 ,1052,9,1061,1329,0,2,1,2,0,1,0,0.00,79.83 ,50
03,012,00,019,0315,642 ,824,8,832,1123,0,2,1,2,0,1,0,0.00,74.09 ,50
03,012,00,019,0316,643 ,684,3,687,903,0,2,1,2,0,1,0,0.00,76.08 ,50
03,012,00,019,0317,644 ,488,5,493,632,0,2,1,2,0,1,0,0.00,78.01 ,50
03,012,00,019,0318,645 ,734,6,740,919,0,2,1,2,0,1,0,0.00,80.52 ,50
03,012,00,019,0319,646 ,487,8,495,674,0,2,1,2,0,1,0,0.00,73.44 ,50
03,012,00,019,0320,647 ,402,1,403,497,0,2,1,2,0,1,0,0.00,81.09 ,50
03,012,00,019,0321,648 ,656,3,659,905,0,2,1,2,0,1,0,0.00,72.82 ,50
03,012,00,019,0321,649 ,727,9,736,967,0,2,1,2,0,1,0,0.00,76.11 ,50
03,012,00,019,0322,650 ,1125,10,1135,1429,0,2,1,2,0,1,0,0.00,79.43 ,50
03,012,00,019,0322,651 ,1077,14,1091,1385,0,2,1,2,0,1,0,0.00,78.77 ,50
03,012,00,019,0323,652 ,1125,16,1141,1519,0,2,1,2,0,1,0,0.00,75.12 ,50
03,012,00,019,0323,653 ,203,4,207,300,0,2,1,2,0,1,0,0.00,69.00 ,50
03,012,00,019,0324,654 ,787,10,797,1050,0,2,1,2,0,1,0,0.00,75.90 ,50
03,012,00,019,0324,655 ,613,4,617,815,0,2,1,2,0,1,0,0.00,75.71 ,50
03,012,00,019,0325,656 ,1112,15,1127,1519,0,2,1,2,0,1,0,0.00,74.19 ,50
03,012,00,019,0326,657 ,835,3,838,1098,0,2,1,2,0,1,0,0.00,76.32 ,50
03,012,00,019,0326,658 ,450,2,452,588,0,2,1,2,0,1,0,0.00,76.87 ,50
03,012,00,019,0327,659 ,738,5,743,950,0,2,1,2,0,1,0,0.00,78.21 ,50
03,012,00,019,0328,660 ,779,3,782,987,0,2,1,2,0,1,0,0.00,79.23 ,50
03,012,00,019,0329,661 ,1081,9,1090,1401,0,2,1,2,0,1,0,0.00,77.80 ,50
03,012,00,019,0330,662 ,842,5,847,1077,0,2,1,2,0,1,0,0.00,78.64 ,50
03,012,00,019,0331,663 ,1142,12,1154,1466,0,2,1,2,0,1,0,0.00,78.72 ,50
03,012,00,019,0332,664 ,764,8,772,980,0,2,1,2,0,1,0,0.00,78.78 ,50
03,012,00,019,0333,665 ,936,8,944,1222,0,2,1,2,0,1,0,0.00,77.25 ,50
03,012,00,019,0333,666 ,939,11,950,1173,0,2,1,2,0,1,0,0.00,80.99 ,50
03,012,00,019,0334,667 ,753,3,756,932,0,2,1,2,0,1,0,0.00,81.12 ,50
03,012,00,019,0334,668 ,708,9,717,931,0,2,1,2,0,1,0,0.00,77.01 ,50
03,012,00,019,0335,669 ,542,6,548,714,0,2,1,2,0,1,0,0.00,76.75 ,50
03,012,00,019,0336,670 ,320,1,321,390,0,2,1,2,0,1,0,0.00,82.31 ,50
03,012,00,019,0337,671 ,464,5,469,610,0,2,1,2,0,1,0,0.00,76.89 ,50
03,012,00,019,0338,672 ,155,1,156,202,0,2,1,2,0,1,0,0.00,77.23 ,50
03,012,00,020,0339,673 ,1205,17,1222,1623,0,2,1,2,0,1,0,0.00,75.29 ,50
03,012,00,020,0340,674 ,1154,13,1167,1555,0,2,1,2,0,1,0,0.00,75.05 ,50
03,012,00,020,0341,675 ,1095,4,1099,1420,0,2,1,2,0,1,0,0.00,77.39 ,50
03,012,00,020,0342,676 ,771,11,782,1025,0,2,1,2,0,1,0,0.00,76.29 ,50
03,012,00,020,0342,677 ,930,15,945,1226,0,2,1,2,0,1,0,0.00,77.08 ,50
03,012,00,020,0343,678 ,915,9,924,1237,0,2,1,2,0,1,0,0.00,74.70 ,50
03,012,00,020,0343,679 ,710,7,717,992,0,2,1,2,0,1,0,0.00,72.28 ,50
03,012,00,020,0344,680 ,881,10,891,1187,0,2,1,2,0,1,0,0.00,75.06 ,50
03,012,00,020,0344,681 ,999,8,1007,1365,0,2,1,2,0,1,0,0.00,73.77 ,50
03,012,00,020,0345,682 ,975,5,980,1290,0,2,1,2,0,1,0,0.00,75.97 ,50
03,012,00,020,0345,683 ,943,8,951,1208,0,2,1,2,0,1,0,0.00,78.73 ,50
03,012,00,020,0346,684 ,686,11,697,918,0,2,1,2,0,1,0,0.00,75.93 ,50
03,012,00,020,0346,685 ,873,9,882,1182,0,2,1,2,0,1,0,0.00,74.62 ,50
03,012,00,020,0347,686 ,1226,8,1234,1550,0,2,1,2,0,1,0,0.00,79.61 ,50
03,012,00,020,0348,687 ,745,12,757,1021,0,2,1,2,0,1,0,0.00,74.14 ,50
03,012,00,020,0348,688 ,547,5,552,745,0,2,1,2,0,1,0,0.00,74.09 ,50
03,012,00,020,0349,689 ,1080,11,1091,1470,0,2,1,2,0,1,0,0.00,74.22 ,50
03,012,00,020,0350,690 ,785,7,792,1066,0,2,1,2,0,1,0,0.00,74.30 ,50
03,012,00,020,0350,691 ,781,11,792,1061,0,2,1,2,0,1,0,0.00,74.65 ,50
03,012,00,020,0351,692 ,1306,14,1320,1646,0,2,1,2,0,1,0,0.00,80.19 ,50
03,012,00,020,0352,693 ,895,11,906,1222,0,2,1,2,0,1,0,0.00,74.14 ,50
03,012,00,020,0352,694 ,825,10,835,1094,0,2,1,2,0,1,0,0.00,76.33 ,50
03,012,00,020,0353,695 ,1009,19,1028,1390,0,2,1,2,0,1,0,0.00,73.96 ,50
03,012,00,020,0353,696 ,753,17,770,1017,0,2,1,2,0,1,0,0.00,75.71 ,50
03,012,00,020,0354,697 ,579,7,586,774,0,2,1,2,0,1,0,0.00,75.71 ,50
03,012,00,020,0354,698 ,673,13,686,917,0,2,1,2,0,1,0,0.00,74.81 ,50
03,012,00,020,0355,699 ,1076,8,1084,1491,0,2,1,2,0,1,0,0.00,72.70 ,50
03,012,00,020,0356,700 ,948,12,960,1239,0,2,1,2,0,1,0,0.00,77.48 ,50
03,012,00,020,0357,701 ,690,12,702,936,0,2,1,2,0,1,0,0.00,75.00 ,50
03,012,00,020,0357,702 ,568,14,582,834,0,2,1,2,0,1,0,0.00,69.78 ,50
03,012,00,021,0358,703 ,804,7,811,1228,0,2,1,2,0,1,0,0.00,66.04 ,50
03,012,00,021,0359,704 ,882,12,894,1214,0,2,1,2,0,1,0,0.00,73.64 ,50
03,012,00,021,0360,705 ,1151,28,1179,1709,0,2,1,2,0,1,0,0.00,68.99 ,50
03,012,00,021,0361,706 ,1006,26,1032,1473,0,2,1,2,0,1,0,0.00,70.06 ,50
03,012,00,021,0362,707 ,711,4,715,1018,0,2,1,2,0,1,0,0.00,70.24 ,50
03,012,00,021,0363,708 ,623,7,630,866,0,2,1,2,0,1,0,0.00,72.75 ,50
03,012,00,021,0364,709 ,595,9,604,804,0,2,1,2,0,1,0,0.00,75.12 ,50
03,012,00,021,0365,710 ,503,9,512,659,0,2,1,2,0,1,0,0.00,77.69 ,50
03,012,00,021,0366,711 ,287,4,291,382,0,2,1,2,0,1,0,0.00,76.18 ,50
03,012,00,021,0367,712 ,940,18,958,1534,0,2,1,2,0,1,0,0.00,62.45 ,50
03,012,00,021,0368,713 ,1072,26,1098,1620,0,2,1,2,0,1,0,0.00,67.78 ,50
03,012,00,021,0369,714 ,763,15,778,1076,0,2,1,2,0,1,0,0.00,72.30 ,50
03,012,00,022,0370,715 ,484,0,484,632,0,2,1,2,0,1,0,0.00,76.58 ,50
03,012,00,022,0371,716 ,837,6,843,1079,0,2,1,2,0,1,0,0.00,78.13 ,50
03,012,00,022,0372,717 ,587,4,591,774,0,2,1,2,0,1,0,0.00,76.36 ,50
03,012,00,022,0373,718 ,1135,10,1145,1493,0,2,1,2,0,1,0,0.00,76.69 ,50
03,012,00,022,0374,719 ,528,6,534,706,0,2,1,2,0,1,0,0.00,75.64 ,50
03,012,00,022,0375,720 ,514,5,519,705,0,2,1,2,0,1,0,0.00,73.62 ,50
03,012,00,022,0376,721 ,843,12,855,1190,0,2,1,2,0,1,0,0.00,71.85 ,50
03,012,00,023,0377,722 ,657,5,662,881,0,2,1,2,0,1,0,0.00,75.14 ,50
03,012,00,023,0378,723 ,571,8,579,811,0,2,1,2,0,1,0,0.00,71.39 ,50
03,012,00,023,0379,724 ,780,20,800,1141,0,2,1,2,0,1,0,0.00,70.11 ,50
03,012,00,023,0379,725 ,516,10,526,773,0,2,1,2,0,1,0,0.00,68.05 ,50
03,012,00,023,0380,726 ,1312,22,1334,1865,0,2,1,2,0,1,0,0.00,71.53 ,50
03,012,00,023,0381,727 ,1225,9,1234,1651,0,2,1,2,0,1,0,0.00,74.74 ,50
03,012,00,023,0382,728 ,1329,27,1356,1856,0,2,1,2,0,1,0,0.00,73.06 ,50
03,012,00,023,0383,729 ,1025,19,1044,1431,0,2,1,2,0,1,0,0.00,72.96 ,50
03,012,00,024,0384,730 ,588,3,591,773,0,2,1,2,0,1,0,0.00,76.46 ,50
03,012,00,024,0385,731 ,747,7,754,1059,0,2,1,2,0,1,0,0.00,71.20 ,50
03,012,00,024,0386,732 ,367,2,369,513,0,2,1,2,0,1,0,0.00,71.93 ,50
03,012,00,024,0387,733 ,386,5,391,490,0,2,1,2,0,1,0,0.00,79.80 ,50
03,012,00,024,0388,734 ,776,12,788,1003,0,2,1,2,0,1,0,0.00,78.56 ,50
03,012,00,024,0389,735 ,530,1,531,676,0,2,1,2,0,1,0,0.00,78.55 ,50
03,012,00,024,0389,736 ,854,23,877,1089,0,2,1,2,0,1,0,0.00,80.53 ,50
03,012,00,024,0390,737 ,503,10,513,625,0,2,1,2,0,1,0,0.00,82.08 ,50
03,012,00,024,0391,738 ,297,3,300,385,0,2,1,2,0,1,0,0.00,77.92 ,50
03,012,00,024,0392,739 ,297,9,306,367,0,2,1,2,0,1,0,0.00,83.38 ,50
03,012,00,024,0393,740 ,705,3,708,839,0,2,1,2,0,1,0,0.00,84.39 ,50
03,012,00,024,0394,741 ,520,5,525,668,0,2,1,2,0,1,0,0.00,78.59 ,50
03,012,00,024,0395,742 ,360,3,363,483,0,2,1,2,0,1,0,0.00,75.16 ,50
03,012,00,024,0396,743 ,917,7,924,1143,0,2,1,2,0,1,0,0.00,80.84 ,50
03,012,00,024,0397,744 ,774,14,788,945,0,2,1,2,0,1,0,0.00,83.39 ,50
03,012,00,024,0398,745 ,390,1,391,513,0,2,1,2,0,1,0,0.00,76.22 ,50
03,012,00,024,0399,746 ,539,1,540,681,0,2,1,2,0,1,0,0.00,79.30 ,50
03,012,00,024,0400,747 ,523,7,530,699,0,2,1,2,0,1,0,0.00,75.82 ,50
03,012,00,024,0401,748 ,485,3,488,629,0,2,1,2,0,1,0,0.00,77.58 ,50
03,012,00,025,0402,749 ,357,5,362,478,0,2,1,2,0,1,0,0.00,75.73 ,50
03,012,00,025,0403,750 ,211,2,213,293,0,2,1,2,0,1,0,0.00,72.70 ,50
03,012,00,025,0404,751 ,298,0,298,383,0,2,1,2,0,1,0,0.00,77.81 ,50
03,012,00,026,0405,752 ,95,3,98,171,0,2,1,2,0,1,0,0.00,57.31 ,50
03,012,00,026,0405,753 ,175,2,177,274,0,2,1,2,0,1,0,0.00,64.60 ,50
03,012,00,026,0406,754 ,322,5,327,464,0,2,1,2,0,1,0,0.00,70.47 ,50
03,012,00,026,0407,755 ,348,2,350,495,0,2,1,2,0,1,0,0.00,70.71 ,50
03,012,00,026,0408,756 ,465,6,471,680,0,2,1,2,0,1,0,0.00,69.26 ,50
03,012,00,026,0409,757 ,136,0,136,189,0,2,1,2,0,1,0,0.00,71.96 ,50
03,012,00,026,0410,758 ,147,0,147,213,0,2,1,2,0,1,0,0.00,69.01 ,50
03,012,00,026,0411,759 ,142,0,142,203,0,2,1,2,0,1,0,0.00,69.95 ,50
03,012,00,026,0412,760 ,163,0,163,219,0,2,1,2,0,1,0,0.00,74.43 ,50
03,012,00,027,0413,761 ,304,4,308,440,0,2,1,2,0,1,0,0.00,70.00 ,50
03,012,00,027,0414,762 ,336,5,341,484,0,2,1,2,0,1,0,0.00,70.45 ,50
03,012,00,027,0415,763 ,654,5,659,922,0,2,1,2,0,1,0,0.00,71.48 ,50
03,013,00,001,0001,1 ,1012,7,1019,1320,0,2,1,2,0,1,0,0.00,77.20 ,50
03,013,00,001,0002,2 ,1214,12,1226,1556,0,2,1,2,0,1,0,0.00,78.79 ,50
03,013,00,001,0003,3 ,704,0,704,880,0,2,1,2,0,1,0,0.00,80.00 ,50
03,013,00,001,0004,4 ,1082,6,1088,1431,0,2,1,2,0,1,0,0.00,76.03 ,50
03,013,00,001,0005,5 ,1148,8,1156,1571,0,2,1,2,0,1,0,0.00,73.58 ,50
03,013,00,001,0005,6 ,1032,6,1038,1426,0,2,1,2,0,1,0,0.00,72.79 ,50
03,013,00,001,0006,7 ,1123,6,1129,1524,0,2,1,2,0,1,0,0.00,74.08 ,50
03,013,00,001,0007,8 ,745,4,749,965,0,2,1,2,0,1,0,0.00,77.62 ,50
03,013,00,001,0008,9 ,739,3,742,968,0,2,1,2,0,1,0,0.00,76.65 ,50
03,013,00,001,0009,10 ,1016,4,1020,1350,0,2,1,2,0,1,0,0.00,75.56 ,50
03,013,00,001,0010,11 ,775,4,779,1005,0,2,1,2,0,1,0,0.00,77.51 ,50
03,013,00,001,0011,12 ,902,4,906,1134,0,2,1,2,0,1,0,0.00,79.89 ,50
03,013,00,001,0012,13 ,1051,8,1059,1617,0,2,1,2,0,1,0,0.00,65.49 ,50
03,013,00,001,0013,14 ,816,7,823,1124,0,2,1,2,0,1,0,0.00,73.22 ,50
03,013,00,001,0014,15 ,791,4,795,1060,0,2,1,2,0,1,0,0.00,75.00 ,50
03,013,00,001,0014,16 ,759,5,764,1035,0,2,1,2,0,1,0,0.00,73.82 ,50
03,013,00,001,0015,17 ,908,5,913,1169,0,2,1,2,0,1,0,0.00,78.10 ,50
03,013,00,001,0015,18 ,924,5,929,1193,0,2,1,2,0,1,0,0.00,77.87 ,50
03,013,00,001,0016,19 ,851,5,856,1107,0,2,1,2,0,1,0,0.00,77.33 ,50
03,013,00,001,0016,20 ,944,0,944,1299,0,2,1,2,0,1,0,0.00,72.67 ,50
03,013,00,001,0016,21 ,1049,8,1057,1412,0,2,1,2,0,1,0,0.00,74.86 ,50
03,013,00,001,0017,22 ,1030,4,1034,1373,0,2,1,2,0,1,0,0.00,75.31 ,50
03,013,00,001,0017,23 ,1128,5,1133,1441,0,2,1,2,0,1,0,0.00,78.63 ,50
03,013,00,001,0017,24 ,1039,7,1046,1376,0,2,1,2,0,1,0,0.00,76.02 ,50
03,013,00,001,0017,25 ,1250,7,1257,1580,0,2,1,2,0,1,0,0.00,79.56 ,50
03,013,00,001,0017,26 ,1176,11,1187,1508,0,2,1,2,0,1,0,0.00,78.71 ,50
03,013,00,001,0018,27 ,1364,9,1373,1795,0,2,1,2,0,1,0,0.00,76.49 ,50
03,013,00,001,0018,28 ,1248,8,1256,1631,0,2,1,2,0,1,0,0.00,77.01 ,50
03,013,00,001,0019,29 ,690,6,696,889,0,2,1,2,0,1,0,0.00,78.29 ,50
03,013,00,001,0020,30 ,969,7,976,1264,0,2,1,2,0,1,0,0.00,77.22 ,50
03,013,00,001,0021,31 ,805,7,812,1045,0,2,1,2,0,1,0,0.00,77.70 ,50
03,013,00,001,0022,32 ,1365,9,1374,1814,0,2,1,2,0,1,0,0.00,75.74 ,50
03,013,00,001,0022,33 ,1523,14,1537,2016,0,2,1,2,0,1,0,0.00,76.24 ,50
03,013,00,001,0022,34 ,1346,57,1403,1878,0,2,1,2,0,1,0,0.00,74.71 ,50
03,013,00,001,0023,35 ,1048,12,1060,1374,0,2,1,2,0,1,0,0.00,77.15 ,50
03,013,00,001,0024,36 ,1033,14,1047,1499,0,2,1,2,0,1,0,0.00,69.85 ,50
03,013,00,001,0025,37 ,546,15,561,796,0,2,1,2,0,1,0,0.00,70.48 ,50
03,013,00,001,0026,38 ,612,5,617,834,0,2,1,2,0,1,0,0.00,73.98 ,50
03,013,00,001,0027,39 ,987,4,991,1344,0,2,1,2,0,1,0,0.00,73.74 ,50
03,013,00,001,0027,40 ,1172,10,1182,1635,0,2,1,2,0,1,0,0.00,72.29 ,50
03,013,00,001,0028,41 ,1032,7,1039,1426,0,2,1,2,0,1,0,0.00,72.86 ,50
03,013,00,001,0028,42 ,1115,8,1123,1599,0,2,1,2,0,1,0,0.00,70.23 ,50
03,013,00,001,0028,43 ,997,8,1005,1373,0,2,1,2,0,1,0,0.00,73.20 ,50
03,013,00,001,0028,44 ,1106,8,1114,1492,0,2,1,2,0,1,0,0.00,74.66 ,50
03,013,00,001,0029,45 ,743,6,749,988,0,2,1,2,0,1,0,0.00,75.81 ,50
03,013,00,001,0029,46 ,1211,7,1218,1640,0,2,1,2,0,1,0,0.00,74.27 ,50
03,013,00,001,0029,47 ,884,9,893,1144,0,2,1,2,0,1,0,0.00,78.06 ,50
03,013,00,001,0030,48 ,401,8,409,550,0,2,1,2,0,1,0,0.00,74.36 ,50
03,013,00,001,0031,49 ,725,3,728,903,0,2,1,2,0,1,0,0.00,80.62 ,50
03,013,00,001,0032,50 ,952,8,960,1209,0,2,1,2,0,1,0,0.00,79.40 ,50
03,013,00,001,0032,51 ,794,8,802,1035,0,2,1,2,0,1,0,0.00,77.49 ,50
03,013,00,001,0033,52 ,1012,14,1026,1299,0,2,1,2,0,1,0,0.00,78.98 ,50
03,013,00,001,0034,53 ,1530,13,1543,1999,0,2,1,2,0,1,0,0.00,77.19 ,50
03,013,00,001,0035,54 ,1114,9,1123,1451,0,2,1,2,0,1,0,0.00,77.39 ,50
03,013,00,001,0036,55 ,896,10,906,1181,0,2,1,2,0,1,0,0.00,76.71 ,50
03,013,00,001,0037,56 ,860,4,864,1120,0,2,1,2,0,1,0,0.00,77.14 ,50
03,013,00,001,0038,57 ,1402,14,1416,1856,0,2,1,2,0,1,0,0.00,76.29 ,50
03,013,00,001,0039,58 ,964,7,971,1311,0,2,1,2,0,1,0,0.00,74.07 ,50
03,013,00,001,0040,59 ,752,10,762,1013,0,2,1,2,0,1,0,0.00,75.22 ,50
03,013,00,001,0040,60 ,721,8,729,973,0,2,1,2,0,1,0,0.00,74.92 ,50
03,013,00,001,0041,61 ,936,3,939,1187,0,2,1,2,0,1,0,0.00,79.11 ,50
03,013,00,001,0042,62 ,551,8,559,727,0,2,1,2,0,1,0,0.00,76.89 ,50
03,013,00,001,0042,63 ,1392,12,1404,1824,0,2,1,2,0,1,0,0.00,76.97 ,50
03,013,00,001,0042,64 ,1223,10,1233,1600,0,2,1,2,0,1,0,0.00,77.06 ,50
03,013,00,001,0042,65 ,1109,5,1114,1468,0,2,1,2,0,1,0,0.00,75.89 ,50
03,013,00,001,0043,66 ,1093,4,1097,1461,0,2,1,2,0,1,0,0.00,75.09 ,50
03,013,00,001,0043,67 ,1508,10,1518,2055,0,2,1,2,0,1,0,0.00,73.87 ,50
03,013,00,001,0044,68 ,818,8,826,1108,0,2,1,2,0,1,0,0.00,74.55 ,50
03,013,00,001,0045,69 ,742,6,748,909,0,2,1,2,0,1,0,0.00,82.29 ,50
03,013,00,001,0046,70 ,1157,9,1166,1556,0,2,1,2,0,1,0,0.00,74.94 ,50
03,013,00,001,0047,71 ,1171,11,1182,1462,0,2,1,2,0,1,0,0.00,80.85 ,50
03,013,00,001,0048,72 ,858,6,864,1131,0,2,1,2,0,1,0,0.00,76.39 ,50
03,013,00,001,0049,73 ,675,2,677,875,0,2,1,2,0,1,0,0.00,77.37 ,50
03,013,00,001,0049,74 ,775,9,784,1015,0,2,1,2,0,1,0,0.00,77.24 ,50
03,013,00,001,0050,75 ,752,3,755,1012,0,2,1,2,0,1,0,0.00,74.60 ,50
03,013,00,001,0051,76 ,1000,3,1003,1246,0,2,1,2,0,1,0,0.00,80.50 ,50
03,013,00,001,0051,77 ,1071,8,1079,1372,0,2,1,2,0,1,0,0.00,78.64 ,50
03,013,00,001,0051,78 ,1107,5,1112,1445,0,2,1,2,0,1,0,0.00,76.96 ,50
03,013,00,001,0052,79 ,984,7,991,1289,0,2,1,2,0,1,0,0.00,76.88 ,50
03,013,00,001,0052,80 ,984,9,993,1328,0,2,1,2,0,1,0,0.00,74.77 ,50
03,013,00,001,0053,81 ,1171,5,1176,1507,0,2,1,2,0,1,0,0.00,78.04 ,50
03,013,00,001,0053,82 ,892,7,899,1253,0,2,1,2,0,1,0,0.00,71.75 ,50
03,013,00,001,0054,83 ,731,5,736,968,0,2,1,2,0,1,0,0.00,76.03 ,50
03,013,00,001,0054,84 ,748,5,753,1059,0,2,1,2,0,1,0,0.00,71.10 ,50
03,013,00,001,0055,85 ,875,2,877,1155,0,2,1,2,0,1,0,0.00,75.93 ,50
03,013,00,001,0055,86 ,1283,8,1291,1762,0,2,1,2,0,1,0,0.00,73.27 ,50
03,013,00,001,0055,87 ,1328,11,1339,1794,0,2,1,2,0,1,0,0.00,74.64 ,50
03,013,00,001,0056,88 ,836,5,841,1082,0,2,1,2,0,1,0,0.00,77.73 ,50
03,013,00,001,0056,89 ,872,8,880,1123,0,2,1,2,0,1,0,0.00,78.36 ,50
03,013,00,001,0057,90 ,950,4,954,1311,0,2,1,2,0,1,0,0.00,72.77 ,50
03,013,00,001,0057,91 ,896,4,900,1194,0,2,1,2,0,1,0,0.00,75.38 ,50
03,013,00,001,0057,92 ,1027,14,1041,1349,0,2,1,2,0,1,0,0.00,77.17 ,50
03,013,00,001,0058,93 ,803,10,813,1080,0,2,1,2,0,1,0,0.00,75.28 ,50
03,013,00,001,0058,94 ,992,10,1002,1365,0,2,1,2,0,1,0,0.00,73.41 ,50
03,013,00,001,0059,95 ,998,11,1009,1318,0,2,1,2,0,1,0,0.00,76.56 ,50
03,013,00,001,0059,96 ,1041,4,1045,1391,0,2,1,2,0,1,0,0.00,75.13 ,50
03,013,00,001,0059,97 ,929,7,936,1224,0,2,1,2,0,1,0,0.00,76.47 ,50
03,013,00,001,0059,98 ,868,6,874,1162,0,2,1,2,0,1,0,0.00,75.22 ,50
03,013,00,001,0060,99 ,1331,22,1353,1726,0,2,1,2,0,1,0,0.00,78.39 ,50
03,013,00,001,0061,100 ,1182,10,1192,1565,0,2,1,2,0,1,0,0.00,76.17 ,50
03,013,00,001,0062,101 ,599,8,607,789,0,2,1,2,0,1,0,0.00,76.93 ,50
03,013,00,001,0063,102 ,1114,10,1124,1535,0,2,1,2,0,1,0,0.00,73.22 ,50
03,013,00,001,0063,103 ,1051,10,1061,1410,0,2,1,2,0,1,0,0.00,75.25 ,50
03,013,00,001,0063,104 ,994,8,1002,1340,0,2,1,2,0,1,0,0.00,74.78 ,50
03,013,00,001,0063,105 ,1128,11,1139,1582,0,2,1,2,0,1,0,0.00,72.00 ,50
03,013,00,001,0064,106 ,936,10,946,1210,0,2,1,2,0,1,0,0.00,78.18 ,50
03,013,00,001,0065,107 ,633,3,636,811,0,2,1,2,0,1,0,0.00,78.42 ,50
03,013,00,001,0066,108 ,749,8,757,956,0,2,1,2,0,1,0,0.00,79.18 ,50
03,013,00,001,0067,109 ,1066,10,1076,1382,0,2,1,2,0,1,0,0.00,77.86 ,50
03,013,00,001,0068,110 ,703,12,715,951,0,2,1,2,0,1,0,0.00,75.18 ,50
03,013,00,002,0069,111 ,514,8,522,698,0,2,1,2,0,1,0,0.00,74.79 ,50
03,013,00,002,0070,112 ,1265,13,1278,1717,0,2,1,2,0,1,0,0.00,74.43 ,50
03,013,00,002,0070,113 ,1231,10,1241,1702,0,2,1,2,0,1,0,0.00,72.91 ,50
03,013,00,002,0071,114 ,633,2,635,815,0,2,1,2,0,1,0,0.00,77.91 ,50
03,013,00,002,0072,115 ,979,7,986,1315,0,2,1,2,0,1,0,0.00,74.98 ,50
03,013,00,002,0073,116 ,1114,6,1120,1442,0,2,1,2,0,1,0,0.00,77.67 ,50
03,013,00,002,0074,117 ,581,7,588,787,0,2,1,2,0,1,0,0.00,74.71 ,50
03,013,00,002,0075,118 ,1269,10,1279,1726,0,2,1,2,0,1,0,0.00,74.10 ,50
03,013,00,002,0075,119 ,1553,12,1565,2067,0,2,1,2,0,1,0,0.00,75.71 ,50
03,013,00,002,0076,120 ,1143,7,1150,1581,0,2,1,2,0,1,0,0.00,72.74 ,50
03,013,00,002,0076,121 ,1226,3,1229,1701,0,2,1,2,0,1,0,0.00,72.25 ,50
03,013,00,002,0076,122 ,1203,8,1211,1627,0,2,1,2,0,1,0,0.00,74.43 ,50
03,013,00,002,0077,123 ,1225,9,1234,1638,0,2,1,2,0,1,0,0.00,75.34 ,50
03,013,00,002,0078,124 ,716,9,725,954,0,2,1,2,0,1,0,0.00,76.00 ,50
03,013,00,002,0079,125 ,1356,8,1364,1763,0,2,1,2,0,1,0,0.00,77.37 ,50
03,013,00,002,0080,126 ,1354,7,1361,1857,0,2,1,2,0,1,0,0.00,73.29 ,50
03,013,00,002,0081,127 ,1113,10,1123,1494,0,2,1,2,0,1,0,0.00,75.17 ,50
03,013,00,002,0081,128 ,918,15,933,1259,0,2,1,2,0,1,0,0.00,74.11 ,50
03,013,00,002,0081,129 ,1074,6,1080,1484,0,2,1,2,0,1,0,0.00,72.78 ,50
03,013,00,002,0082,130 ,1045,13,1058,1442,0,2,1,2,0,1,0,0.00,73.37 ,50
03,013,00,002,0083,131 ,973,12,985,1275,0,2,1,2,0,1,0,0.00,77.25 ,50
03,013,00,002,0084,132 ,551,7,558,756,0,2,1,2,0,1,0,0.00,73.81 ,50
03,013,00,002,0085,133 ,444,4,448,609,0,2,1,2,0,1,0,0.00,73.56 ,50
03,013,00,002,0086,134 ,1079,16,1095,1570,0,2,1,2,0,1,0,0.00,69.75 ,50
03,013,00,002,0087,135 ,1074,13,1087,1431,0,2,1,2,0,1,0,0.00,75.96 ,50
03,013,00,002,0088,136 ,1371,17,1388,1858,0,2,1,2,0,1,0,0.00,74.70 ,50
03,013,00,002,0089,137 ,1107,13,1120,1557,0,2,1,2,0,1,0,0.00,71.93 ,50
03,013,00,003,0090,138 ,876,4,880,1127,0,2,1,2,0,1,0,0.00,78.08 ,50
03,013,00,003,0090,139 ,957,3,960,1228,0,2,1,2,0,1,0,0.00,78.18 ,50
03,013,00,003,0091,140 ,415,2,417,560,0,2,1,2,0,1,0,0.00,74.46 ,50
03,013,00,003,0092,141 ,396,2,398,497,0,2,1,2,0,1,0,0.00,80.08 ,50
03,013,00,003,0093,142 ,572,3,575,775,0,2,1,2,0,1,0,0.00,74.19 ,50
03,013,00,003,0094,143 ,507,1,508,638,0,2,1,2,0,1,0,0.00,79.62 ,50
03,013,00,003,0095,144 ,1097,12,1109,1399,0,2,1,2,0,1,0,0.00,79.27 ,50
03,013,00,003,0095,145 ,1190,14,1204,1634,0,2,1,2,0,1,0,0.00,73.68 ,50
03,013,00,003,0095,146 ,1033,5,1038,1327,0,2,1,2,0,1,0,0.00,78.22 ,50
03,013,00,003,0096,147 ,543,12,555,704,0,2,1,2,0,1,0,0.00,78.84 ,50
03,013,00,003,0097,148 ,485,3,488,610,0,2,1,2,0,1,0,0.00,80.00 ,50
03,013,00,003,0098,149 ,942,9,951,1286,0,2,1,2,0,1,0,0.00,73.95 ,50
03,013,00,003,0098,150 ,516,3,519,656,0,2,1,2,0,1,0,0.00,79.12 ,50
03,013,00,003,0099,151 ,662,12,674,920,0,2,1,2,0,1,0,0.00,73.26 ,50
03,013,00,003,0100,152 ,1090,6,1096,1380,0,2,1,2,0,1,0,0.00,79.42 ,50
03,013,00,003,0101,153 ,543,3,546,726,0,2,1,2,0,1,0,0.00,75.21 ,50
03,013,00,003,0102,154 ,865,10,875,1204,0,2,1,2,0,1,0,0.00,72.67 ,50
03,013,00,003,0103,155 ,1345,12,1357,1840,0,2,1,2,0,1,0,0.00,73.75 ,50
03,013,00,003,0104,156 ,1703,19,1722,2320,0,2,1,2,0,1,0,0.00,74.22 ,50
03,013,00,003,0105,157 ,948,2,950,1286,0,2,1,2,0,1,0,0.00,73.87 ,50
03,013,00,003,0106,158 ,331,1,332,425,0,2,1,2,0,1,0,0.00,78.12 ,50
03,013,00,003,0106,159 ,775,1,776,1036,0,2,1,2,0,1,0,0.00,74.90 ,50
03,013,00,003,0107,160 ,1367,10,1377,1812,0,2,1,2,0,1,0,0.00,75.99 ,50
03,013,00,003,0107,161 ,664,6,670,928,0,2,1,2,0,1,0,0.00,72.20 ,50
03,013,00,003,0108,162 ,1300,16,1316,1724,0,2,1,2,0,1,0,0.00,76.33 ,50
03,013,00,003,0109,163 ,1141,16,1157,1537,0,2,1,2,0,1,0,0.00,75.28 ,50
03,013,00,003,0110,164 ,656,9,665,823,0,2,1,2,0,1,0,0.00,80.80 ,50
03,013,00,003,0111,165 ,590,4,594,760,0,2,1,2,0,1,0,0.00,78.16 ,50
03,013,00,003,0112,166 ,264,2,266,378,0,2,1,2,0,1,0,0.00,70.37 ,50
03,013,00,004,0113,167 ,725,6,731,1053,0,2,1,2,0,1,0,0.00,69.42 ,50
03,013,00,004,0114,168 ,1249,18,1267,1922,0,2,1,2,0,1,0,0.00,65.92 ,50
03,013,00,004,0115,169 ,809,9,818,1155,0,2,1,2,0,1,0,0.00,70.82 ,50
03,013,00,004,0116,170 ,1154,20,1174,1832,0,2,1,2,0,1,0,0.00,64.08 ,50
03,013,00,004,0116,171 ,848,12,860,1373,0,2,1,2,0,1,0,0.00,62.64 ,50
03,013,00,004,0117,172 ,828,9,837,1282,0,2,1,2,0,1,0,0.00,65.29 ,50
03,013,00,004,0117,173 ,741,11,752,1172,0,2,1,2,0,1,0,0.00,64.16 ,50
03,013,00,004,0118,174 ,480,5,485,792,0,2,1,2,0,1,0,0.00,61.24 ,50
03,013,00,004,0119,175 ,320,2,322,525,0,2,1,2,0,1,0,0.00,61.33 ,50
03,013,00,004,0120,176 ,278,7,285,512,0,2,1,2,0,1,0,0.00,55.66 ,50
03,013,00,004,0121,177 ,576,11,587,945,0,2,1,2,0,1,0,0.00,62.12 ,50
03,013,00,004,0122,178 ,365,6,371,544,0,2,1,2,0,1,0,0.00,68.20 ,50
03,013,00,004,0123,179 ,578,9,587,931,0,2,1,2,0,1,0,0.00,63.05 ,50
03,013,00,004,0124,180 ,912,13,925,1482,0,2,1,2,0,1,0,0.00,62.42 ,50
03,013,00,004,0125,181 ,1103,22,1125,1755,0,2,1,2,0,1,0,0.00,64.10 ,50
03,013,00,004,0126,182 ,838,19,857,1496,0,2,1,2,0,1,0,0.00,57.29 ,50
03,013,00,004,0127,183 ,815,12,827,1358,0,2,1,2,0,1,0,0.00,60.90 ,50
03,013,00,004,0128,184 ,808,11,819,1152,0,2,1,2,0,1,0,0.00,71.09 ,50
03,013,00,004,0129,185 ,678,10,688,1053,0,2,1,2,0,1,0,0.00,65.34 ,50
03,013,00,005,0130,186 ,898,15,913,1188,0,2,1,2,0,1,0,0.00,76.85 ,50
03,013,00,005,0131,187 ,997,12,1009,1252,0,2,1,2,0,1,0,0.00,80.59 ,50
03,013,00,005,0132,188 ,1239,9,1248,1631,0,2,1,2,0,1,0,0.00,76.52 ,50
03,013,00,005,0133,189 ,628,3,631,781,0,2,1,2,0,1,0,0.00,80.79 ,50
03,013,00,005,0134,190 ,830,12,842,1030,0,2,1,2,0,1,0,0.00,81.75 ,50
03,013,00,005,0135,191 ,813,7,820,1021,0,2,1,2,0,1,0,0.00,80.31 ,50
03,013,00,005,0136,192 ,468,4,472,590,0,2,1,2,0,1,0,0.00,80.00 ,50
03,013,00,005,0137,193 ,1155,13,1168,1511,0,2,1,2,0,1,0,0.00,77.30 ,50
03,013,00,005,0138,194 ,994,14,1008,1290,0,2,1,2,0,1,0,0.00,78.14 ,50
03,013,00,005,0139,195 ,999,9,1008,1233,0,2,1,2,0,1,0,0.00,81.75 ,50
03,013,00,005,0140,196 ,582,3,585,721,0,2,1,2,0,1,0,0.00,81.14 ,50
03,013,00,005,0141,197 ,798,11,809,958,0,2,1,2,0,1,0,0.00,84.45 ,50
03,013,00,005,0142,198 ,876,10,886,1101,0,2,1,2,0,1,0,0.00,80.47 ,50
03,013,00,005,0143,199 ,1094,12,1106,1373,0,2,1,2,0,1,0,0.00,80.55 ,50
03,013,00,005,0144,200 ,1412,18,1430,1728,0,2,1,2,0,1,0,0.00,82.75 ,50
03,013,00,005,0145,201 ,1332,15,1347,1715,0,2,1,2,0,1,0,0.00,78.54 ,50
03,013,00,005,0146,202 ,388,8,396,484,0,2,1,2,0,1,0,0.00,81.82 ,50
03,013,00,005,0147,203 ,596,27,623,760,0,2,1,2,0,1,0,0.00,81.97 ,50
03,013,00,005,0148,204 ,870,9,879,1066,0,2,1,2,0,1,0,0.00,82.46 ,50
03,013,00,005,0149,205 ,265,8,273,353,0,2,1,2,0,1,0,0.00,77.34 ,50
03,013,00,005,0150,206 ,988,8,996,1277,0,2,1,2,0,1,0,0.00,78.00 ,50
03,013,00,005,0151,207 ,1032,15,1047,1383,0,2,1,2,0,1,0,0.00,75.70 ,50
03,013,00,005,0152,208 ,1287,16,1303,1640,0,2,1,2,0,1,0,0.00,79.45 ,50
03,013,00,005,0153,209 ,1188,13,1201,1521,0,2,1,2,0,1,0,0.00,78.96 ,50
03,013,00,005,0154,210 ,1446,16,1462,1831,0,2,1,2,0,1,0,0.00,79.85 ,50
03,013,00,005,0155,211 ,975,7,982,1210,0,2,1,2,0,1,0,0.00,81.16 ,50
03,013,00,005,0156,212 ,573,7,580,702,0,2,1,2,0,1,0,0.00,82.62 ,50
03,013,00,005,0157,213 ,365,2,367,462,0,2,1,2,0,1,0,0.00,79.44 ,50
03,013,00,005,0158,214 ,335,2,337,419,0,2,1,2,0,1,0,0.00,80.43 ,50
03,013,00,005,0159,215 ,1304,10,1314,1647,0,2,1,2,0,1,0,0.00,79.78 ,50
03,013,00,005,0159,216 ,1145,12,1157,1456,0,2,1,2,0,1,0,0.00,79.46 ,50
03,013,00,006,0160,217 ,641,5,646,872,0,2,1,2,0,1,0,0.00,74.08 ,50
03,013,00,006,0160,218 ,733,8,741,965,0,2,1,2,0,1,0,0.00,76.79 ,50
03,013,00,006,0161,219 ,722,8,730,947,0,2,1,2,0,1,0,0.00,77.09 ,50
03,013,00,006,0161,220 ,955,10,965,1280,0,2,1,2,0,1,0,0.00,75.39 ,50
03,013,00,006,0162,221 ,1115,17,1132,1412,0,2,1,2,0,1,0,0.00,80.17 ,50
03,013,00,006,0163,222 ,1028,16,1044,1330,0,2,1,2,0,1,0,0.00,78.50 ,50
03,013,00,006,0164,223 ,705,3,708,925,0,2,1,2,0,1,0,0.00,76.54 ,50
03,013,00,006,0165,224 ,1050,7,1057,1356,0,2,1,2,0,1,0,0.00,77.95 ,50
03,013,00,006,0166,225 ,768,11,779,996,0,2,1,2,0,1,0,0.00,78.21 ,50
03,013,00,006,0167,226 ,552,13,565,736,0,2,1,2,0,1,0,0.00,76.77 ,50
03,013,00,006,0168,227 ,1068,6,1074,1347,0,2,1,2,0,1,0,0.00,79.73 ,50
03,013,00,006,0169,228 ,657,14,671,820,0,2,1,2,0,1,0,0.00,81.83 ,50
03,013,00,006,0170,229 ,820,11,831,1026,0,2,1,2,0,1,0,0.00,80.99 ,50
03,013,00,006,0171,230 ,871,9,880,1221,0,2,1,2,0,1,0,0.00,72.07 ,50
03,013,00,006,0172,231 ,1136,14,1150,1546,0,2,1,2,0,1,0,0.00,74.39 ,50
03,013,00,006,0173,232 ,721,9,730,957,0,2,1,2,0,1,0,0.00,76.28 ,50
03,013,00,006,0174,233 ,861,8,869,1114,0,2,1,2,0,1,0,0.00,78.01 ,50
03,013,00,006,0174,234 ,679,12,691,916,0,2,1,2,0,1,0,0.00,75.44 ,50
03,013,00,006,0175,235 ,443,2,445,550,0,2,1,2,0,1,0,0.00,80.91 ,50
03,013,00,007,0176,236 ,1217,7,1224,1601,0,2,1,2,0,1,0,0.00,76.45 ,50
03,013,00,007,0177,237 ,592,4,596,761,0,2,1,2,0,1,0,0.00,78.32 ,50
03,013,00,007,0178,238 ,1109,8,1117,1433,0,2,1,2,0,1,0,0.00,77.95 ,50
03,013,00,007,0179,239 ,833,9,842,1056,0,2,1,2,0,1,0,0.00,79.73 ,50
03,013,00,007,0179,240 ,760,2,762,963,0,2,1,2,0,1,0,0.00,79.13 ,50
03,013,00,007,0180,241 ,803,6,809,982,0,2,1,2,0,1,0,0.00,82.38 ,50
03,013,00,007,0181,242 ,562,3,565,702,0,2,1,2,0,1,0,0.00,80.48 ,50
03,013,00,007,0182,243 ,541,3,544,690,0,2,1,2,0,1,0,0.00,78.84 ,50
03,013,00,008,0183,244 ,1178,11,1189,1487,0,2,1,2,0,1,0,0.00,79.96 ,50
03,013,00,008,0184,245 ,938,10,948,1187,0,2,1,2,0,1,0,0.00,79.87 ,50
03,013,00,008,0185,246 ,991,10,1001,1311,0,2,1,2,0,1,0,0.00,76.35 ,50
03,013,00,008,0186,247 ,918,7,925,1168,0,2,1,2,0,1,0,0.00,79.20 ,50
03,013,00,008,0187,248 ,1027,19,1046,1351,0,2,1,2,0,1,0,0.00,77.42 ,50
03,013,00,008,0188,249 ,474,4,478,608,0,2,1,2,0,1,0,0.00,78.62 ,50
03,013,00,008,0188,250 ,1167,10,1177,1503,0,2,1,2,0,1,0,0.00,78.31 ,50
03,013,00,008,0188,251 ,631,6,637,835,0,2,1,2,0,1,0,0.00,76.29 ,50
03,013,00,008,0189,252 ,720,7,727,912,0,2,1,2,0,1,0,0.00,79.71 ,50
03,013,00,008,0190,253 ,829,8,837,1115,0,2,1,2,0,1,0,0.00,75.07 ,50
03,013,00,008,0191,254 ,1195,13,1208,1539,0,2,1,2,0,1,0,0.00,78.49 ,50
03,013,00,008,0192,255 ,854,6,860,1082,0,2,1,2,0,1,0,0.00,79.48 ,50
03,013,00,008,0193,256 ,901,18,919,1202,0,2,1,2,0,1,0,0.00,76.46 ,50
03,013,00,009,0194,257 ,1342,15,1357,1719,0,2,1,2,0,1,0,0.00,78.94 ,50
03,013,00,009,0195,258 ,901,3,904,1104,0,2,1,2,0,1,0,0.00,81.88 ,50
03,013,00,009,0196,259 ,637,3,640,809,0,2,1,2,0,1,0,0.00,79.11 ,50
03,013,00,009,0197,260 ,866,5,871,1124,0,2,1,2,0,1,0,0.00,77.49 ,50
03,013,00,009,0198,261 ,1116,9,1125,1517,0,2,1,2,0,1,0,0.00,74.16 ,50
03,013,00,009,0199,262 ,832,7,839,1080,0,2,1,2,0,1,0,0.00,77.69 ,50
03,013,00,009,0200,263 ,997,11,1008,1261,0,2,1,2,0,1,0,0.00,79.94 ,50
03,013,00,009,0201,264 ,914,8,922,1244,0,2,1,2,0,1,0,0.00,74.12 ,50
03,013,00,009,0202,265 ,328,7,335,421,0,2,1,2,0,1,0,0.00,79.57 ,50
03,013,00,009,0202,266 ,896,6,902,1154,0,2,1,2,0,1,0,0.00,78.16 ,50
03,013,00,009,0203,267 ,756,11,767,973,0,2,1,2,0,1,0,0.00,78.83 ,50
03,013,00,009,0203,268 ,958,17,975,1244,0,2,1,2,0,1,0,0.00,78.38 ,50
03,013,00,009,0204,269 ,1138,16,1154,1506,0,2,1,2,0,1,0,0.00,76.63 ,50
03,013,00,009,0204,270 ,441,13,454,589,0,2,1,2,0,1,0,0.00,77.08 ,50
03,013,00,009,0205,271 ,643,5,648,873,0,2,1,2,0,1,0,0.00,74.23 ,50
03,013,00,009,0205,272 ,633,7,640,862,0,2,1,2,0,1,0,0.00,74.25 ,50
03,013,00,009,0206,273 ,557,12,569,787,0,2,1,2,0,1,0,0.00,72.30 ,50
03,013,00,009,0207,274 ,407,8,415,508,0,2,1,2,0,1,0,0.00,81.69 ,50
03,013,00,010,0208,275 ,1228,20,1248,1550,0,2,1,2,0,1,0,0.00,80.52 ,50
03,013,00,010,0209,276 ,1666,26,1692,2171,0,2,1,2,0,1,0,0.00,77.94 ,50
03,013,00,010,0210,277 ,1080,12,1092,1451,0,2,1,2,0,1,0,0.00,75.26 ,50
03,013,00,010,0211,278 ,732,5,737,867,0,2,1,2,0,1,0,0.00,85.01 ,50
03,013,00,010,0212,279 ,1853,33,1886,2490,0,2,1,2,0,1,0,0.00,75.74 ,50
03,013,00,010,0213,280 ,1308,22,1330,1872,0,2,1,2,0,1,0,0.00,71.05 ,50
03,013,00,010,0214,281 ,629,12,641,817,0,2,1,2,0,1,0,0.00,78.46 ,50
03,013,00,010,0215,282 ,1934,12,1946,2630,0,2,1,2,0,1,0,0.00,73.99 ,50
03,013,00,010,0216,283 ,762,16,778,1006,0,2,1,2,0,1,0,0.00,77.34 ,50
03,013,00,010,0216,284 ,1299,13,1312,1786,0,2,1,2,0,1,0,0.00,73.46 ,50
03,013,00,010,0217,285 ,684,9,693,902,0,2,1,2,0,1,0,0.00,76.83 ,50
03,013,00,010,0218,286 ,1052,15,1067,1343,0,2,1,2,0,1,0,0.00,79.45 ,50
03,013,00,010,0219,287 ,445,12,457,584,0,2,1,2,0,1,0,0.00,78.25 ,50
03,013,00,011,0220,288 ,739,3,742,983,0,2,1,2,0,1,0,0.00,75.48 ,50
03,013,00,011,0220,289 ,865,9,874,1195,0,2,1,2,0,1,0,0.00,73.14 ,50
03,013,00,011,0221,290 ,995,7,1002,1354,0,2,1,2,0,1,0,0.00,74.00 ,50
03,013,00,011,0222,291 ,604,7,611,869,0,2,1,2,0,1,0,0.00,70.31 ,50
03,013,00,011,0223,292 ,470,7,477,693,0,2,1,2,0,1,0,0.00,68.83 ,50
03,013,00,011,0224,293 ,715,7,722,966,0,2,1,2,0,1,0,0.00,74.74 ,50
03,013,00,011,0225,294 ,824,15,839,1240,0,2,1,2,0,1,0,0.00,67.66 ,50
03,013,00,011,0226,295 ,516,8,524,752,0,2,1,2,0,1,0,0.00,69.68 ,50
03,013,00,011,0227,296 ,636,9,645,899,0,2,1,2,0,1,0,0.00,71.75 ,50
03,013,00,011,0228,297 ,540,7,547,750,0,2,1,2,0,1,0,0.00,72.93 ,50
03,013,00,011,0229,298 ,1003,14,1017,1378,0,2,1,2,0,1,0,0.00,73.80 ,50
03,013,00,011,0230,299 ,1021,9,1030,1558,0,2,1,2,0,1,0,0.00,66.11 ,50
03,013,00,011,0231,300 ,668,8,676,1013,0,2,1,2,0,1,0,0.00,66.73 ,50
03,013,00,011,0231,301 ,656,13,669,1024,0,2,1,2,0,1,0,0.00,65.33 ,50
03,013,00,011,0232,302 ,871,7,878,1234,0,2,1,2,0,1,0,0.00,71.15 ,50
03,013,00,011,0233,303 ,695,12,707,995,0,2,1,2,0,1,0,0.00,71.06 ,50
03,013,00,011,0234,304 ,720,12,732,1034,0,2,1,2,0,1,0,0.00,70.79 ,50
03,013,00,011,0235,305 ,708,9,717,1030,0,2,1,2,0,1,0,0.00,69.61 ,50
03,013,00,011,0236,306 ,843,14,857,1141,0,2,1,2,0,1,0,0.00,75.11 ,50
03,013,00,011,0237,307 ,519,11,530,723,0,2,1,2,0,1,0,0.00,73.31 ,50
03,013,00,011,0237,308 ,453,6,459,674,0,2,1,2,0,1,0,0.00,68.10 ,50
03,013,00,011,0238,309 ,1031,10,1041,1424,0,2,1,2,0,1,0,0.00,73.10 ,50
03,013,00,012,0239,310 ,937,1,938,1242,0,2,1,2,0,1,0,0.00,75.52 ,50
03,013,00,012,0240,311 ,632,1,633,822,0,2,1,2,0,1,0,0.00,77.01 ,50
03,013,00,012,0241,312 ,1018,13,1031,1382,0,2,1,2,0,1,0,0.00,74.60 ,50
03,013,00,012,0242,313 ,731,4,735,931,0,2,1,2,0,1,0,0.00,78.95 ,50
03,013,00,012,0243,314 ,414,3,417,532,0,2,1,2,0,1,0,0.00,78.38 ,50
03,013,00,012,0244,315 ,980,4,984,1319,0,2,1,2,0,1,0,0.00,74.60 ,50
03,013,00,012,0245,316 ,922,8,930,1157,0,2,1,2,0,1,0,0.00,80.38 ,50
03,013,00,012,0246,317 ,1140,12,1152,1544,0,2,1,2,0,1,0,0.00,74.61 ,50
03,013,00,012,0247,318 ,1114,21,1135,1664,0,2,1,2,0,1,0,0.00,68.21 ,50
03,013,00,012,0248,319 ,1403,20,1423,1889,0,2,1,2,0,1,0,0.00,75.33 ,50
03,013,00,012,0249,320 ,1125,14,1139,1549,0,2,1,2,0,1,0,0.00,73.53 ,50
03,013,00,012,0250,321 ,1146,6,1152,1438,0,2,1,2,0,1,0,0.00,80.11 ,50
03,013,00,012,0251,322 ,804,6,810,1128,0,2,1,2,0,1,0,0.00,71.81 ,50
03,013,00,012,0252,323 ,450,5,455,650,0,2,1,2,0,1,0,0.00,70.00 ,50
03,013,00,012,0252,324 ,418,9,427,613,0,2,1,2,0,1,0,0.00,69.66 ,50
03,013,00,013,0253,325 ,995,9,1004,1326,0,2,1,2,0,1,0,0.00,75.72 ,50
03,013,00,013,0253,326 ,1243,8,1251,1685,0,2,1,2,0,1,0,0.00,74.24 ,50
03,013,00,013,0254,327 ,936,5,941,1308,0,2,1,2,0,1,0,0.00,71.94 ,50
03,013,00,013,0254,328 ,1033,9,1042,1375,0,2,1,2,0,1,0,0.00,75.78 ,50
03,013,00,013,0255,329 ,1091,4,1095,1346,0,2,1,2,0,1,0,0.00,81.35 ,50
03,013,00,013,0256,330 ,432,3,435,584,0,2,1,2,0,1,0,0.00,74.49 ,50
03,013,00,013,0257,331 ,742,7,749,971,0,2,1,2,0,1,0,0.00,77.14 ,50
03,013,00,013,0257,332 ,715,4,719,948,0,2,1,2,0,1,0,0.00,75.84 ,50
03,013,00,013,0258,333 ,1275,9,1284,1647,0,2,1,2,0,1,0,0.00,77.96 ,50
03,013,00,013,0259,334 ,774,5,779,990,0,2,1,2,0,1,0,0.00,78.69 ,50
03,013,00,013,0259,335 ,917,9,926,1212,0,2,1,2,0,1,0,0.00,76.40 ,50
03,013,00,013,0259,336 ,1075,11,1086,1454,0,2,1,2,0,1,0,0.00,74.69 ,50
03,013,00,013,0260,337 ,811,7,818,1090,0,2,1,2,0,1,0,0.00,75.05 ,50
03,013,00,013,0260,338 ,851,13,864,1140,0,2,1,2,0,1,0,0.00,75.79 ,50
03,013,00,013,0261,339 ,1301,10,1311,1672,0,2,1,2,0,1,0,0.00,78.41 ,50
03,013,00,013,0262,340 ,674,4,678,882,0,2,1,2,0,1,0,0.00,76.87 ,50
03,013,00,013,0262,341 ,810,6,816,1026,0,2,1,2,0,1,0,0.00,79.53 ,50
03,013,00,013,0263,342 ,1024,6,1030,1373,0,2,1,2,0,1,0,0.00,75.02 ,50
03,013,00,013,0264,343 ,959,10,969,1233,0,2,1,2,0,1,0,0.00,78.59 ,50
03,013,00,013,0264,344 ,1276,11,1287,1698,0,2,1,2,0,1,0,0.00,75.80 ,50
03,013,00,013,0265,345 ,706,5,711,903,0,2,1,2,0,1,0,0.00,78.74 ,50
03,013,00,013,0266,346 ,761,7,768,977,0,2,1,2,0,1,0,0.00,78.61 ,50
03,013,00,013,0267,347 ,749,5,754,1092,0,2,1,2,0,1,0,0.00,69.05 ,50
03,013,00,013,0267,348 ,764,10,774,1179,0,2,1,2,0,1,0,0.00,65.65 ,50
03,013,00,013,0268,349 ,987,9,996,1342,0,2,1,2,0,1,0,0.00,74.22 ,50
03,013,00,013,0269,350 ,980,8,988,1328,0,2,1,2,0,1,0,0.00,74.40 ,50
03,013,00,013,0269,351 ,836,9,845,1185,0,2,1,2,0,1,0,0.00,71.31 ,50
03,013,00,013,0270,352 ,183,1,184,243,0,2,1,2,0,1,0,0.00,75.72 ,50
03,013,00,013,0270,353 ,1016,13,1029,1436,0,2,1,2,0,1,0,0.00,71.66 ,50
03,013,00,013,0270,354 ,725,11,736,1013,0,2,1,2,0,1,0,0.00,72.66 ,50
03,013,00,013,0271,355 ,480,7,487,672,0,2,1,2,0,1,0,0.00,72.47 ,50
03,013,00,013,0271,356 ,1166,25,1191,1625,0,2,1,2,0,1,0,0.00,73.29 ,50
03,013,00,013,0272,357 ,1244,19,1263,1711,0,2,1,2,0,1,0,0.00,73.82 ,50
03,013,00,013,0273,358 ,804,6,810,1103,0,2,1,2,0,1,0,0.00,73.44 ,50
03,013,00,013,0273,359 ,770,17,787,1054,0,2,1,2,0,1,0,0.00,74.67 ,50
03,013,00,013,0274,360 ,814,13,827,1246,0,2,1,2,0,1,0,0.00,66.37 ,50
03,013,00,013,0275,361 ,612,8,620,903,0,2,1,2,0,1,0,0.00,68.66 ,50
03,013,00,014,0276,362 ,1110,4,1114,1407,0,2,1,2,0,1,0,0.00,79.18 ,50
03,013,00,014,0277,363 ,659,13,672,871,0,2,1,2,0,1,0,0.00,77.15 ,50
03,013,00,014,0278,364 ,514,7,521,661,0,2,1,2,0,1,0,0.00,78.82 ,50
03,013,00,014,0279,365 ,436,7,443,571,0,2,1,2,0,1,0,0.00,77.58 ,50
03,013,00,014,0280,366 ,999,4,1003,1294,0,2,1,2,0,1,0,0.00,77.51 ,50
03,013,00,014,0281,367 ,742,6,748,972,0,2,1,2,0,1,0,0.00,76.95 ,50
03,013,00,014,0282,368 ,450,4,454,613,0,2,1,2,0,1,0,0.00,74.06 ,50
03,013,00,014,0283,369 ,367,3,370,462,0,2,1,2,0,1,0,0.00,80.09 ,50
03,013,00,014,0284,370 ,1040,7,1047,1345,0,2,1,2,0,1,0,0.00,77.84 ,50
03,013,00,014,0284,371 ,979,3,982,1250,0,2,1,2,0,1,0,0.00,78.56 ,50
03,013,00,014,0285,372 ,338,2,340,428,0,2,1,2,0,1,0,0.00,79.44 ,50
03,013,00,014,0286,373 ,413,3,416,532,0,2,1,2,0,1,0,0.00,78.20 ,50
03,013,00,014,0287,374 ,502,2,504,634,0,2,1,2,0,1,0,0.00,79.50 ,50
03,013,00,014,0288,375 ,845,9,854,1146,0,2,1,2,0,1,0,0.00,74.52 ,50
03,013,00,014,0289,376 ,876,6,882,1092,0,2,1,2,0,1,0,0.00,80.77 ,50
03,013,00,014,0290,377 ,724,10,734,936,0,2,1,2,0,1,0,0.00,78.42 ,50
03,013,00,015,0291,378 ,1408,5,1413,1932,0,2,1,2,0,1,0,0.00,73.14 ,50
03,013,00,015,0292,379 ,912,6,918,1262,0,2,1,2,0,1,0,0.00,72.74 ,50
03,013,00,015,0293,380 ,827,8,835,1098,0,2,1,2,0,1,0,0.00,76.05 ,50
03,013,00,015,0294,381 ,580,11,591,804,0,2,1,2,0,1,0,0.00,73.51 ,50
03,013,00,015,0295,382 ,726,14,740,1050,0,2,1,2,0,1,0,0.00,70.48 ,50
03,013,00,015,0295,383 ,461,4,465,650,0,2,1,2,0,1,0,0.00,71.54 ,50
03,013,00,015,0296,384 ,925,7,932,1333,0,2,1,2,0,1,0,0.00,69.92 ,50
03,013,00,015,0297,385 ,356,2,358,532,0,2,1,2,0,1,0,0.00,67.29 ,50
03,013,00,015,0297,386 ,383,4,387,540,0,2,1,2,0,1,0,0.00,71.67 ,50
03,013,00,016,0298,387 ,1027,11,1038,1429,0,2,1,2,0,1,0,0.00,72.64 ,50
03,013,00,016,0299,388 ,613,11,624,822,0,2,1,2,0,1,0,0.00,75.91 ,50
03,013,00,016,0300,389 ,716,8,724,1006,0,2,1,2,0,1,0,0.00,71.97 ,50
03,013,00,016,0301,390 ,531,9,540,756,0,2,1,2,0,1,0,0.00,71.43 ,50
03,013,00,016,0302,391 ,1379,7,1386,1840,0,2,1,2,0,1,0,0.00,75.33 ,50
03,013,00,016,0303,392 ,1404,5,1409,1954,0,2,1,2,0,1,0,0.00,72.11 ,50
03,013,00,016,0303,393 ,1001,11,1012,1436,0,2,1,2,0,1,0,0.00,70.47 ,50
03,013,00,016,0304,394 ,1447,8,1455,1922,0,2,1,2,0,1,0,0.00,75.70 ,50
03,013,00,016,0305,395 ,1300,11,1311,1713,0,2,1,2,0,1,0,0.00,76.53 ,50
03,013,00,016,0306,396 ,836,4,840,1093,0,2,1,2,0,1,0,0.00,76.85 ,50
03,013,00,016,0306,397 ,866,5,871,1140,0,2,1,2,0,1,0,0.00,76.40 ,50
03,013,00,016,0307,398 ,507,5,512,816,0,2,1,2,0,1,0,0.00,62.75 ,50
03,013,00,016,0308,399 ,689,11,700,1053,0,2,1,2,0,1,0,0.00,66.48 ,50
03,013,00,016,0309,400 ,892,9,901,1118,0,2,1,2,0,1,0,0.00,80.59 ,50
03,013,00,016,0309,401 ,1149,8,1157,1503,0,2,1,2,0,1,0,0.00,76.98 ,50
03,013,00,016,0310,402 ,432,0,432,556,0,2,1,2,0,1,0,0.00,77.70 ,50
03,013,00,016,0311,403 ,648,7,655,936,0,2,1,2,0,1,0,0.00,69.98 ,50
03,013,00,016,0312,404 ,303,1,304,435,0,2,1,2,0,1,0,0.00,69.89 ,50
03,013,00,017,0313,405 ,1228,14,1242,1515,0,2,1,2,0,1,0,0.00,81.98 ,50
03,013,00,017,0314,406 ,752,10,762,958,0,2,1,2,0,1,0,0.00,79.54 ,50
03,013,00,017,0314,407 ,908,9,917,1165,0,2,1,2,0,1,0,0.00,78.71 ,50
03,013,00,017,0315,408 ,1496,12,1508,1867,0,2,1,2,0,1,0,0.00,80.77 ,50
03,013,00,017,0316,409 ,546,1,547,662,0,2,1,2,0,1,0,0.00,82.63 ,50
03,013,00,017,0317,410 ,612,5,617,757,0,2,1,2,0,1,0,0.00,81.51 ,50
03,013,00,017,0318,411 ,997,9,1006,1200,0,2,1,2,0,1,0,0.00,83.83 ,50
03,013,00,017,0318,412 ,834,6,840,964,0,2,1,2,0,1,0,0.00,87.14 ,50
03,013,00,017,0319,413 ,1617,18,1635,1914,0,2,1,2,0,1,0,0.00,85.42 ,50
03,013,00,017,0320,414 ,847,11,858,1056,0,2,1,2,0,1,0,0.00,81.25 ,50
03,013,00,017,0320,415 ,837,7,844,1061,0,2,1,2,0,1,0,0.00,79.55 ,50
03,013,00,017,0321,416 ,1332,5,1337,1696,0,2,1,2,0,1,0,0.00,78.83 ,50
03,013,00,017,0321,417 ,757,12,769,1071,0,2,1,2,0,1,0,0.00,71.80 ,50
03,013,00,017,0322,418 ,966,7,973,1222,0,2,1,2,0,1,0,0.00,79.62 ,50
03,013,00,017,0323,419 ,1539,8,1547,1976,0,2,1,2,0,1,0,0.00,78.29 ,50
03,013,00,017,0324,420 ,1230,10,1240,1621,0,2,1,2,0,1,0,0.00,76.50 ,50
03,013,00,017,0325,421 ,1017,9,1026,1335,0,2,1,2,0,1,0,0.00,76.85 ,50
03,013,00,017,0326,422 ,1496,19,1515,1925,0,2,1,2,0,1,0,0.00,78.70 ,50
03,013,00,017,0326,423 ,1202,14,1216,1643,0,2,1,2,0,1,0,0.00,74.01 ,50
03,013,00,017,0327,424 ,837,9,846,1031,0,2,1,2,0,1,0,0.00,82.06 ,50
03,013,00,017,0327,425 ,856,8,864,1097,0,2,1,2,0,1,0,0.00,78.76 ,50
03,013,00,018,0328,426 ,1393,11,1404,1710,0,2,1,2,0,1,0,0.00,82.11 ,50
03,013,00,018,0329,427 ,1027,10,1037,1394,0,2,1,2,0,1,0,0.00,74.39 ,50
03,013,00,018,0330,428 ,719,10,729,965,0,2,1,2,0,1,0,0.00,75.54 ,50
03,013,00,018,0331,429 ,802,5,807,1010,0,2,1,2,0,1,0,0.00,79.90 ,50
03,013,00,018,0332,430 ,633,7,640,791,0,2,1,2,0,1,0,0.00,80.91 ,50
03,013,00,018,0333,431 ,1059,14,1073,1411,0,2,1,2,0,1,0,0.00,76.05 ,50
03,013,00,018,0334,432 ,524,6,530,661,0,2,1,2,0,1,0,0.00,80.18 ,50
03,013,00,018,0335,433 ,1246,10,1256,1645,0,2,1,2,0,1,0,0.00,76.35 ,50
03,013,00,019,0336,434 ,1078,11,1089,1391,0,2,1,2,0,1,0,0.00,78.29 ,50
03,013,00,019,0337,435 ,1219,11,1230,1630,0,2,1,2,0,1,0,0.00,75.46 ,50
03,013,00,019,0338,436 ,708,5,713,900,0,2,1,2,0,1,0,0.00,79.22 ,50
03,013,00,019,0339,437 ,1168,5,1173,1522,0,2,1,2,0,1,0,0.00,77.07 ,50
03,013,00,019,0340,438 ,1073,12,1085,1410,0,2,1,2,0,1,0,0.00,76.95 ,50
03,013,00,019,0340,439 ,1160,9,1169,1556,0,2,1,2,0,1,0,0.00,75.13 ,50
03,013,00,019,0341,440 ,661,8,669,889,0,2,1,2,0,1,0,0.00,75.25 ,50
03,013,00,019,0342,441 ,869,12,881,1276,0,2,1,2,0,1,0,0.00,69.04 ,50
03,013,00,019,0343,442 ,1293,20,1313,1731,0,2,1,2,0,1,0,0.00,75.85 ,50
03,013,00,019,0344,443 ,1213,12,1225,1549,0,2,1,2,0,1,0,0.00,79.08 ,50
03,013,00,019,0344,444 ,985,10,995,1315,0,2,1,2,0,1,0,0.00,75.67 ,50
03,013,00,019,0345,445 ,846,15,861,1163,0,2,1,2,0,1,0,0.00,74.03 ,50
03,013,00,020,0346,446 ,1338,7,1345,1723,0,2,1,2,0,1,0,0.00,78.06 ,50
03,013,00,020,0347,447 ,771,4,775,986,0,2,1,2,0,1,0,0.00,78.60 ,50
03,013,00,020,0348,448 ,455,1,456,602,0,2,1,2,0,1,0,0.00,75.75 ,50
03,013,00,020,0349,449 ,599,6,605,756,0,2,1,2,0,1,0,0.00,80.03 ,50
03,013,00,020,0350,450 ,778,4,782,1049,0,2,1,2,0,1,0,0.00,74.55 ,50
03,013,00,020,0351,451 ,765,10,775,1000,0,2,1,2,0,1,0,0.00,77.50 ,50
03,013,00,020,0352,452 ,799,13,812,1071,0,2,1,2,0,1,0,0.00,75.82 ,50
03,013,00,020,0353,453 ,801,12,813,1091,0,2,1,2,0,1,0,0.00,74.52 ,50
03,013,00,020,0354,454 ,647,5,652,888,0,2,1,2,0,1,0,0.00,73.42 ,50
03,013,00,020,0355,455 ,470,3,473,608,0,2,1,2,0,1,0,0.00,77.80 ,50
03,013,00,021,0356,456 ,1132,13,1145,1511,0,2,1,2,0,1,0,0.00,75.78 ,50
03,013,00,021,0357,457 ,1348,15,1363,1797,0,2,1,2,0,1,0,0.00,75.85 ,50
03,013,00,021,0358,458 ,726,10,736,988,0,2,1,2,0,1,0,0.00,74.49 ,50
03,013,00,021,0359,459 ,1221,16,1237,1706,0,2,1,2,0,1,0,0.00,72.51 ,50
03,013,00,021,0360,460 ,1334,15,1349,1844,0,2,1,2,0,1,0,0.00,73.16 ,50
03,013,00,021,0361,461 ,729,8,737,1024,0,2,1,2,0,1,0,0.00,71.97 ,50
03,013,00,021,0361,462 ,893,8,901,1191,0,2,1,2,0,1,0,0.00,75.65 ,50
03,013,00,021,0362,463 ,860,11,871,1195,0,2,1,2,0,1,0,0.00,72.89 ,50
03,013,00,021,0363,464 ,662,10,672,900,0,2,1,2,0,1,0,0.00,74.67 ,50
03,013,00,021,0364,465 ,931,9,940,1221,0,2,1,2,0,1,0,0.00,76.99 ,50
03,013,00,021,0365,466 ,743,9,752,950,0,2,1,2,0,1,0,0.00,79.16 ,50
03,013,00,021,0366,467 ,767,11,778,1087,0,2,1,2,0,1,0,0.00,71.57 ,50
03,013,00,021,0367,468 ,1584,17,1601,2107,0,2,1,2,0,1,0,0.00,75.98 ,50
03,013,00,022,0368,469 ,950,10,960,1650,0,2,1,2,0,1,0,0.00,58.18 ,50
03,013,00,022,0369,470 ,572,8,580,966,0,2,1,2,0,1,0,0.00,60.04 ,50
03,013,00,022,0370,471 ,442,6,448,757,0,2,1,2,0,1,0,0.00,59.18 ,50
03,013,00,022,0371,472 ,744,12,756,1327,0,2,1,2,0,1,0,0.00,56.97 ,50
03,013,00,022,0372,473 ,538,7,545,1021,0,2,1,2,0,1,0,0.00,53.38 ,50
03,013,00,022,0373,474 ,488,12,500,944,0,2,1,2,0,1,0,0.00,52.97 ,50
03,013,00,022,0374,475 ,673,7,680,1200,0,2,1,2,0,1,0,0.00,56.67 ,50
03,013,00,022,0375,476 ,368,12,380,675,0,2,1,2,0,1,0,0.00,56.30 ,50
03,013,00,023,0376,477 ,947,20,967,1404,0,2,1,2,0,1,0,0.00,68.87 ,50
03,013,00,023,0377,478 ,401,6,407,589,0,2,1,2,0,1,0,0.00,69.10 ,50
03,013,00,023,0378,479 ,510,8,518,798,0,2,1,2,0,1,0,0.00,64.91 ,50
03,013,00,023,0379,480 ,536,11,547,878,0,2,1,2,0,1,0,0.00,62.30 ,50
03,013,00,023,0380,481 ,273,4,277,455,0,2,1,2,0,1,0,0.00,60.88 ,50
03,013,00,023,0381,482 ,659,10,669,1104,0,2,1,2,0,1,0,0.00,60.60 ,50
03,013,00,023,0382,483 ,886,11,897,1499,0,2,1,2,0,1,0,0.00,59.84 ,50
03,013,00,023,0383,484 ,297,3,300,445,0,2,1,2,0,1,0,0.00,67.42 ,50
03,013,00,023,0384,485 ,288,6,294,447,0,2,1,2,0,1,0,0.00,65.77 ,50
03,013,00,023,0385,486 ,310,18,328,548,0,2,1,2,0,1,0,0.00,59.85 ,50
03,013,00,023,0386,487 ,333,6,339,532,0,2,1,2,0,1,0,0.00,63.72 ,50
03,013,00,024,0387,488 ,918,14,932,1535,0,2,1,2,0,1,0,0.00,60.72 ,50
03,013,00,024,0388,489 ,210,6,216,373,0,2,1,2,0,1,0,0.00,57.91 ,50
03,013,00,024,0389,490 ,774,15,789,1315,0,2,1,2,0,1,0,0.00,60.00 ,50
03,013,00,024,0390,491 ,700,12,712,1145,0,2,1,2,0,1,0,0.00,62.18 ,50
03,013,00,024,0391,492 ,271,0,271,479,0,2,1,2,0,1,0,0.00,56.58 ,50
03,013,00,024,0392,493 ,789,17,806,1409,0,2,1,2,0,1,0,0.00,57.20 ,50
03,013,00,024,0393,494 ,146,1,147,246,0,2,1,2,0,1,0,0.00,59.76 ,50
03,013,00,024,0394,495 ,217,2,219,328,0,2,1,2,0,1,0,0.00,66.77 ,50
03,013,00,025,0395,496 ,685,7,692,1046,0,2,1,2,0,1,0,0.00,66.16 ,50
03,013,00,025,0396,497 ,613,6,619,858,0,2,1,2,0,1,0,0.00,72.14 ,50
03,013,00,025,0396,498 ,692,12,704,950,0,2,1,2,0,1,0,0.00,74.11 ,50
03,013,00,025,0397,499 ,642,17,659,1177,0,2,1,2,0,1,0,0.00,55.99 ,50
03,013,00,025,0398,500 ,579,12,591,1051,0,2,1,2,0,1,0,0.00,56.23 ,50
03,013,00,026,0399,501 ,795,7,802,1066,0,2,1,2,0,1,0,0.00,75.23 ,50
03,013,00,026,0400,502 ,344,9,353,492,0,2,1,2,0,1,0,0.00,71.75 ,50
03,013,00,026,0401,503 ,305,8,313,427,0,2,1,2,0,1,0,0.00,73.30 ,50
03,013,00,026,0402,504 ,189,1,190,257,0,2,1,2,0,1,0,0.00,73.93 ,50
03,013,00,026,0403,505 ,242,2,244,346,0,2,1,2,0,1,0,0.00,70.52 ,50
03,013,00,026,0404,506 ,413,3,416,565,0,2,1,2,0,1,0,0.00,73.63 ,50
03,013,00,026,0405,507 ,397,3,400,512,0,2,1,2,0,1,0,0.00,78.13 ,50
03,013,00,026,0406,508 ,174,1,175,237,0,2,1,2,0,1,0,0.00,73.84 ,50
03,013,00,026,0407,509 ,292,8,300,486,0,2,1,2,0,1,0,0.00,61.73 ,50
03,013,00,026,0408,510 ,313,11,324,448,0,2,1,2,0,1,0,0.00,72.32 ,50
03,013,00,027,0409,511 ,395,15,410,559,0,2,1,2,0,1,0,0.00,73.35 ,50
03,013,00,027,0409,512 ,173,3,176,259,0,2,1,2,0,1,0,0.00,67.95 ,50
03,013,00,027,0409,513 ,86,0,86,121,0,2,1,2,0,1,0,0.00,71.07 ,50
03,013,00,027,0410,514 ,233,1,234,352,0,2,1,2,0,1,0,0.00,66.48 ,50
03,013,00,027,0411,515 ,169,0,169,214,0,2,1,2,0,1,0,0.00,78.97 ,50
03,013,00,027,0412,516 ,86,1,87,125,0,2,1,2,0,1,0,0.00,69.60 ,50
03,013,00,027,0413,517 ,240,9,249,352,0,2,1,2,0,1,0,0.00,70.74 ,50
03,013,00,027,0414,518 ,180,4,184,258,0,2,1,2,0,1,0,0.00,71.32 ,50
03,013,00,028,0415,519 ,195,2,197,275,0,2,1,2,0,1,0,0.00,71.64 ,50
03,013,00,028,0416,520 ,502,4,506,692,0,2,1,2,0,1,0,0.00,73.12 ,50
03,013,00,028,0417,521 ,573,4,577,796,0,2,1,2,0,1,0,0.00,72.49 ,50
03,013,00,028,0418,522 ,502,0,502,735,0,2,1,2,0,1,0,0.00,68.30 ,50
03,013,00,028,0419,523 ,200,5,205,291,0,2,1,2,0,1,0,0.00,70.45 ,50
03,013,00,028,0420,524 ,341,4,345,439,0,2,1,2,0,1,0,0.00,78.59 ,50
03,013,00,028,0420,525 ,412,14,426,553,0,2,1,2,0,1,0,0.00,77.03 ,50
03,013,00,028,0420,526 ,404,4,408,530,0,2,1,2,0,1,0,0.00,76.98 ,50
03,013,00,029,0421,527 ,338,3,341,480,0,2,1,2,0,1,0,0.00,71.04 ,50
03,013,00,029,0421,528 ,89,3,92,137,0,2,1,2,0,1,0,0.00,67.15 ,50
03,013,00,029,0422,529 ,538,17,555,755,0,2,1,2,0,1,0,0.00,73.51 ,50
03,013,00,029,0423,530 ,350,2,352,430,0,2,1,2,0,1,0,0.00,81.86 ,50
03,013,00,029,0424,531 ,227,2,229,332,0,2,1,2,0,1,0,0.00,68.98 ,50
03,013,00,029,0425,532 ,359,0,359,498,0,2,1,2,0,1,0,0.00,72.09 ,50
03,013,00,029,0426,533 ,425,4,429,584,0,2,1,2,0,1,0,0.00,73.46 ,50
03,013,00,030,0427,534 ,527,6,533,747,0,2,1,2,0,1,0,0.00,71.35 ,50
03,013,00,030,0428,535 ,232,2,234,304,0,2,1,2,0,1,0,0.00,76.97 ,50
03,013,00,030,0428,536 ,125,0,125,175,0,2,1,2,0,1,0,0.00,71.43 ,50
03,013,00,030,0429,537 ,172,1,173,217,0,2,1,2,0,1,0,0.00,79.72 ,50
03,013,00,030,0429,538 ,291,3,294,355,0,2,1,2,0,1,0,0.00,82.82 ,50
03,013,00,030,0430,539 ,705,16,721,980,0,2,1,2,0,1,0,0.00,73.57 ,50
03,013,00,030,0431,540 ,520,9,529,708,0,2,1,2,0,1,0,0.00,74.72 ,50
03,013,00,030,0432,541 ,566,2,568,716,0,2,1,2,0,1,0,0.00,79.33 ,50
03,013,00,030,0433,542 ,772,12,784,1082,0,2,1,2,0,1,0,0.00,72.46 ,50
03,013,00,031,0434,543 ,480,4,484,711,0,2,1,2,0,1,0,0.00,68.07 ,50
03,013,00,031,0435,544 ,417,8,425,608,0,2,1,2,0,1,0,0.00,69.90 ,50
03,013,00,031,0436,545 ,205,4,209,300,0,2,1,2,0,1,0,0.00,69.67 ,50
03,013,00,031,0437,546 ,487,14,501,664,0,2,1,2,0,1,0,0.00,75.45 ,50
03,013,00,031,0438,547 ,603,10,613,776,0,2,1,2,0,1,0,0.00,78.99 ,50
03,013,00,031,0439,548 ,314,3,317,427,0,2,1,2,0,1,0,0.00,74.24 ,50
03,013,00,032,0440,549 ,217,3,220,315,0,2,1,2,0,1,0,0.00,69.84 ,50
03,013,00,032,0441,550 ,368,7,375,491,0,2,1,2,0,1,0,0.00,76.37 ,50
03,013,00,032,0442,551 ,222,4,226,359,0,2,1,2,0,1,0,0.00,62.95 ,50
03,013,00,032,0443,552 ,155,3,158,225,0,2,1,2,0,1,0,0.00,70.22 ,50
03,013,00,032,0444,553 ,391,6,397,645,0,2,1,2,0,1,0,0.00,61.55 ,50
03,013,00,032,0445,554 ,420,5,425,700,0,2,1,2,0,1,0,0.00,60.71 ,50
03,013,00,032,0446,555 ,446,1,447,659,0,2,1,2,0,1,0,0.00,67.83 ,50
03,013,00,032,0447,556 ,160,0,160,237,0,2,1,2,0,1,0,0.00,67.51 ,50
03,013,00,033,0448,557 ,826,9,835,1289,0,2,1,2,0,1,0,0.00,64.78 ,50
03,013,00,033,0449,558 ,498,3,501,769,0,2,1,2,0,1,0,0.00,65.15 ,50
03,013,00,033,0450,559 ,267,6,273,417,0,2,1,2,0,1,0,0.00,65.47 ,50
03,013,00,033,0451,560 ,182,1,183,336,0,2,1,2,0,1,0,0.00,54.46 ,50
03,013,00,033,0452,561 ,331,1,332,471,0,2,1,2,0,1,0,0.00,70.49 ,50
03,013,00,033,0453,562 ,287,4,291,511,0,2,1,2,0,1,0,0.00,56.95 ,50
03,014,00,001,0001,1 ,997,7,1004,1398,0,2,1,2,0,1,0,0.00,71.82 ,50
03,014,00,001,0002,2 ,694,1,695,967,0,2,1,2,0,1,0,0.00,71.87 ,50
03,014,00,001,0002,3 ,760,6,766,982,0,2,1,2,0,1,0,0.00,78.00 ,50
03,014,00,001,0003,4 ,1141,8,1149,1598,0,2,1,2,0,1,0,0.00,71.90 ,50
03,014,00,001,0003,5 ,1180,11,1191,1702,0,2,1,2,0,1,0,0.00,69.98 ,50
03,014,00,001,0004,6 ,970,12,982,1430,0,2,1,2,0,1,0,0.00,68.67 ,50
03,014,00,001,0004,7 ,822,7,829,1214,0,2,1,2,0,1,0,0.00,68.29 ,50
03,014,00,001,0005,8 ,544,7,551,823,0,2,1,2,0,1,0,0.00,66.95 ,50
03,014,00,001,0006,9 ,771,4,775,1122,0,2,1,2,0,1,0,0.00,69.07 ,50
03,014,00,001,0007,10 ,417,4,421,750,0,2,1,2,0,1,0,0.00,56.13 ,50
03,014,00,001,0008,11 ,673,10,683,967,0,2,1,2,0,1,0,0.00,70.63 ,50
03,014,00,001,0008,12 ,527,6,533,829,0,2,1,2,0,1,0,0.00,64.29 ,50
03,014,00,001,0009,13 ,543,11,554,817,0,2,1,2,0,1,0,0.00,67.81 ,50
03,014,00,001,0010,14 ,445,3,448,656,0,2,1,2,0,1,0,0.00,68.29 ,50
03,014,00,001,0011,15 ,515,5,520,776,0,2,1,2,0,1,0,0.00,67.01 ,50
03,014,00,001,0012,16 ,620,11,631,977,0,2,1,2,0,1,0,0.00,64.59 ,50
03,014,00,001,0013,17 ,1004,11,1015,1529,0,2,1,2,0,1,0,0.00,66.38 ,50
03,014,00,001,0014,18 ,642,6,648,913,0,2,1,2,0,1,0,0.00,70.97 ,50
03,014,00,001,0015,19 ,848,3,851,1135,0,2,1,2,0,1,0,0.00,74.98 ,50
03,014,00,001,0016,20 ,593,4,597,828,0,2,1,2,0,1,0,0.00,72.10 ,50
03,014,00,001,0017,21 ,334,0,334,504,0,2,1,2,0,1,0,0.00,66.27 ,50
03,014,00,001,0018,22 ,566,12,578,874,0,2,1,2,0,1,0,0.00,66.13 ,50
03,014,00,001,0018,23 ,987,7,994,1408,0,2,1,2,0,1,0,0.00,70.60 ,50
03,014,00,001,0019,24 ,517,9,526,800,0,2,1,2,0,1,0,0.00,65.75 ,50
03,014,00,001,0020,25 ,369,7,376,596,0,2,1,2,0,1,0,0.00,63.09 ,50
03,014,00,001,0021,26 ,872,6,878,1286,0,2,1,2,0,1,0,0.00,68.27 ,50
03,014,00,001,0022,27 ,874,15,889,1384,0,2,1,2,0,1,0,0.00,64.23 ,50
03,014,00,001,0022,28 ,1096,6,1102,1627,0,2,1,2,0,1,0,0.00,67.73 ,50
03,014,00,001,0022,29 ,937,14,951,1442,0,2,1,2,0,1,0,0.00,65.95 ,50
03,014,00,001,0023,30 ,743,11,754,1117,0,2,1,2,0,1,0,0.00,67.50 ,50
03,014,00,001,0023,31 ,844,6,850,1262,0,2,1,2,0,1,0,0.00,67.35 ,50
03,014,00,001,0024,32 ,816,13,829,1193,0,2,1,2,0,1,0,0.00,69.49 ,50
03,014,00,001,0024,33 ,815,5,820,1123,0,2,1,2,0,1,0,0.00,73.02 ,50
03,014,00,001,0024,34 ,812,8,820,1156,0,2,1,2,0,1,0,0.00,70.93 ,50
03,014,00,001,0025,35 ,522,6,528,819,0,2,1,2,0,1,0,0.00,64.47 ,50
03,014,00,001,0026,36 ,618,10,628,1012,0,2,1,2,0,1,0,0.00,62.06 ,50
03,014,00,001,0026,37 ,773,15,788,1238,0,2,1,2,0,1,0,0.00,63.65 ,50
03,014,00,001,0027,38 ,749,11,760,1127,0,2,1,2,0,1,0,0.00,67.44 ,50
03,014,00,001,0028,39 ,712,8,720,1052,0,2,1,2,0,1,0,0.00,68.44 ,50
03,014,00,001,0029,40 ,623,9,632,985,0,2,1,2,0,1,0,0.00,64.16 ,50
03,014,00,001,0030,41 ,1141,13,1154,1683,0,2,1,2,0,1,0,0.00,68.57 ,50
03,014,00,001,0030,42 ,1195,13,1208,1816,0,2,1,2,0,1,0,0.00,66.52 ,50
03,014,00,001,0030,43 ,1197,20,1217,1799,0,2,1,2,0,1,0,0.00,67.65 ,50
03,014,00,001,0031,44 ,1189,24,1213,1963,0,2,1,2,0,1,0,0.00,61.79 ,50
03,014,00,001,0031,45 ,1330,28,1358,2065,0,2,1,2,0,1,0,0.00,65.76 ,50
03,014,00,001,0032,46 ,1128,24,1152,1797,0,2,1,2,0,1,0,0.00,64.11 ,50
03,014,00,001,0033,47 ,628,6,634,998,0,2,1,2,0,1,0,0.00,63.53 ,50
03,014,00,001,0034,48 ,887,15,902,1499,0,2,1,2,0,1,0,0.00,60.17 ,50
03,014,00,001,0035,49 ,521,8,529,848,0,2,1,2,0,1,0,0.00,62.38 ,50
03,014,00,001,0036,50 ,740,44,784,1103,0,2,1,2,0,1,0,0.00,71.08 ,50
03,014,00,001,0036,51 ,474,6,480,777,0,2,1,2,0,1,0,0.00,61.78 ,50
03,014,00,001,0036,52 ,387,7,394,654,0,2,1,2,0,1,0,0.00,60.24 ,50
03,014,00,001,0037,53 ,654,7,661,1150,0,2,1,2,0,1,0,0.00,57.48 ,50
03,014,00,001,0038,54 ,927,11,938,1445,0,2,1,2,0,1,0,0.00,64.91 ,50
03,014,00,001,0039,55 ,796,7,803,1226,0,2,1,2,0,1,0,0.00,65.50 ,50
03,014,00,001,0039,56 ,630,12,642,985,0,2,1,2,0,1,0,0.00,65.18 ,50
03,014,00,001,0040,57 ,625,6,631,971,0,2,1,2,0,1,0,0.00,64.98 ,50
03,014,00,001,0040,58 ,606,7,613,900,0,2,1,2,0,1,0,0.00,68.11 ,50
03,014,00,001,0041,59 ,961,14,975,1547,0,2,1,2,0,1,0,0.00,63.03 ,50
03,014,00,001,0042,60 ,883,20,903,1467,0,2,1,2,0,1,0,0.00,61.55 ,50
03,014,00,001,0043,61 ,576,2,578,868,0,2,1,2,0,1,0,0.00,66.59 ,50
03,014,00,001,0044,62 ,881,12,893,1380,0,2,1,2,0,1,0,0.00,64.71 ,50
03,014,00,001,0045,63 ,681,8,689,1058,0,2,1,2,0,1,0,0.00,65.12 ,50
03,014,00,001,0046,64 ,875,26,901,1309,0,2,1,2,0,1,0,0.00,68.83 ,50
03,014,00,002,0047,65 ,361,8,369,638,0,2,1,2,0,1,0,0.00,57.84 ,50
03,014,00,002,0047,66 ,599,5,604,1149,0,2,1,2,0,1,0,0.00,52.57 ,50
03,014,00,002,0047,67 ,211,6,217,446,0,2,1,2,0,1,0,0.00,48.65 ,50
03,014,00,002,0048,68 ,511,5,516,988,0,2,1,2,0,1,0,0.00,52.23 ,50
03,014,00,002,0049,69 ,219,1,220,378,0,2,1,2,0,1,0,0.00,58.20 ,50
03,014,00,002,0049,70 ,787,7,794,1251,0,2,1,2,0,1,0,0.00,63.47 ,50
03,014,00,002,0049,71 ,932,7,939,1439,0,2,1,2,0,1,0,0.00,65.25 ,50
03,014,00,002,0050,72 ,786,11,797,1196,0,2,1,2,0,1,0,0.00,66.64 ,50
03,014,00,002,0051,73 ,689,12,701,1235,0,2,1,2,0,1,0,0.00,56.76 ,50
03,014,00,002,0051,74 ,833,10,843,1445,0,2,1,2,0,1,0,0.00,58.34 ,50
03,014,00,002,0052,75 ,321,3,324,574,0,2,1,2,0,1,0,0.00,56.45 ,50
03,014,00,002,0052,76 ,589,12,601,1150,0,2,1,2,0,1,0,0.00,52.26 ,50
03,014,00,002,0053,77 ,387,5,392,705,0,2,1,2,0,1,0,0.00,55.60 ,50
03,014,00,002,0053,78 ,339,4,343,571,0,2,1,2,0,1,0,0.00,60.07 ,50
03,014,00,002,0054,79 ,259,6,265,471,0,2,1,2,0,1,0,0.00,56.26 ,50
03,014,00,002,0054,80 ,220,3,223,405,0,2,1,2,0,1,0,0.00,55.06 ,50
03,014,00,003,0055,81 ,674,3,677,1010,0,2,1,2,0,1,0,0.00,67.03 ,50
03,014,00,003,0055,82 ,542,16,558,886,0,2,1,2,0,1,0,0.00,62.98 ,50
03,014,00,003,0056,83 ,621,7,628,905,0,2,1,2,0,1,0,0.00,69.39 ,50
03,014,00,003,0057,84 ,568,16,584,933,0,2,1,2,0,1,0,0.00,62.59 ,50
03,014,00,003,0058,85 ,628,4,632,1035,0,2,1,2,0,1,0,0.00,61.06 ,50
03,014,00,003,0059,86 ,500,8,508,813,0,2,1,2,0,1,0,0.00,62.48 ,50
03,014,00,003,0060,87 ,616,15,631,1038,0,2,1,2,0,1,0,0.00,60.79 ,50
03,014,00,003,0060,88 ,553,4,557,918,0,2,1,2,0,1,0,0.00,60.68 ,50
03,014,00,003,0061,89 ,347,10,357,624,0,2,1,2,0,1,0,0.00,57.21 ,50
03,014,00,004,0062,90 ,636,9,645,965,0,2,1,2,0,1,0,0.00,66.84 ,50
03,014,00,004,0062,91 ,729,8,737,1169,0,2,1,2,0,1,0,0.00,63.05 ,50
03,014,00,004,0063,92 ,163,1,164,261,0,2,1,2,0,1,0,0.00,62.84 ,50
03,014,00,004,0063,93 ,273,6,279,453,0,2,1,2,0,1,0,0.00,61.59 ,50
03,014,00,004,0063,94 ,174,1,175,328,0,2,1,2,0,1,0,0.00,53.35 ,50
03,014,00,004,0064,95 ,491,11,502,789,0,2,1,2,0,1,0,0.00,63.62 ,50
03,014,00,004,0064,96 ,381,5,386,593,0,2,1,2,0,1,0,0.00,65.09 ,50
03,014,00,004,0065,97 ,484,23,507,802,0,2,1,2,0,1,0,0.00,63.22 ,50
03,014,00,004,0065,98 ,268,2,270,483,0,2,1,2,0,1,0,0.00,55.90 ,50
03,014,00,004,0066,99 ,223,1,224,343,0,2,1,2,0,1,0,0.00,65.31 ,50
03,014,00,004,0066,100 ,132,5,137,213,0,2,1,2,0,1,0,0.00,64.32 ,50
03,014,00,004,0067,101 ,823,11,834,1213,0,2,1,2,0,1,0,0.00,68.76 ,50
03,014,00,004,0067,102 ,789,25,814,1141,0,2,1,2,0,1,0,0.00,71.34 ,50
03,014,00,004,0067,103 ,582,4,586,886,0,2,1,2,0,1,0,0.00,66.14 ,50
03,014,00,004,0068,104 ,715,13,728,1082,0,2,1,2,0,1,0,0.00,67.28 ,50
03,014,00,004,0069,105 ,555,11,566,922,0,2,1,2,0,1,0,0.00,61.39 ,50
03,014,00,004,0070,106 ,651,20,671,1105,0,2,1,2,0,1,0,0.00,60.72 ,50
03,014,00,004,0071,107 ,541,9,550,878,0,2,1,2,0,1,0,0.00,62.64 ,50
03,014,00,004,0071,108 ,111,1,112,210,0,2,1,2,0,1,0,0.00,53.33 ,50
03,014,00,004,0072,109 ,373,9,382,577,0,2,1,2,0,1,0,0.00,66.20 ,50
03,014,00,004,0073,110 ,229,1,230,375,0,2,1,2,0,1,0,0.00,61.33 ,50
03,014,00,004,0074,111 ,258,2,260,462,0,2,1,2,0,1,0,0.00,56.28 ,50
03,014,00,005,0075,112 ,338,6,344,592,0,2,1,2,0,1,0,0.00,58.11 ,50
03,014,00,005,0075,113 ,428,5,433,665,0,2,1,2,0,1,0,0.00,65.11 ,50
03,014,00,005,0076,114 ,673,17,690,1135,0,2,1,2,0,1,0,0.00,60.79 ,50
03,014,00,005,0077,115 ,564,15,579,1013,0,2,1,2,0,1,0,0.00,57.16 ,50
03,014,00,005,0077,116 ,253,8,261,420,0,2,1,2,0,1,0,0.00,62.14 ,50
03,014,00,005,0078,117 ,656,6,662,1090,0,2,1,2,0,1,0,0.00,60.73 ,50
03,014,00,005,0079,118 ,570,7,577,1024,0,2,1,2,0,1,0,0.00,56.35 ,50
03,014,00,005,0080,119 ,443,6,449,776,0,2,1,2,0,1,0,0.00,57.86 ,50
03,014,00,005,0081,120 ,287,7,294,489,0,2,1,2,0,1,0,0.00,60.12 ,50
03,014,00,005,0081,121 ,323,11,334,584,0,2,1,2,0,1,0,0.00,57.19 ,50
03,014,00,006,0082,122 ,682,11,693,1047,0,2,1,2,0,1,0,0.00,66.19 ,50
03,014,00,006,0082,123 ,602,8,610,898,0,2,1,2,0,1,0,0.00,67.93 ,50
03,014,00,006,0083,124 ,411,9,420,648,0,2,1,2,0,1,0,0.00,64.81 ,50
03,014,00,006,0083,125 ,525,12,537,961,0,2,1,2,0,1,0,0.00,55.88 ,50
03,014,00,006,0084,126 ,455,11,466,755,0,2,1,2,0,1,0,0.00,61.72 ,50
03,014,00,006,0085,127 ,196,3,199,401,0,2,1,2,0,1,0,0.00,49.63 ,50
03,014,00,006,0086,128 ,456,10,466,812,0,2,1,2,0,1,0,0.00,57.39 ,50
03,014,00,006,0087,129 ,604,9,613,984,0,2,1,2,0,1,0,0.00,62.30 ,50
03,014,00,006,0088,130 ,281,6,287,482,0,2,1,2,0,1,0,0.00,59.54 ,50
03,014,00,006,0089,131 ,221,5,226,416,0,2,1,2,0,1,0,0.00,54.33 ,50
03,014,00,006,0090,132 ,277,6,283,504,0,2,1,2,0,1,0,0.00,56.15 ,50
03,014,00,006,0091,133 ,229,8,237,478,0,2,1,2,0,1,0,0.00,49.58 ,50
03,014,00,007,0092,134 ,202,8,210,393,0,2,1,2,0,1,0,0.00,53.44 ,50
03,014,00,007,0092,135 ,458,4,462,776,0,2,1,2,0,1,0,0.00,59.54 ,50
03,014,00,007,0092,136 ,807,11,818,1380,0,2,1,2,0,1,0,0.00,59.28 ,50
03,014,00,007,0093,137 ,536,17,553,1036,0,2,1,2,0,1,0,0.00,53.38 ,50
03,014,00,007,0093,138 ,141,1,142,261,0,2,1,2,0,1,0,0.00,54.41 ,50
03,014,00,007,0094,139 ,363,5,368,665,0,2,1,2,0,1,0,0.00,55.34 ,50
03,014,00,007,0095,140 ,637,13,650,1150,0,2,1,2,0,1,0,0.00,56.52 ,50
03,014,00,007,0096,141 ,935,13,948,1598,0,2,1,2,0,1,0,0.00,59.32 ,50
03,014,00,007,0097,142 ,427,10,437,1248,0,2,1,2,0,1,0,0.00,35.02 ,50
03,014,00,007,0097,143 ,217,3,220,406,0,2,1,2,0,1,0,0.00,54.19 ,50
03,014,00,007,0097,144 ,312,6,318,574,0,2,1,2,0,1,0,0.00,55.40 ,50
03,014,00,007,0098,145 ,102,1,103,202,0,2,1,2,0,1,0,0.00,50.99 ,50
03,014,00,007,0098,146 ,57,0,57,97,0,2,1,2,0,1,0,0.00,58.76 ,50
03,014,00,008,0099,147 ,360,7,367,724,0,2,1,2,0,1,0,0.00,50.69 ,50
03,014,00,008,0099,148 ,526,8,534,1021,0,2,1,2,0,1,0,0.00,52.30 ,50
03,014,00,008,0100,149 ,674,10,684,1250,0,2,1,2,0,1,0,0.00,54.72 ,50
03,014,00,008,0101,150 ,813,14,827,1417,0,2,1,2,0,1,0,0.00,58.36 ,50
03,014,00,008,0102,151 ,337,9,346,694,0,2,1,2,0,1,0,0.00,49.86 ,50
03,014,00,008,0103,152 ,496,5,501,940,0,2,1,2,0,1,0,0.00,53.30 ,50
03,014,00,008,0104,153 ,400,6,406,859,0,2,1,2,0,1,0,0.00,47.26 ,50
03,014,00,008,0104,154 ,356,3,359,570,0,2,1,2,0,1,0,0.00,62.98 ,50
03,014,00,008,0104,155 ,168,1,169,305,0,2,1,2,0,1,0,0.00,55.41 ,50
03,014,00,008,0105,156 ,464,6,470,875,0,2,1,2,0,1,0,0.00,53.71 ,50
03,014,00,009,0106,157 ,793,5,798,1214,0,2,1,2,0,1,0,0.00,65.73 ,50
03,014,00,009,0107,158 ,298,1,299,453,0,2,1,2,0,1,0,0.00,66.00 ,50
03,014,00,009,0107,159 ,109,1,110,170,0,2,1,2,0,1,0,0.00,64.71 ,50
03,014,00,009,0108,160 ,396,5,401,639,0,2,1,2,0,1,0,0.00,62.75 ,50
03,014,00,009,0108,161 ,72,0,72,123,0,2,1,2,0,1,0,0.00,58.54 ,50
03,014,00,009,0109,162 ,332,6,338,567,0,2,1,2,0,1,0,0.00,59.61 ,50
03,014,00,009,0110,163 ,926,8,934,1569,0,2,1,2,0,1,0,0.00,59.53 ,50
03,014,00,009,0110,164 ,59,0,59,99,0,2,1,2,0,1,0,0.00,59.60 ,50
03,014,00,009,0111,165 ,973,11,984,1561,0,2,1,2,0,1,0,0.00,63.04 ,50
03,014,00,009,0112,166 ,294,3,297,534,0,2,1,2,0,1,0,0.00,55.62 ,50
03,014,00,009,0112,167 ,236,2,238,412,0,2,1,2,0,1,0,0.00,57.77 ,50
03,014,00,009,0113,168 ,824,13,837,1400,0,2,1,2,0,1,0,0.00,59.79 ,50
03,014,00,009,0113,169 ,239,4,243,427,0,2,1,2,0,1,0,0.00,56.91 ,50
03,014,00,009,0114,170 ,174,3,177,300,0,2,1,2,0,1,0,0.00,59.00 ,50
03,014,00,009,0114,171 ,357,8,365,687,0,2,1,2,0,1,0,0.00,53.13 ,50
03,014,00,010,0115,172 ,289,1,290,485,0,2,1,2,0,1,0,0.00,59.79 ,50
03,014,00,010,0116,173 ,781,9,790,1346,0,2,1,2,0,1,0,0.00,58.69 ,50
03,014,00,010,0117,174 ,718,17,735,1201,0,2,1,2,0,1,0,0.00,61.20 ,50
03,014,00,010,0118,175 ,535,9,544,1019,0,2,1,2,0,1,0,0.00,53.39 ,50
03,014,00,010,0119,176 ,225,6,231,422,0,2,1,2,0,1,0,0.00,54.74 ,50
03,014,00,010,0119,177 ,160,4,164,331,0,2,1,2,0,1,0,0.00,49.55 ,50
03,014,00,011,0120,178 ,351,1,352,595,0,2,1,2,0,1,0,0.00,59.16 ,50
03,014,00,011,0121,179 ,370,0,370,624,0,2,1,2,0,1,0,0.00,59.29 ,50
03,014,00,011,0122,180 ,225,8,233,393,0,2,1,2,0,1,0,0.00,59.29 ,50
03,014,00,011,0122,181 ,77,0,77,118,0,2,1,2,0,1,0,0.00,65.25 ,50
03,014,00,012,0123,182 ,283,8,291,482,0,2,1,2,0,1,0,0.00,60.37 ,50
03,014,00,012,0124,183 ,340,10,350,547,0,2,1,2,0,1,0,0.00,63.99 ,50
03,014,00,012,0125,184 ,479,17,496,877,0,2,1,2,0,1,0,0.00,56.56 ,50
03,014,00,012,0126,185 ,387,6,393,672,0,2,1,2,0,1,0,0.00,58.48 ,50
03,014,00,012,0127,186 ,179,2,181,281,0,2,1,2,0,1,0,0.00,64.41 ,50
03,014,00,012,0128,187 ,144,7,151,226,0,2,1,2,0,1,0,0.00,66.81 ,50
03,014,00,013,0129,188 ,508,4,512,816,0,2,1,2,0,1,0,0.00,62.75 ,50
03,014,00,013,0130,189 ,236,3,239,390,0,2,1,2,0,1,0,0.00,61.28 ,50
03,014,00,013,0131,190 ,157,0,157,257,0,2,1,2,0,1,0,0.00,61.09 ,50
03,014,00,013,0132,191 ,318,6,324,572,0,2,1,2,0,1,0,0.00,56.64 ,50
03,014,00,013,0133,192 ,287,5,292,487,0,2,1,2,0,1,0,0.00,59.96 ,50
03,014,00,013,0133,193 ,48,1,49,86,0,2,1,2,0,1,0,0.00,56.98 ,50
03,014,00,014,0134,194 ,532,5,537,934,0,2,1,2,0,1,0,0.00,57.49 ,50
03,014,00,014,0135,195 ,288,2,290,452,0,2,1,2,0,1,0,0.00,64.16 ,50
03,014,00,014,0136,196 ,229,3,232,340,0,2,1,2,0,1,0,0.00,68.24 ,50
03,014,00,014,0137,197 ,196,4,200,288,0,2,1,2,0,1,0,0.00,69.44 ,50
03,014,00,014,0138,198 ,207,4,211,295,0,2,1,2,0,1,0,0.00,71.53 ,50
03,014,00,015,0139,199 ,190,1,191,313,0,2,1,2,0,1,0,0.00,61.02 ,50
03,014,00,015,0139,200 ,197,3,200,362,0,2,1,2,0,1,0,0.00,55.25 ,50
03,014,00,015,0140,201 ,114,1,115,181,0,2,1,2,0,1,0,0.00,63.54 ,50
03,014,00,015,0141,202 ,215,2,217,344,0,2,1,2,0,1,0,0.00,63.08 ,50
03,014,00,015,0142,203 ,229,2,231,359,0,2,1,2,0,1,0,0.00,64.35 ,50
03,014,00,015,0143,204 ,322,3,325,593,0,2,1,2,0,1,0,0.00,54.81 ,50
03,014,00,015,0144,205 ,379,4,383,769,0,2,1,2,0,1,0,0.00,49.80 ,50
03,014,00,016,0145,206 ,284,22,306,438,0,2,1,2,0,1,0,0.00,69.86 ,50
03,014,00,016,0146,207 ,275,41,316,549,0,2,1,2,0,1,0,0.00,57.56 ,50
03,014,00,016,0147,208 ,288,35,323,583,0,2,1,2,0,1,0,0.00,55.40 ,50
03,014,00,016,0148,209 ,205,15,220,337,0,2,1,2,0,1,0,0.00,65.28 ,50
03,015,00,001,0001,1 ,1122,9,1131,1554,0,2,1,2,0,1,0,0.00,72.78 ,50
03,015,00,001,0002,2 ,1283,16,1299,1773,0,2,1,2,0,1,0,0.00,73.27 ,50
03,015,00,001,0002,3 ,1191,6,1197,1683,0,2,1,2,0,1,0,0.00,71.12 ,50
03,015,00,001,0003,4 ,498,4,502,735,0,2,1,2,0,1,0,0.00,68.30 ,50
03,015,00,001,0003,5 ,784,31,815,1257,0,2,1,2,0,1,0,0.00,64.84 ,50
03,015,00,001,0003,6 ,965,18,983,1351,0,2,1,2,0,1,0,0.00,72.76 ,50
03,015,00,001,0004,7 ,501,3,504,706,0,2,1,2,0,1,0,0.00,71.39 ,50
03,015,00,001,0005,8 ,1219,6,1225,1698,0,2,1,2,0,1,0,0.00,72.14 ,50
03,015,00,001,0005,9 ,944,7,951,1361,0,2,1,2,0,1,0,0.00,69.88 ,50
03,015,00,001,0006,10 ,700,7,707,979,0,2,1,2,0,1,0,0.00,72.22 ,50
03,015,00,001,0006,11 ,599,8,607,845,0,2,1,2,0,1,0,0.00,71.83 ,50
03,015,00,001,0007,12 ,873,9,882,1226,0,2,1,2,0,1,0,0.00,71.94 ,50
03,015,00,001,0007,13 ,961,12,973,1320,0,2,1,2,0,1,0,0.00,73.71 ,50
03,015,00,001,0008,14 ,1163,11,1174,1529,0,2,1,2,0,1,0,0.00,76.78 ,50
03,015,00,001,0009,15 ,295,4,299,425,0,2,1,2,0,1,0,0.00,70.35 ,50
03,015,00,001,0010,16 ,465,3,468,654,0,2,1,2,0,1,0,0.00,71.56 ,50
03,015,00,001,0011,17 ,501,1,502,724,0,2,1,2,0,1,0,0.00,69.34 ,50
03,015,00,001,0012,18 ,399,3,402,555,0,2,1,2,0,1,0,0.00,72.43 ,50
03,015,00,001,0013,19 ,456,3,459,653,0,2,1,2,0,1,0,0.00,70.29 ,50
03,015,00,001,0014,20 ,1040,8,1048,1450,0,2,1,2,0,1,0,0.00,72.28 ,50
03,015,00,001,0015,21 ,401,6,407,554,0,2,1,2,0,1,0,0.00,73.47 ,50
03,015,00,001,0016,22 ,620,6,626,841,0,2,1,2,0,1,0,0.00,74.44 ,50
03,015,00,001,0017,23 ,784,8,792,1090,0,2,1,2,0,1,0,0.00,72.66 ,50
03,015,00,001,0018,24 ,527,3,530,727,0,2,1,2,0,1,0,0.00,72.90 ,50
03,015,00,001,0019,25 ,567,5,572,786,0,2,1,2,0,1,0,0.00,72.77 ,50
03,015,00,001,0020,26 ,713,5,718,1023,0,2,1,2,0,1,0,0.00,70.19 ,50
03,015,00,001,0021,27 ,559,4,563,814,0,2,1,2,0,1,0,0.00,69.16 ,50
03,015,00,001,0022,28 ,910,8,918,1263,0,2,1,2,0,1,0,0.00,72.68 ,50
03,015,00,001,0022,29 ,1017,13,1030,1509,0,2,1,2,0,1,0,0.00,68.26 ,50
03,015,00,001,0023,30 ,1155,8,1163,1606,0,2,1,2,0,1,0,0.00,72.42 ,50
03,015,00,001,0024,31 ,1087,24,1111,1489,0,2,1,2,0,1,0,0.00,74.61 ,50
03,015,00,001,0024,32 ,781,2,783,1082,0,2,1,2,0,1,0,0.00,72.37 ,50
03,015,00,001,0024,33 ,728,5,733,993,0,2,1,2,0,1,0,0.00,73.82 ,50
03,015,00,001,0024,34 ,891,10,901,1230,0,2,1,2,0,1,0,0.00,73.25 ,50
03,015,00,001,0025,35 ,869,12,881,1243,0,2,1,2,0,1,0,0.00,70.88 ,50
03,015,00,001,0025,36 ,718,8,726,1037,0,2,1,2,0,1,0,0.00,70.01 ,50
03,015,00,001,0025,37 ,925,6,931,1304,0,2,1,2,0,1,0,0.00,71.40 ,50
03,015,00,001,0026,38 ,890,5,895,1220,0,2,1,2,0,1,0,0.00,73.36 ,50
03,015,00,001,0026,39 ,775,6,781,1050,0,2,1,2,0,1,0,0.00,74.38 ,50
03,015,00,001,0027,40 ,1269,10,1279,1764,0,2,1,2,0,1,0,0.00,72.51 ,50
03,015,00,001,0027,41 ,948,6,954,1352,0,2,1,2,0,1,0,0.00,70.56 ,50
03,015,00,001,0028,42 ,1176,12,1188,1596,0,2,1,2,0,1,0,0.00,74.44 ,50
03,015,00,001,0029,43 ,800,8,808,1126,0,2,1,2,0,1,0,0.00,71.76 ,50
03,015,00,001,0030,44 ,339,2,341,466,0,2,1,2,0,1,0,0.00,73.18 ,50
03,015,00,001,0031,45 ,1097,13,1110,1511,0,2,1,2,0,1,0,0.00,73.46 ,50
03,015,00,001,0032,46 ,551,3,554,779,0,2,1,2,0,1,0,0.00,71.12 ,50
03,015,00,001,0033,47 ,852,9,861,1240,0,2,1,2,0,1,0,0.00,69.44 ,50
03,015,00,001,0033,48 ,667,5,672,918,0,2,1,2,0,1,0,0.00,73.20 ,50
03,015,00,001,0034,49 ,665,7,672,916,0,2,1,2,0,1,0,0.00,73.36 ,50
03,015,00,001,0034,50 ,627,5,632,879,0,2,1,2,0,1,0,0.00,71.90 ,50
03,015,00,001,0035,51 ,1248,10,1258,1795,0,2,1,2,0,1,0,0.00,70.08 ,50
03,015,00,001,0035,52 ,1502,11,1513,2181,0,2,1,2,0,1,0,0.00,69.37 ,50
03,015,00,001,0036,53 ,607,10,617,875,0,2,1,2,0,1,0,0.00,70.51 ,50
03,015,00,001,0037,54 ,936,6,942,1276,0,2,1,2,0,1,0,0.00,73.82 ,50
03,015,00,001,0037,55 ,1095,8,1103,1507,0,2,1,2,0,1,0,0.00,73.19 ,50
03,015,00,001,0037,56 ,938,6,944,1273,0,2,1,2,0,1,0,0.00,74.16 ,50
03,015,00,001,0038,57 ,980,5,985,1331,0,2,1,2,0,1,0,0.00,74.00 ,50
03,015,00,001,0038,58 ,993,11,1004,1375,0,2,1,2,0,1,0,0.00,73.02 ,50
03,015,00,001,0039,59 ,759,8,767,1064,0,2,1,2,0,1,0,0.00,72.09 ,50
03,015,00,001,0039,60 ,1415,18,1433,2096,0,2,1,2,0,1,0,0.00,68.37 ,50
03,015,00,001,0040,61 ,757,8,765,1151,0,2,1,2,0,1,0,0.00,66.46 ,50
03,015,00,002,0041,62 ,811,6,817,1157,0,2,1,2,0,1,0,0.00,70.61 ,50
03,015,00,002,0042,63 ,501,8,509,725,0,2,1,2,0,1,0,0.00,70.21 ,50
03,015,00,002,0043,64 ,555,5,560,754,0,2,1,2,0,1,0,0.00,74.27 ,50
03,015,00,002,0044,65 ,929,9,938,1300,0,2,1,2,0,1,0,0.00,72.15 ,50
03,015,00,002,0045,66 ,845,13,858,1271,0,2,1,2,0,1,0,0.00,67.51 ,50
03,015,00,002,0045,67 ,164,3,167,251,0,2,1,2,0,1,0,0.00,66.53 ,50
03,015,00,002,0046,68 ,235,3,238,395,0,2,1,2,0,1,0,0.00,60.25 ,50
03,015,00,002,0046,69 ,173,3,176,266,0,2,1,2,0,1,0,0.00,66.17 ,50
03,015,00,002,0047,70 ,466,5,471,784,0,2,1,2,0,1,0,0.00,60.08 ,50
03,015,00,002,0047,71 ,419,6,425,613,0,2,1,2,0,1,0,0.00,69.33 ,50
03,015,00,002,0048,72 ,470,5,475,690,0,2,1,2,0,1,0,0.00,68.84 ,50
03,015,00,002,0049,73 ,504,1,505,756,0,2,1,2,0,1,0,0.00,66.80 ,50
03,015,00,002,0050,74 ,674,4,678,919,0,2,1,2,0,1,0,0.00,73.78 ,50
03,015,00,002,0051,75 ,755,5,760,1175,0,2,1,2,0,1,0,0.00,64.68 ,50
03,015,00,002,0052,76 ,181,2,183,295,0,2,1,2,0,1,0,0.00,62.03 ,50
03,015,00,003,0053,77 ,1072,24,1096,1629,0,2,1,2,0,1,0,0.00,67.28 ,50
03,015,00,003,0053,78 ,884,13,897,1388,0,2,1,2,0,1,0,0.00,64.63 ,50
03,015,00,003,0053,79 ,767,7,774,1172,0,2,1,2,0,1,0,0.00,66.04 ,50
03,015,00,003,0054,80 ,979,7,986,1457,0,2,1,2,0,1,0,0.00,67.67 ,50
03,015,00,003,0055,81 ,606,14,620,991,0,2,1,2,0,1,0,0.00,62.56 ,50
03,015,00,003,0055,82 ,671,18,689,1052,0,2,1,2,0,1,0,0.00,65.49 ,50
03,015,00,003,0056,83 ,902,19,921,1318,0,2,1,2,0,1,0,0.00,69.88 ,50
03,015,00,003,0056,84 ,171,57,228,666,0,2,1,2,0,1,0,0.00,34.23 ,50
03,015,00,003,0056,85 ,194,69,263,568,0,2,1,2,0,1,0,0.00,46.30 ,50
03,015,00,003,0056,86 ,302,45,347,606,0,2,1,2,0,1,0,0.00,57.26 ,50
03,015,00,003,0057,87 ,840,9,849,1318,0,2,1,2,0,1,0,0.00,64.42 ,50
03,015,00,003,0058,88 ,819,17,836,1364,0,2,1,2,0,1,0,0.00,61.29 ,50
03,015,00,003,0059,89 ,526,50,576,1029,0,2,1,2,0,1,0,0.00,55.98 ,50
03,015,00,003,0060,90 ,756,15,771,1326,0,2,1,2,0,1,0,0.00,58.14 ,50
03,015,00,003,0061,91 ,358,8,366,624,0,2,1,2,0,1,0,0.00,58.65 ,50
03,015,00,003,0062,92 ,635,14,649,1108,0,2,1,2,0,1,0,0.00,58.57 ,50
03,015,00,003,0062,93 ,471,6,477,798,0,2,1,2,0,1,0,0.00,59.77 ,50
03,015,00,003,0063,94 ,264,6,270,534,0,2,1,2,0,1,0,0.00,50.56 ,50
03,015,00,003,0063,95 ,722,12,734,1380,0,2,1,2,0,1,0,0.00,53.19 ,50
03,015,00,003,0064,96 ,629,12,641,1142,0,2,1,2,0,1,0,0.00,56.13 ,50
03,015,00,003,0065,97 ,447,7,454,881,0,2,1,2,0,1,0,0.00,51.53 ,50
03,015,00,003,0066,98 ,642,13,655,1130,0,2,1,2,0,1,0,0.00,57.96 ,50
03,015,00,003,0067,99 ,799,10,809,1316,0,2,1,2,0,1,0,0.00,61.47 ,50
03,015,00,004,0068,100 ,239,5,244,378,0,2,1,2,0,1,0,0.00,64.55 ,50
03,015,00,004,0068,101 ,746,8,754,1028,0,2,1,2,0,1,0,0.00,73.35 ,50
03,015,00,004,0069,102 ,393,1,394,613,0,2,1,2,0,1,0,0.00,64.27 ,50
03,015,00,004,0069,103 ,208,3,211,301,0,2,1,2,0,1,0,0.00,70.10 ,50
03,015,00,004,0070,104 ,266,1,267,354,0,2,1,2,0,1,0,0.00,75.42 ,50
03,015,00,004,0070,105 ,1309,16,1325,1921,0,2,1,2,0,1,0,0.00,68.97 ,50
03,015,00,004,0071,106 ,1525,18,1543,2356,0,2,1,2,0,1,0,0.00,65.49 ,50
03,015,00,004,0071,107 ,1468,19,1487,2175,0,2,1,2,0,1,0,0.00,68.37 ,50
03,015,00,004,0071,108 ,293,5,298,409,0,2,1,2,0,1,0,0.00,72.86 ,50
03,015,00,004,0072,109 ,411,4,415,615,0,2,1,2,0,1,0,0.00,67.48 ,50
03,015,00,004,0073,110 ,1093,13,1106,1476,0,2,1,2,0,1,0,0.00,74.93 ,50
03,015,00,004,0073,111 ,988,10,998,1334,0,2,1,2,0,1,0,0.00,74.81 ,50
03,015,00,004,0074,112 ,527,11,538,692,0,2,1,2,0,1,0,0.00,77.75 ,50
03,015,00,004,0074,113 ,359,14,373,522,0,2,1,2,0,1,0,0.00,71.46 ,50
03,015,00,005,0075,114 ,963,11,974,1315,0,2,1,2,0,1,0,0.00,74.07 ,50
03,015,00,005,0075,115 ,1018,10,1028,1460,0,2,1,2,0,1,0,0.00,70.41 ,50
03,015,00,005,0076,116 ,790,3,793,1120,0,2,1,2,0,1,0,0.00,70.80 ,50
03,015,00,005,0076,117 ,998,12,1010,1459,0,2,1,2,0,1,0,0.00,69.23 ,50
03,015,00,005,0077,118 ,1186,15,1201,1775,0,2,1,2,0,1,0,0.00,67.66 ,50
03,015,00,005,0077,119 ,1358,19,1377,1973,0,2,1,2,0,1,0,0.00,69.79 ,50
03,015,00,005,0078,120 ,644,5,649,912,0,2,1,2,0,1,0,0.00,71.16 ,50
03,015,00,005,0078,121 ,1090,9,1099,1549,0,2,1,2,0,1,0,0.00,70.95 ,50
03,015,00,005,0079,122 ,1318,27,1345,1896,0,2,1,2,0,1,0,0.00,70.94 ,50
03,015,00,005,0080,123 ,1008,20,1028,1522,0,2,1,2,0,1,0,0.00,67.54 ,50
03,015,00,005,0081,124 ,761,18,779,1278,0,2,1,2,0,1,0,0.00,60.95 ,50
03,015,00,005,0082,125 ,1096,17,1113,1582,0,2,1,2,0,1,0,0.00,70.35 ,50
03,015,00,005,0083,126 ,1442,18,1460,2044,0,2,1,2,0,1,0,0.00,71.43 ,50
03,015,00,005,0084,127 ,1692,23,1715,2502,0,2,1,2,0,1,0,0.00,68.55 ,50
03,015,00,005,0085,128 ,1043,9,1052,1470,0,2,1,2,0,1,0,0.00,71.56 ,50
03,015,00,005,0085,129 ,1086,7,1093,1514,0,2,1,2,0,1,0,0.00,72.19 ,50
03,015,00,005,0086,130 ,1318,11,1329,1847,0,2,1,2,0,1,0,0.00,71.95 ,50
03,015,00,005,0086,131 ,772,4,776,1047,0,2,1,2,0,1,0,0.00,74.12 ,50
03,015,00,005,0086,132 ,1614,17,1631,2222,0,2,1,2,0,1,0,0.00,73.40 ,50
03,015,00,005,0087,133 ,902,15,917,1293,0,2,1,2,0,1,0,0.00,70.92 ,50
03,015,00,005,0087,134 ,1091,8,1099,1481,0,2,1,2,0,1,0,0.00,74.21 ,50
03,015,00,005,0088,135 ,1138,12,1150,1557,0,2,1,2,0,1,0,0.00,73.86 ,50
03,015,00,005,0088,136 ,1088,10,1098,1554,0,2,1,2,0,1,0,0.00,70.66 ,50
03,015,00,005,0088,137 ,1175,16,1191,1640,0,2,1,2,0,1,0,0.00,72.62 ,50
03,015,00,005,0089,138 ,1212,20,1232,1726,0,2,1,2,0,1,0,0.00,71.38 ,50
03,015,00,005,0089,139 ,1360,16,1376,1945,0,2,1,2,0,1,0,0.00,70.75 ,50
03,015,00,005,0090,140 ,1065,14,1079,1575,0,2,1,2,0,1,0,0.00,68.51 ,50
03,015,00,005,0091,141 ,1576,21,1597,2269,0,2,1,2,0,1,0,0.00,70.38 ,50
03,015,00,005,0091,142 ,697,8,705,1048,0,2,1,2,0,1,0,0.00,67.27 ,50
03,015,00,005,0092,143 ,666,10,676,954,0,2,1,2,0,1,0,0.00,70.86 ,50
03,015,00,006,0093,144 ,743,5,748,1046,0,2,1,2,0,1,0,0.00,71.51 ,50
03,015,00,006,0094,145 ,232,3,235,354,0,2,1,2,0,1,0,0.00,66.38 ,50
03,015,00,006,0095,146 ,1302,13,1315,1929,0,2,1,2,0,1,0,0.00,68.17 ,50
03,015,00,006,0096,147 ,886,10,896,1319,0,2,1,2,0,1,0,0.00,67.93 ,50
03,015,00,006,0097,148 ,550,4,554,837,0,2,1,2,0,1,0,0.00,66.19 ,50
03,015,00,006,0098,149 ,1050,15,1065,1526,0,2,1,2,0,1,0,0.00,69.79 ,50
03,015,00,006,0099,150 ,437,13,450,647,0,2,1,2,0,1,0,0.00,69.55 ,50
03,015,00,006,0100,151 ,542,8,550,769,0,2,1,2,0,1,0,0.00,71.52 ,50
03,015,00,006,0101,152 ,604,13,617,872,0,2,1,2,0,1,0,0.00,70.76 ,50
03,015,00,006,0102,153 ,679,6,685,992,0,2,1,2,0,1,0,0.00,69.05 ,50
03,015,00,006,0102,154 ,215,3,218,321,0,2,1,2,0,1,0,0.00,67.91 ,50
03,015,00,006,0103,155 ,1174,21,1195,1806,0,2,1,2,0,1,0,0.00,66.17 ,50
03,015,00,006,0103,156 ,306,3,309,412,0,2,1,2,0,1,0,0.00,75.00 ,50
03,015,00,006,0104,157 ,151,5,156,207,0,2,1,2,0,1,0,0.00,75.36 ,50
03,015,00,006,0104,158 ,70,1,71,97,0,2,1,2,0,1,0,0.00,73.20 ,50
03,015,00,006,0105,159 ,542,10,552,824,0,2,1,2,0,1,0,0.00,66.99 ,50
03,015,00,006,0106,160 ,337,6,343,574,0,2,1,2,0,1,0,0.00,59.76 ,50
03,015,00,006,0107,161 ,551,8,559,826,0,2,1,2,0,1,0,0.00,67.68 ,50
03,015,00,006,0107,162 ,99,2,101,140,0,2,1,2,0,1,0,0.00,72.14 ,50
03,015,00,007,0108,163 ,828,12,840,1248,0,2,1,2,0,1,0,0.00,67.31 ,50
03,015,00,007,0109,164 ,677,8,685,983,0,2,1,2,0,1,0,0.00,69.68 ,50
03,015,00,007,0110,165 ,702,9,711,1153,0,2,1,2,0,1,0,0.00,61.67 ,50
03,015,00,007,0111,166 ,636,11,647,1042,0,2,1,2,0,1,0,0.00,62.09 ,50
03,015,00,007,0112,167 ,663,3,666,1028,0,2,1,2,0,1,0,0.00,64.79 ,50
03,015,00,007,0113,168 ,156,0,156,265,0,2,1,2,0,1,0,0.00,58.87 ,50
03,015,00,007,0113,169 ,583,7,590,954,0,2,1,2,0,1,0,0.00,61.84 ,50
03,015,00,007,0114,170 ,347,4,351,555,0,2,1,2,0,1,0,0.00,63.24 ,50
03,015,00,007,0115,171 ,590,6,596,918,0,2,1,2,0,1,0,0.00,64.92 ,50
03,015,00,007,0116,172 ,623,3,626,1043,0,2,1,2,0,1,0,0.00,60.02 ,50
03,015,00,007,0117,173 ,333,10,343,532,0,2,1,2,0,1,0,0.00,64.47 ,50
03,015,00,007,0118,174 ,439,6,445,643,0,2,1,2,0,1,0,0.00,69.21 ,50
03,015,00,007,0119,175 ,483,8,491,763,0,2,1,2,0,1,0,0.00,64.35 ,50
03,015,00,007,0119,176 ,95,1,96,164,0,2,1,2,0,1,0,0.00,58.54 ,50
03,015,00,007,0120,177 ,352,11,363,558,0,2,1,2,0,1,0,0.00,65.05 ,50
03,015,00,007,0121,178 ,263,3,266,433,0,2,1,2,0,1,0,0.00,61.43 ,50
03,015,00,007,0122,179 ,401,5,406,642,0,2,1,2,0,1,0,0.00,63.24 ,50
03,015,00,008,0123,180 ,466,10,476,894,0,2,1,2,0,1,0,0.00,53.24 ,50
03,015,00,008,0124,181 ,445,4,449,901,0,2,1,2,0,1,0,0.00,49.83 ,50
03,015,00,008,0125,182 ,139,2,141,221,0,2,1,2,0,1,0,0.00,63.80 ,50
03,015,00,008,0125,183 ,878,16,894,1497,0,2,1,2,0,1,0,0.00,59.72 ,50
03,015,00,008,0125,184 ,289,7,296,527,0,2,1,2,0,1,0,0.00,56.17 ,50
03,015,00,008,0126,185 ,443,2,445,728,0,2,1,2,0,1,0,0.00,61.13 ,50
03,015,00,008,0127,186 ,244,4,248,373,0,2,1,2,0,1,0,0.00,66.49 ,50
03,015,00,009,0128,187 ,477,4,481,723,0,2,1,2,0,1,0,0.00,66.53 ,50
03,015,00,009,0128,188 ,856,11,867,1379,0,2,1,2,0,1,0,0.00,62.87 ,50
03,015,00,009,0129,189 ,681,9,690,1032,0,2,1,2,0,1,0,0.00,66.86 ,50
03,015,00,009,0129,190 ,538,2,540,847,0,2,1,2,0,1,0,0.00,63.75 ,50
03,015,00,009,0130,191 ,402,6,408,609,0,2,1,2,0,1,0,0.00,67.00 ,50
03,015,00,009,0131,192 ,669,13,682,1049,0,2,1,2,0,1,0,0.00,65.01 ,50
03,015,00,009,0132,193 ,415,3,418,649,0,2,1,2,0,1,0,0.00,64.41 ,50
03,015,00,009,0133,194 ,604,11,615,996,0,2,1,2,0,1,0,0.00,61.75 ,50
03,015,00,009,0134,195 ,562,12,574,1028,0,2,1,2,0,1,0,0.00,55.84 ,50
03,015,00,009,0135,196 ,219,5,224,387,0,2,1,2,0,1,0,0.00,57.88 ,50
03,015,00,009,0136,197 ,629,6,635,974,0,2,1,2,0,1,0,0.00,65.20 ,50
03,015,00,009,0137,198 ,410,11,421,760,0,2,1,2,0,1,0,0.00,55.39 ,50
03,015,00,009,0138,199 ,608,18,626,1054,0,2,1,2,0,1,0,0.00,59.39 ,50
03,015,00,010,0139,200 ,326,5,331,631,0,2,1,2,0,1,0,0.00,52.46 ,50
03,015,00,010,0140,201 ,794,25,819,1472,0,2,1,2,0,1,0,0.00,55.64 ,50
03,015,00,010,0141,202 ,716,56,772,1301,0,2,1,2,0,1,0,0.00,59.34 ,50
03,015,00,010,0142,203 ,460,11,471,849,0,2,1,2,0,1,0,0.00,55.48 ,50
03,015,00,010,0143,204 ,723,9,732,1145,0,2,1,2,0,1,0,0.00,63.93 ,50
03,015,00,010,0144,205 ,260,4,264,486,0,2,1,2,0,1,0,0.00,54.32 ,50
03,015,00,010,0145,206 ,571,7,578,944,0,2,1,2,0,1,0,0.00,61.23 ,50
03,015,00,010,0146,207 ,287,4,291,454,0,2,1,2,0,1,0,0.00,64.10 ,50
03,015,00,010,0147,208 ,1077,12,1089,1764,0,2,1,2,0,1,0,0.00,61.73 ,50
03,015,00,010,0148,209 ,325,4,329,593,0,2,1,2,0,1,0,0.00,55.48 ,50
03,015,00,010,0149,210 ,448,13,461,811,0,2,1,2,0,1,0,0.00,56.84 ,50
03,015,00,010,0150,211 ,353,7,360,606,0,2,1,2,0,1,0,0.00,59.41 ,50
03,015,00,010,0151,212 ,399,4,403,695,0,2,1,2,0,1,0,0.00,57.99 ,50
03,015,00,011,0152,213 ,395,10,405,675,0,2,1,2,0,1,0,0.00,60.00 ,50
03,015,00,011,0152,214 ,294,3,297,426,0,2,1,2,0,1,0,0.00,69.72 ,50
03,015,00,011,0153,215 ,694,12,706,1094,0,2,1,2,0,1,0,0.00,64.53 ,50
03,015,00,011,0154,216 ,790,18,808,1202,0,2,1,2,0,1,0,0.00,67.22 ,50
03,015,00,011,0154,217 ,182,6,188,284,0,2,1,2,0,1,0,0.00,66.20 ,50
03,015,00,011,0155,218 ,823,11,834,1319,0,2,1,2,0,1,0,0.00,63.23 ,50
03,015,00,011,0156,219 ,557,11,568,851,0,2,1,2,0,1,0,0.00,66.75 ,50
03,015,00,011,0156,220 ,308,20,328,511,0,2,1,2,0,1,0,0.00,64.19 ,50
03,015,00,011,0157,221 ,437,8,445,674,0,2,1,2,0,1,0,0.00,66.02 ,50
03,015,00,011,0158,222 ,523,5,528,740,0,2,1,2,0,1,0,0.00,71.35 ,50
03,015,00,011,0159,223 ,630,5,635,917,0,2,1,2,0,1,0,0.00,69.25 ,50
03,015,00,011,0160,224 ,422,8,430,593,0,2,1,2,0,1,0,0.00,72.51 ,50
03,015,00,011,0160,225 ,168,5,173,274,0,2,1,2,0,1,0,0.00,63.14 ,50
03,015,00,012,0161,226 ,582,15,597,1010,0,2,1,2,0,1,0,0.00,59.11 ,50
03,015,00,012,0162,227 ,314,7,321,492,0,2,1,2,0,1,0,0.00,65.24 ,50
03,015,00,012,0163,228 ,413,5,418,647,0,2,1,2,0,1,0,0.00,64.61 ,50
03,015,00,012,0164,229 ,377,3,380,597,0,2,1,2,0,1,0,0.00,63.65 ,50
03,015,00,012,0165,230 ,208,2,210,348,0,2,1,2,0,1,0,0.00,60.34 ,50
03,015,00,012,0165,231 ,357,7,364,589,0,2,1,2,0,1,0,0.00,61.80 ,50
03,015,00,012,0166,232 ,608,18,626,1067,0,2,1,2,0,1,0,0.00,58.67 ,50
03,015,00,013,0167,233 ,309,9,318,544,0,2,1,2,0,1,0,0.00,58.46 ,50
03,015,00,013,0168,234 ,283,2,285,508,0,2,1,2,0,1,0,0.00,56.10 ,50
03,015,00,013,0168,235 ,333,9,342,533,0,2,1,2,0,1,0,0.00,64.17 ,50
03,015,00,013,0169,236 ,213,3,216,333,0,2,1,2,0,1,0,0.00,64.86 ,50
03,015,00,013,0169,237 ,232,6,238,354,0,2,1,2,0,1,0,0.00,67.23 ,50
03,015,00,013,0170,238 ,374,5,379,664,0,2,1,2,0,1,0,0.00,57.08 ,50
03,015,00,013,0171,239 ,316,7,323,574,0,2,1,2,0,1,0,0.00,56.27 ,50
03,015,00,013,0171,240 ,223,6,229,385,0,2,1,2,0,1,0,0.00,59.48 ,50
03,015,00,013,0172,241 ,199,2,201,386,0,2,1,2,0,1,0,0.00,52.07 ,50
03,015,00,013,0172,242 ,256,6,262,461,0,2,1,2,0,1,0,0.00,56.83 ,50
03,015,00,013,0172,243 ,126,0,126,201,0,2,1,2,0,1,0,0.00,62.69 ,50
03,016,00,001,0001,1 ,268,3,271,411,0,2,1,2,0,1,0,0.00,65.94 ,50
03,016,00,001,0002,2 ,261,0,261,349,0,2,1,2,0,1,0,0.00,74.79 ,50
03,016,00,001,0003,3 ,426,6,432,625,0,2,1,2,0,1,0,0.00,69.12 ,50
03,016,00,001,0004,4 ,379,8,387,553,0,2,1,2,0,1,0,0.00,69.98 ,50
03,016,00,001,0005,5 ,660,4,664,933,0,2,1,2,0,1,0,0.00,71.17 ,50
03,016,00,001,0006,6 ,786,10,796,1132,0,2,1,2,0,1,0,0.00,70.32 ,50
03,016,00,001,0007,7 ,546,8,554,768,0,2,1,2,0,1,0,0.00,72.14 ,50
03,016,00,001,0008,8 ,630,8,638,930,0,2,1,2,0,1,0,0.00,68.60 ,50
03,016,00,001,0008,9 ,612,9,621,863,0,2,1,2,0,1,0,0.00,71.96 ,50
03,016,00,001,0009,10 ,529,4,533,759,0,2,1,2,0,1,0,0.00,70.22 ,50
03,016,00,001,0009,11 ,412,9,421,644,0,2,1,2,0,1,0,0.00,65.37 ,50
03,016,00,001,0010,12 ,641,6,647,918,0,2,1,2,0,1,0,0.00,70.48 ,50
03,016,00,001,0010,13 ,930,13,943,1290,0,2,1,2,0,1,0,0.00,73.10 ,50
03,016,00,001,0011,14 ,894,4,898,1302,0,2,1,2,0,1,0,0.00,68.97 ,50
03,016,00,001,0011,15 ,786,3,789,1174,0,2,1,2,0,1,0,0.00,67.21 ,50
03,016,00,001,0011,16 ,1018,13,1031,1445,0,2,1,2,0,1,0,0.00,71.35 ,50
03,016,00,001,0012,17 ,761,13,774,1112,0,2,1,2,0,1,0,0.00,69.60 ,50
03,016,00,001,0012,18 ,769,7,776,1138,0,2,1,2,0,1,0,0.00,68.19 ,50
03,016,00,001,0013,19 ,577,10,587,814,0,2,1,2,0,1,0,0.00,72.11 ,50
03,016,00,001,0014,20 ,806,9,815,1158,0,2,1,2,0,1,0,0.00,70.38 ,50
03,016,00,001,0014,21 ,665,8,673,952,0,2,1,2,0,1,0,0.00,70.69 ,50
03,016,00,001,0015,22 ,637,6,643,919,0,2,1,2,0,1,0,0.00,69.97 ,50
03,016,00,001,0015,23 ,570,5,575,826,0,2,1,2,0,1,0,0.00,69.61 ,50
03,016,00,001,0016,24 ,1010,11,1021,1395,0,2,1,2,0,1,0,0.00,73.19 ,50
03,016,00,001,0017,25 ,858,6,864,1151,0,2,1,2,0,1,0,0.00,75.07 ,50
03,016,00,001,0018,26 ,333,5,338,512,0,2,1,2,0,1,0,0.00,66.02 ,50
03,016,00,001,0019,27 ,352,4,356,481,0,2,1,2,0,1,0,0.00,74.01 ,50
03,016,00,001,0020,28 ,704,9,713,1013,0,2,1,2,0,1,0,0.00,70.38 ,50
03,016,00,001,0021,29 ,246,5,251,328,0,2,1,2,0,1,0,0.00,76.52 ,50
03,016,00,001,0022,30 ,824,18,842,1126,0,2,1,2,0,1,0,0.00,74.78 ,50
03,016,00,001,0023,31 ,310,2,312,432,0,2,1,2,0,1,0,0.00,72.22 ,50
03,016,00,001,0024,32 ,363,4,367,532,0,2,1,2,0,1,0,0.00,68.98 ,50
03,016,00,001,0025,33 ,500,8,508,779,0,2,1,2,0,1,0,0.00,65.21 ,50
03,016,00,001,0026,34 ,237,1,238,325,0,2,1,2,0,1,0,0.00,73.23 ,50
03,016,00,001,0027,35 ,571,14,585,904,0,2,1,2,0,1,0,0.00,64.71 ,50
03,016,00,001,0027,36 ,585,10,595,956,0,2,1,2,0,1,0,0.00,62.24 ,50
03,016,00,001,0028,37 ,780,7,787,1246,0,2,1,2,0,1,0,0.00,63.16 ,50
03,016,00,001,0029,38 ,105,1,106,171,0,2,1,2,0,1,0,0.00,61.99 ,50
03,016,00,001,0030,39 ,214,7,221,319,0,2,1,2,0,1,0,0.00,69.28 ,50
03,016,00,001,0031,40 ,622,4,626,956,0,2,1,2,0,1,0,0.00,65.48 ,50
03,016,00,001,0032,41 ,570,12,582,1071,0,2,1,2,0,1,0,0.00,54.34 ,50
03,016,00,001,0033,42 ,223,9,232,547,0,2,1,2,0,1,0,0.00,42.41 ,50
03,016,00,001,0034,43 ,67,2,69,152,0,2,1,2,0,1,0,0.00,45.39 ,50
03,016,00,002,0035,44 ,544,12,556,808,0,2,1,2,0,1,0,0.00,68.81 ,50
03,016,00,002,0036,45 ,193,2,195,268,0,2,1,2,0,1,0,0.00,72.76 ,50
03,016,00,002,0037,46 ,131,1,132,212,0,2,1,2,0,1,0,0.00,62.26 ,50
03,016,00,002,0038,47 ,148,3,151,240,0,2,1,2,0,1,0,0.00,62.92 ,50
03,016,00,002,0039,48 ,357,2,359,598,0,2,1,2,0,1,0,0.00,60.03 ,50
03,016,00,002,0040,49 ,188,3,191,264,0,2,1,2,0,1,0,0.00,72.35 ,50
03,016,00,002,0041,50 ,316,5,321,508,0,2,1,2,0,1,0,0.00,63.19 ,50
03,016,00,002,0042,51 ,279,3,282,398,0,2,1,2,0,1,0,0.00,70.85 ,50
03,016,00,002,0043,52 ,263,4,267,386,0,2,1,2,0,1,0,0.00,69.17 ,50
03,016,00,002,0044,53 ,74,2,76,108,0,2,1,2,0,1,0,0.00,70.37 ,50
03,016,00,002,0045,54 ,476,6,482,741,0,2,1,2,0,1,0,0.00,65.05 ,50
03,016,00,002,0046,55 ,99,3,102,156,0,2,1,2,0,1,0,0.00,65.38 ,50
03,016,00,002,0047,56 ,197,2,199,385,0,2,1,2,0,1,0,0.00,51.69 ,50
03,016,00,002,0048,57 ,171,0,171,229,0,2,1,2,0,1,0,0.00,74.67 ,50
03,016,00,002,0049,58 ,118,2,120,182,0,2,1,2,0,1,0,0.00,65.93 ,50
03,016,00,002,0050,59 ,138,2,140,193,0,2,1,2,0,1,0,0.00,72.54 ,50
03,016,00,002,0051,60 ,50,0,50,76,0,2,1,2,0,1,0,0.00,65.79 ,50
03,016,00,002,0052,61 ,425,3,428,624,0,2,1,2,0,1,0,0.00,68.59 ,50
03,016,00,002,0053,62 ,520,6,526,793,0,2,1,2,0,1,0,0.00,66.33 ,50
03,016,00,002,0054,63 ,288,1,289,465,0,2,1,2,0,1,0,0.00,62.15 ,50
03,016,00,002,0055,64 ,474,8,482,743,0,2,1,2,0,1,0,0.00,64.87 ,50
03,016,00,002,0055,65 ,493,3,496,741,0,2,1,2,0,1,0,0.00,66.94 ,50
03,016,00,002,0056,66 ,383,5,388,605,0,2,1,2,0,1,0,0.00,64.13 ,50
03,016,00,003,0057,67 ,273,6,279,400,0,2,1,2,0,1,0,0.00,69.75 ,50
03,016,00,003,0058,68 ,353,3,356,499,0,2,1,2,0,1,0,0.00,71.34 ,50
03,016,00,003,0059,69 ,62,0,62,87,0,2,1,2,0,1,0,0.00,71.26 ,50
03,016,00,003,0060,70 ,76,0,76,103,0,2,1,2,0,1,0,0.00,73.79 ,50
03,016,00,003,0061,71 ,160,2,162,262,0,2,1,2,0,1,0,0.00,61.83 ,50
03,016,00,003,0062,72 ,107,2,109,179,0,2,1,2,0,1,0,0.00,60.89 ,50
03,016,00,003,0063,73 ,100,0,100,164,0,2,1,2,0,1,0,0.00,60.98 ,50
03,016,00,003,0064,74 ,769,16,785,1225,0,2,1,2,0,1,0,0.00,64.08 ,50
03,016,00,003,0065,75 ,174,1,175,273,0,2,1,2,0,1,0,0.00,64.10 ,50
03,016,00,003,0066,76 ,366,8,374,635,0,2,1,2,0,1,0,0.00,58.90 ,50
03,016,00,003,0067,77 ,437,5,442,704,0,2,1,2,0,1,0,0.00,62.78 ,50
03,016,00,003,0068,78 ,526,4,530,1129,0,2,1,2,0,1,0,0.00,46.94 ,50
03,016,00,003,0069,79 ,390,5,395,825,0,2,1,2,0,1,0,0.00,47.88 ,50
03,016,00,003,0070,80 ,99,0,99,180,0,2,1,2,0,1,0,0.00,55.00 ,50
03,016,00,003,0071,81 ,87,0,87,157,0,2,1,2,0,1,0,0.00,55.41 ,50
03,016,00,004,0072,82 ,138,4,142,241,0,2,1,2,0,1,0,0.00,58.92 ,50
03,016,00,004,0073,83 ,232,5,237,418,0,2,1,2,0,1,0,0.00,56.70 ,50
03,016,00,004,0074,84 ,433,9,442,782,0,2,1,2,0,1,0,0.00,56.52 ,50
03,016,00,004,0075,85 ,160,2,162,243,0,2,1,2,0,1,0,0.00,66.67 ,50
03,016,00,004,0076,86 ,335,8,343,609,0,2,1,2,0,1,0,0.00,56.32 ,50
03,016,00,004,0077,87 ,52,2,54,98,0,2,1,2,0,1,0,0.00,55.10 ,50
03,016,00,004,0078,88 ,312,7,319,496,0,2,1,2,0,1,0,0.00,64.31 ,50
03,016,00,004,0079,89 ,114,4,118,199,0,2,1,2,0,1,0,0.00,59.30 ,50
03,016,00,004,0080,90 ,333,6,339,604,0,2,1,2,0,1,0,0.00,56.13 ,50
03,016,00,004,0081,91 ,730,8,738,1189,0,2,1,2,0,1,0,0.00,62.07 ,50
03,016,00,004,0082,92 ,417,6,423,774,0,2,1,2,0,1,0,0.00,54.65 ,50
03,016,00,004,0082,93 ,514,6,520,898,0,2,1,2,0,1,0,0.00,57.91 ,50
03,016,00,005,0083,94 ,197,3,200,384,0,2,1,2,0,1,0,0.00,52.08 ,50
03,016,00,005,0084,95 ,174,4,178,325,0,2,1,2,0,1,0,0.00,54.77 ,50
03,016,00,005,0085,96 ,90,2,92,199,0,2,1,2,0,1,0,0.00,46.23 ,50
03,016,00,005,0086,97 ,107,4,111,230,0,2,1,2,0,1,0,0.00,48.26 ,50
03,016,00,005,0087,98 ,406,12,418,1047,0,2,1,2,0,1,0,0.00,39.92 ,50
03,016,00,005,0088,99 ,24,0,24,67,0,2,1,2,0,1,0,0.00,35.82 ,50
03,016,00,005,0089,100 ,67,0,67,174,0,2,1,2,0,1,0,0.00,38.51 ,50
03,016,00,005,0090,101 ,35,2,37,108,0,2,1,2,0,1,0,0.00,34.26 ,50
03,016,00,005,0091,102 ,121,2,123,226,0,2,1,2,0,1,0,0.00,54.42 ,50
03,016,00,006,0092,103 ,119,6,125,225,0,2,1,2,0,1,0,0.00,55.56 ,50
03,016,00,006,0093,104 ,181,7,188,378,0,2,1,2,0,1,0,0.00,49.74 ,50
03,016,00,006,0094,105 ,214,4,218,425,0,2,1,2,0,1,0,0.00,51.29 ,50
03,016,00,006,0095,106 ,124,1,125,225,0,2,1,2,0,1,0,0.00,55.56 ,50
03,016,00,006,0096,107 ,116,5,121,240,0,2,1,2,0,1,0,0.00,50.42 ,50
03,016,00,006,0097,108 ,428,9,437,773,0,2,1,2,0,1,0,0.00,56.53 ,50
03,017,00,001,0001,1 ,604,7,611,762,0,2,1,2,0,1,0,0.00,80.18 ,50
03,017,00,001,0002,2 ,1030,10,1040,1457,0,2,1,2,0,1,0,0.00,71.38 ,50
03,017,00,001,0002,3 ,697,13,710,989,0,2,1,2,0,1,0,0.00,71.79 ,50
03,017,00,001,0003,4 ,1280,15,1295,1688,0,2,1,2,0,1,0,0.00,76.72 ,50
03,017,00,001,0004,5 ,984,13,997,1354,0,2,1,2,0,1,0,0.00,73.63 ,50
03,017,00,001,0004,6 ,932,12,944,1488,0,2,1,2,0,1,0,0.00,63.44 ,50
03,017,00,001,0004,7 ,809,10,819,1178,0,2,1,2,0,1,0,0.00,69.52 ,50
03,017,00,001,0005,8 ,1272,9,1281,1694,0,2,1,2,0,1,0,0.00,75.62 ,50
03,017,00,001,0006,9 ,883,7,890,1210,0,2,1,2,0,1,0,0.00,73.55 ,50
03,017,00,001,0006,10 ,761,6,767,1018,0,2,1,2,0,1,0,0.00,75.34 ,50
03,017,00,001,0007,11 ,852,4,856,1184,0,2,1,2,0,1,0,0.00,72.30 ,50
03,017,00,001,0008,12 ,960,11,971,1362,0,2,1,2,0,1,0,0.00,71.29 ,50
03,017,00,001,0009,13 ,1109,15,1124,1506,0,2,1,2,0,1,0,0.00,74.63 ,50
03,017,00,001,0010,14 ,795,5,800,1060,0,2,1,2,0,1,0,0.00,75.47 ,50
03,017,00,001,0010,15 ,802,9,811,1118,0,2,1,2,0,1,0,0.00,72.54 ,50
03,017,00,001,0011,16 ,1278,9,1287,1742,0,2,1,2,0,1,0,0.00,73.88 ,50
03,017,00,001,0012,17 ,867,10,877,1151,0,2,1,2,0,1,0,0.00,76.19 ,50
03,017,00,001,0012,18 ,984,10,994,1257,0,2,1,2,0,1,0,0.00,79.08 ,50
03,017,00,001,0013,19 ,854,8,862,1175,0,2,1,2,0,1,0,0.00,73.36 ,50
03,017,00,001,0013,20 ,757,9,766,1035,0,2,1,2,0,1,0,0.00,74.01 ,50
03,017,00,001,0014,21 ,1242,8,1250,1639,0,2,1,2,0,1,0,0.00,76.27 ,50
03,017,00,001,0015,22 ,854,8,862,1101,0,2,1,2,0,1,0,0.00,78.29 ,50
03,017,00,001,0015,23 ,1056,5,1061,1410,0,2,1,2,0,1,0,0.00,75.25 ,50
03,017,00,001,0016,24 ,1222,7,1229,1592,0,2,1,2,0,1,0,0.00,77.20 ,50
03,017,00,001,0017,25 ,1101,13,1114,1514,0,2,1,2,0,1,0,0.00,73.58 ,50
03,017,00,001,0018,26 ,1273,14,1287,1674,0,2,1,2,0,1,0,0.00,76.88 ,50
03,017,00,001,0019,27 ,1194,6,1200,1606,0,2,1,2,0,1,0,0.00,74.72 ,50
03,017,00,001,0020,28 ,1113,8,1121,1467,0,2,1,2,0,1,0,0.00,76.41 ,50
03,017,00,001,0021,29 ,984,12,996,1304,0,2,1,2,0,1,0,0.00,76.38 ,50
03,017,00,001,0022,30 ,962,6,968,1238,0,2,1,2,0,1,0,0.00,78.19 ,50
03,017,00,001,0023,31 ,1159,13,1172,1502,0,2,1,2,0,1,0,0.00,78.03 ,50
03,017,00,001,0024,32 ,691,4,695,918,0,2,1,2,0,1,0,0.00,75.71 ,50
03,017,00,002,0025,33 ,1267,12,1279,1674,0,2,1,2,0,1,0,0.00,76.40 ,50
03,017,00,002,0025,34 ,1789,19,1808,2314,0,2,1,2,0,1,0,0.00,78.13 ,50
03,017,00,002,0026,35 ,960,10,970,1203,0,2,1,2,0,1,0,0.00,80.63 ,50
03,017,00,002,0026,36 ,649,7,656,850,0,2,1,2,0,1,0,0.00,77.18 ,50
03,017,00,002,0027,37 ,1125,6,1131,1459,0,2,1,2,0,1,0,0.00,77.52 ,50
03,017,00,002,0027,38 ,634,12,646,817,0,2,1,2,0,1,0,0.00,79.07 ,50
03,017,00,002,0028,39 ,1432,12,1444,1861,0,2,1,2,0,1,0,0.00,77.59 ,50
03,017,00,002,0028,40 ,1455,11,1466,1822,0,2,1,2,0,1,0,0.00,80.46 ,50
03,017,00,002,0029,41 ,939,7,946,1199,0,2,1,2,0,1,0,0.00,78.90 ,50
03,017,00,002,0029,42 ,867,8,875,1098,0,2,1,2,0,1,0,0.00,79.69 ,50
03,017,00,002,0030,43 ,1005,13,1018,1315,0,2,1,2,0,1,0,0.00,77.41 ,50
03,017,00,002,0030,44 ,759,3,762,965,0,2,1,2,0,1,0,0.00,78.96 ,50
03,017,00,002,0031,45 ,208,4,212,275,0,2,1,2,0,1,0,0.00,77.09 ,50
03,017,00,002,0031,46 ,1024,8,1032,1278,0,2,1,2,0,1,0,0.00,80.75 ,50
03,017,00,002,0032,47 ,680,7,687,898,0,2,1,2,0,1,0,0.00,76.50 ,50
03,017,00,002,0033,48 ,1059,6,1065,1363,0,2,1,2,0,1,0,0.00,78.14 ,50
03,017,00,002,0033,49 ,863,13,876,1097,0,2,1,2,0,1,0,0.00,79.85 ,50
03,017,00,002,0034,50 ,850,8,858,1104,0,2,1,2,0,1,0,0.00,77.72 ,50
03,017,00,002,0035,51 ,978,13,991,1303,0,2,1,2,0,1,0,0.00,76.06 ,50
03,017,00,002,0035,52 ,1085,11,1096,1547,0,2,1,2,0,1,0,0.00,70.85 ,50
03,017,00,002,0036,53 ,931,10,941,1189,0,2,1,2,0,1,0,0.00,79.14 ,50
03,017,00,002,0036,54 ,1000,24,1024,1328,0,2,1,2,0,1,0,0.00,77.11 ,50
03,017,00,002,0037,55 ,1410,17,1427,1840,0,2,1,2,0,1,0,0.00,77.55 ,50
03,017,00,002,0037,56 ,1333,12,1345,1754,0,2,1,2,0,1,0,0.00,76.68 ,50
03,017,00,002,0038,57 ,1183,8,1191,1517,0,2,1,2,0,1,0,0.00,78.51 ,50
03,017,00,002,0038,58 ,1310,15,1325,1732,0,2,1,2,0,1,0,0.00,76.50 ,50
03,017,00,002,0039,59 ,322,2,324,429,0,2,1,2,0,1,0,0.00,75.52 ,50
03,017,00,002,0040,60 ,273,2,275,346,0,2,1,2,0,1,0,0.00,79.48 ,50
03,017,00,002,0041,61 ,303,1,304,388,0,2,1,2,0,1,0,0.00,78.35 ,50
03,017,00,002,0042,62 ,696,7,703,904,0,2,1,2,0,1,0,0.00,77.77 ,50
03,017,00,002,0043,63 ,346,3,349,456,0,2,1,2,0,1,0,0.00,76.54 ,50
03,017,00,003,0044,64 ,945,8,953,1269,0,2,1,2,0,1,0,0.00,75.10 ,50
03,017,00,003,0045,65 ,533,11,544,706,0,2,1,2,0,1,0,0.00,77.05 ,50
03,017,00,003,0046,66 ,726,8,734,945,0,2,1,2,0,1,0,0.00,77.67 ,50
03,017,00,003,0047,67 ,410,5,415,589,0,2,1,2,0,1,0,0.00,70.46 ,50
03,017,00,003,0048,68 ,1117,8,1125,1495,0,2,1,2,0,1,0,0.00,75.25 ,50
03,017,00,003,0048,69 ,943,8,951,1244,0,2,1,2,0,1,0,0.00,76.45 ,50
03,017,00,003,0049,70 ,786,4,790,999,0,2,1,2,0,1,0,0.00,79.08 ,50
03,017,00,003,0049,71 ,737,7,744,947,0,2,1,2,0,1,0,0.00,78.56 ,50
03,017,00,003,0050,72 ,1383,14,1397,1751,0,2,1,2,0,1,0,0.00,79.78 ,50
03,017,00,003,0051,73 ,290,2,292,399,0,2,1,2,0,1,0,0.00,73.18 ,50
03,017,00,003,0052,74 ,1383,16,1399,1813,0,2,1,2,0,1,0,0.00,77.16 ,50
03,017,00,003,0052,75 ,1021,4,1025,1322,0,2,1,2,0,1,0,0.00,77.53 ,50
03,017,00,003,0053,76 ,670,2,672,856,0,2,1,2,0,1,0,0.00,78.50 ,50
03,017,00,003,0053,77 ,836,4,840,1099,0,2,1,2,0,1,0,0.00,76.43 ,50
03,017,00,003,0054,78 ,2346,15,2361,3072,0,2,1,2,0,1,0,0.00,76.86 ,50
03,017,00,003,0055,79 ,1151,10,1161,1475,0,2,1,2,0,1,0,0.00,78.71 ,50
03,017,00,003,0055,80 ,1123,10,1133,1461,0,2,1,2,0,1,0,0.00,77.55 ,50
03,017,00,004,0056,81 ,636,7,643,894,0,2,1,2,0,1,0,0.00,71.92 ,50
03,017,00,004,0056,82 ,831,6,837,1092,0,2,1,2,0,1,0,0.00,76.65 ,50
03,017,00,004,0057,83 ,865,6,871,1063,0,2,1,2,0,1,0,0.00,81.94 ,50
03,017,00,004,0058,84 ,1337,11,1348,1718,0,2,1,2,0,1,0,0.00,78.46 ,50
03,017,00,004,0059,85 ,1486,12,1498,1965,0,2,1,2,0,1,0,0.00,76.23 ,50
03,017,00,004,0060,86 ,1072,3,1075,1344,0,2,1,2,0,1,0,0.00,79.99 ,50
03,017,00,004,0060,87 ,930,11,941,1210,0,2,1,2,0,1,0,0.00,77.77 ,50
03,017,00,004,0061,88 ,1043,10,1053,1326,0,2,1,2,0,1,0,0.00,79.41 ,50
03,017,00,004,0062,89 ,907,3,910,1199,0,2,1,2,0,1,0,0.00,75.90 ,50
03,017,00,004,0063,90 ,1002,4,1006,1272,0,2,1,2,0,1,0,0.00,79.09 ,50
03,017,00,004,0064,91 ,915,6,921,1161,0,2,1,2,0,1,0,0.00,79.33 ,50
03,017,00,004,0065,92 ,987,7,994,1235,0,2,1,2,0,1,0,0.00,80.49 ,50
03,017,00,004,0065,93 ,460,5,465,586,0,2,1,2,0,1,0,0.00,79.35 ,50
03,017,00,004,0066,94 ,670,4,674,953,0,2,1,2,0,1,0,0.00,70.72 ,50
03,017,00,004,0067,95 ,883,4,887,1129,0,2,1,2,0,1,0,0.00,78.57 ,50
03,017,00,004,0068,96 ,1299,11,1310,1626,0,2,1,2,0,1,0,0.00,80.57 ,50
03,017,00,004,0068,97 ,1340,10,1350,1695,0,2,1,2,0,1,0,0.00,79.65 ,50
03,017,00,004,0069,98 ,692,2,694,948,0,2,1,2,0,1,0,0.00,73.21 ,50
03,017,00,004,0070,99 ,660,5,665,864,0,2,1,2,0,1,0,0.00,76.97 ,50
03,017,00,004,0070,100 ,597,7,604,827,0,2,1,2,0,1,0,0.00,73.04 ,50
03,017,00,004,0071,101 ,675,10,685,954,0,2,1,2,0,1,0,0.00,71.80 ,50
03,017,00,004,0072,102 ,967,9,976,1343,0,2,1,2,0,1,0,0.00,72.67 ,50
03,017,00,004,0073,103 ,801,5,806,1047,0,2,1,2,0,1,0,0.00,76.98 ,50
03,017,00,004,0074,104 ,753,6,759,996,0,2,1,2,0,1,0,0.00,76.20 ,50
03,017,00,004,0075,105 ,974,10,984,1288,0,2,1,2,0,1,0,0.00,76.40 ,50
03,017,00,004,0076,106 ,628,1,629,798,0,2,1,2,0,1,0,0.00,78.82 ,50
03,017,00,004,0077,107 ,1031,9,1040,1341,0,2,1,2,0,1,0,0.00,77.55 ,50
03,017,00,004,0078,108 ,1004,14,1018,1312,0,2,1,2,0,1,0,0.00,77.59 ,50
03,017,00,004,0079,109 ,659,8,667,871,0,2,1,2,0,1,0,0.00,76.58 ,50
03,017,00,004,0079,110 ,736,12,748,997,0,2,1,2,0,1,0,0.00,75.03 ,50
03,017,00,004,0080,111 ,646,5,651,846,0,2,1,2,0,1,0,0.00,76.95 ,50
03,017,00,004,0080,112 ,940,8,948,1215,0,2,1,2,0,1,0,0.00,78.02 ,50
03,017,00,004,0081,113 ,667,4,671,840,0,2,1,2,0,1,0,0.00,79.88 ,50
03,017,00,004,0082,114 ,632,5,637,775,0,2,1,2,0,1,0,0.00,82.19 ,50
03,017,00,004,0083,115 ,731,4,735,969,0,2,1,2,0,1,0,0.00,75.85 ,50
03,017,00,004,0084,116 ,712,2,714,901,0,2,1,2,0,1,0,0.00,79.25 ,50
03,017,00,005,0085,117 ,729,7,736,929,0,2,1,2,0,1,0,0.00,79.22 ,50
03,017,00,005,0086,118 ,985,10,995,1256,0,2,1,2,0,1,0,0.00,79.22 ,50
03,017,00,005,0087,119 ,817,5,822,1055,0,2,1,2,0,1,0,0.00,77.91 ,50
03,017,00,005,0088,120 ,982,11,993,1273,0,2,1,2,0,1,0,0.00,78.00 ,50
03,017,00,005,0089,121 ,916,5,921,1190,0,2,1,2,0,1,0,0.00,77.39 ,50
03,017,00,005,0090,122 ,1169,8,1177,1535,0,2,1,2,0,1,0,0.00,76.68 ,50
03,017,00,005,0091,123 ,683,17,700,918,0,2,1,2,0,1,0,0.00,76.25 ,50
03,017,00,005,0092,124 ,1377,12,1389,1798,0,2,1,2,0,1,0,0.00,77.25 ,50
03,017,00,005,0093,125 ,1065,15,1080,1423,0,2,1,2,0,1,0,0.00,75.90 ,50
03,017,00,005,0094,126 ,728,4,732,975,0,2,1,2,0,1,0,0.00,75.08 ,50
03,017,00,005,0094,127 ,711,6,717,1020,0,2,1,2,0,1,0,0.00,70.29 ,50
03,017,00,005,0095,128 ,1105,14,1119,1413,0,2,1,2,0,1,0,0.00,79.19 ,50
03,017,00,005,0095,129 ,609,12,621,811,0,2,1,2,0,1,0,0.00,76.57 ,50
03,017,00,005,0096,130 ,643,13,656,888,0,2,1,2,0,1,0,0.00,73.87 ,50
03,017,00,005,0097,131 ,638,8,646,895,0,2,1,2,0,1,0,0.00,72.18 ,50
03,017,00,005,0098,132 ,845,14,859,1129,0,2,1,2,0,1,0,0.00,76.09 ,50
03,017,00,005,0099,133 ,497,4,501,634,0,2,1,2,0,1,0,0.00,79.02 ,50
03,017,00,005,0099,134 ,813,10,823,1083,0,2,1,2,0,1,0,0.00,75.99 ,50
03,017,00,005,0100,135 ,858,7,865,1177,0,2,1,2,0,1,0,0.00,73.49 ,50
03,017,00,005,0101,136 ,1839,17,1856,2405,0,2,1,2,0,1,0,0.00,77.17 ,50
03,017,00,005,0102,137 ,1494,8,1502,1938,0,2,1,2,0,1,0,0.00,77.50 ,50
03,017,00,005,0102,138 ,1013,13,1026,1262,0,2,1,2,0,1,0,0.00,81.30 ,50
03,017,00,005,0103,139 ,1104,11,1115,1456,0,2,1,2,0,1,0,0.00,76.58 ,50
03,017,00,005,0103,140 ,1215,12,1227,1694,0,2,1,2,0,1,0,0.00,72.43 ,50
03,017,00,005,0104,141 ,1438,18,1456,1988,0,2,1,2,0,1,0,0.00,73.24 ,50
03,017,00,005,0105,142 ,878,5,883,1150,0,2,1,2,0,1,0,0.00,76.78 ,50
03,017,00,005,0106,143 ,930,10,940,1192,0,2,1,2,0,1,0,0.00,78.86 ,50
03,017,00,005,0107,144 ,777,5,782,956,0,2,1,2,0,1,0,0.00,81.80 ,50
03,017,00,006,0108,145 ,1375,13,1388,1820,0,2,1,2,0,1,0,0.00,76.26 ,50
03,017,00,006,0109,146 ,1180,7,1187,1567,0,2,1,2,0,1,0,0.00,75.75 ,50
03,017,00,006,0110,147 ,1084,10,1094,1409,0,2,1,2,0,1,0,0.00,77.64 ,50
03,017,00,006,0111,148 ,1143,17,1160,1492,0,2,1,2,0,1,0,0.00,77.75 ,50
03,017,00,006,0112,149 ,1309,5,1314,1734,0,2,1,2,0,1,0,0.00,75.78 ,50
03,017,00,006,0112,150 ,685,11,696,911,0,2,1,2,0,1,0,0.00,76.40 ,50
03,017,00,006,0113,151 ,1178,10,1188,1584,0,2,1,2,0,1,0,0.00,75.00 ,50
03,017,00,006,0113,152 ,410,4,414,558,0,2,1,2,0,1,0,0.00,74.19 ,50
03,017,00,006,0114,153 ,867,11,878,1149,0,2,1,2,0,1,0,0.00,76.41 ,50
03,017,00,006,0115,154 ,752,6,758,965,0,2,1,2,0,1,0,0.00,78.55 ,50
03,017,00,006,0116,155 ,667,4,671,849,0,2,1,2,0,1,0,0.00,79.03 ,50
03,017,00,006,0117,156 ,1336,14,1350,1756,0,2,1,2,0,1,0,0.00,76.88 ,50
03,017,00,006,0117,157 ,1259,17,1276,1669,0,2,1,2,0,1,0,0.00,76.45 ,50
03,017,00,006,0118,158 ,1068,7,1075,1315,0,2,1,2,0,1,0,0.00,81.75 ,50
03,017,00,006,0118,159 ,967,9,976,1296,0,2,1,2,0,1,0,0.00,75.31 ,50
03,017,00,006,0119,160 ,1255,5,1260,1585,0,2,1,2,0,1,0,0.00,79.50 ,50
03,017,00,006,0119,161 ,1136,11,1147,1478,0,2,1,2,0,1,0,0.00,77.60 ,50
03,017,00,006,0120,162 ,1337,9,1346,1759,0,2,1,2,0,1,0,0.00,76.52 ,50
03,017,00,006,0120,163 ,1328,12,1340,1722,0,2,1,2,0,1,0,0.00,77.82 ,50
03,017,00,006,0121,164 ,1223,9,1232,1528,0,2,1,2,0,1,0,0.00,80.63 ,50
03,017,00,006,0122,165 ,1471,14,1485,1941,0,2,1,2,0,1,0,0.00,76.51 ,50
03,017,00,006,0122,166 ,1477,23,1500,1908,0,2,1,2,0,1,0,0.00,78.62 ,50
03,017,00,006,0123,167 ,1390,5,1395,1752,0,2,1,2,0,1,0,0.00,79.62 ,50
03,017,00,006,0123,168 ,1411,12,1423,1823,0,2,1,2,0,1,0,0.00,78.06 ,50
03,017,00,006,0124,169 ,1349,18,1367,1764,0,2,1,2,0,1,0,0.00,77.49 ,50
03,017,00,006,0124,170 ,759,5,764,1080,0,2,1,2,0,1,0,0.00,70.74 ,50
03,017,00,006,0125,171 ,1258,13,1271,1587,0,2,1,2,0,1,0,0.00,80.09 ,50
03,017,00,006,0125,172 ,1226,17,1243,1657,0,2,1,2,0,1,0,0.00,75.02 ,50
03,017,00,006,0126,173 ,846,14,860,1121,0,2,1,2,0,1,0,0.00,76.72 ,50
03,017,00,006,0127,174 ,802,10,812,1117,0,2,1,2,0,1,0,0.00,72.69 ,50
03,017,00,006,0127,175 ,971,6,977,1327,0,2,1,2,0,1,0,0.00,73.62 ,50
03,017,00,007,0128,176 ,977,6,983,1272,0,2,1,2,0,1,0,0.00,77.28 ,50
03,017,00,007,0129,177 ,1072,6,1078,1322,0,2,1,2,0,1,0,0.00,81.54 ,50
03,017,00,007,0130,178 ,955,3,958,1216,0,2,1,2,0,1,0,0.00,78.78 ,50
03,017,00,007,0131,179 ,1111,6,1117,1354,0,2,1,2,0,1,0,0.00,82.50 ,50
03,017,00,007,0131,180 ,955,9,964,1224,0,2,1,2,0,1,0,0.00,78.76 ,50
03,017,00,007,0132,181 ,703,5,708,893,0,2,1,2,0,1,0,0.00,79.28 ,50
03,017,00,007,0133,182 ,1133,6,1139,1492,0,2,1,2,0,1,0,0.00,76.34 ,50
03,017,00,007,0134,183 ,661,10,671,844,0,2,1,2,0,1,0,0.00,79.50 ,50
03,017,00,007,0135,184 ,601,3,604,803,0,2,1,2,0,1,0,0.00,75.22 ,50
03,017,00,007,0135,185 ,832,7,839,1122,0,2,1,2,0,1,0,0.00,74.78 ,50
03,017,00,007,0136,186 ,1255,7,1262,1610,0,2,1,2,0,1,0,0.00,78.39 ,50
03,017,00,007,0137,187 ,1316,9,1325,1698,0,2,1,2,0,1,0,0.00,78.03 ,50
03,017,00,007,0138,188 ,1344,12,1356,1715,0,2,1,2,0,1,0,0.00,79.07 ,50
03,017,00,007,0138,189 ,532,5,537,719,0,2,1,2,0,1,0,0.00,74.69 ,50
03,017,00,007,0139,190 ,773,6,779,1023,0,2,1,2,0,1,0,0.00,76.15 ,50
03,017,00,007,0139,191 ,920,5,925,1220,0,2,1,2,0,1,0,0.00,75.82 ,50
03,017,00,007,0140,192 ,1314,10,1324,1788,0,2,1,2,0,1,0,0.00,74.05 ,50
03,017,00,007,0141,193 ,1126,8,1134,1472,0,2,1,2,0,1,0,0.00,77.04 ,50
03,017,00,007,0141,194 ,945,5,950,1321,0,2,1,2,0,1,0,0.00,71.92 ,50
03,017,00,007,0142,195 ,1104,5,1109,1406,0,2,1,2,0,1,0,0.00,78.88 ,50
03,017,00,007,0142,196 ,1066,6,1072,1388,0,2,1,2,0,1,0,0.00,77.23 ,50
03,017,00,007,0143,197 ,1563,10,1573,2072,0,2,1,2,0,1,0,0.00,75.92 ,50
03,017,00,007,0143,198 ,1583,15,1598,2127,0,2,1,2,0,1,0,0.00,75.13 ,50
03,017,00,007,0144,199 ,525,5,530,749,0,2,1,2,0,1,0,0.00,70.76 ,50
03,018,00,001,0001,1 ,803,7,810,1114,0,2,1,2,0,1,0,0.00,72.71 ,50
03,018,00,001,0002,2 ,731,7,738,967,0,2,1,2,0,1,0,0.00,76.32 ,50
03,018,00,001,0002,3 ,712,7,719,966,0,2,1,2,0,1,0,0.00,74.43 ,50
03,018,00,001,0003,4 ,672,5,677,896,0,2,1,2,0,1,0,0.00,75.56 ,50
03,018,00,001,0004,5 ,611,6,617,841,0,2,1,2,0,1,0,0.00,73.37 ,50
03,018,00,001,0005,6 ,410,4,414,561,0,2,1,2,0,1,0,0.00,73.80 ,50
03,018,00,001,0006,7 ,465,3,468,626,0,2,1,2,0,1,0,0.00,74.76 ,50
03,018,00,001,0007,8 ,1005,8,1013,1308,0,2,1,2,0,1,0,0.00,77.45 ,50
03,018,00,001,0007,9 ,445,9,454,596,0,2,1,2,0,1,0,0.00,76.17 ,50
03,018,00,001,0008,10 ,765,6,771,988,0,2,1,2,0,1,0,0.00,78.04 ,50
03,018,00,001,0008,11 ,749,8,757,920,0,2,1,2,0,1,0,0.00,82.28 ,50
03,018,00,001,0008,12 ,766,12,778,981,0,2,1,2,0,1,0,0.00,79.31 ,50
03,018,00,001,0009,13 ,1172,11,1183,1546,0,2,1,2,0,1,0,0.00,76.52 ,50
03,018,00,001,0009,14 ,1248,9,1257,1585,0,2,1,2,0,1,0,0.00,79.31 ,50
03,018,00,001,0010,15 ,881,7,888,1162,0,2,1,2,0,1,0,0.00,76.42 ,50
03,018,00,001,0010,16 ,1016,12,1028,1316,0,2,1,2,0,1,0,0.00,78.12 ,50
03,018,00,001,0011,17 ,916,13,929,1174,0,2,1,2,0,1,0,0.00,79.13 ,50
03,018,00,001,0011,18 ,1088,12,1100,1354,0,2,1,2,0,1,0,0.00,81.24 ,50
03,018,00,001,0011,19 ,851,9,860,1099,0,2,1,2,0,1,0,0.00,78.25 ,50
03,018,00,001,0012,20 ,640,6,646,814,0,2,1,2,0,1,0,0.00,79.36 ,50
03,018,00,001,0012,21 ,821,8,829,1086,0,2,1,2,0,1,0,0.00,76.34 ,50
03,018,00,001,0013,22 ,659,7,666,904,0,2,1,2,0,1,0,0.00,73.67 ,50
03,018,00,001,0013,23 ,716,6,722,940,0,2,1,2,0,1,0,0.00,76.81 ,50
03,018,00,001,0014,24 ,955,13,968,1204,0,2,1,2,0,1,0,0.00,80.40 ,50
03,018,00,001,0014,25 ,701,6,707,903,0,2,1,2,0,1,0,0.00,78.29 ,50
03,018,00,001,0015,26 ,680,8,688,886,0,2,1,2,0,1,0,0.00,77.65 ,50
03,018,00,001,0015,27 ,720,7,727,954,0,2,1,2,0,1,0,0.00,76.21 ,50
03,018,00,001,0015,28 ,732,9,741,943,0,2,1,2,0,1,0,0.00,78.58 ,50
03,018,00,001,0016,29 ,960,12,972,1238,0,2,1,2,0,1,0,0.00,78.51 ,50
03,018,00,001,0016,30 ,922,9,931,1218,0,2,1,2,0,1,0,0.00,76.44 ,50
03,018,00,001,0016,31 ,1132,11,1143,1411,0,2,1,2,0,1,0,0.00,81.01 ,50
03,018,00,001,0017,32 ,1245,16,1261,1650,0,2,1,2,0,1,0,0.00,76.42 ,50
03,018,00,001,0018,33 ,758,7,765,999,0,2,1,2,0,1,0,0.00,76.58 ,50
03,018,00,001,0019,34 ,1019,14,1033,1386,0,2,1,2,0,1,0,0.00,74.53 ,50
03,018,00,001,0019,35 ,637,9,646,827,0,2,1,2,0,1,0,0.00,78.11 ,50
03,018,00,001,0020,36 ,1090,19,1109,1388,0,2,1,2,0,1,0,0.00,79.90 ,50
03,018,00,001,0020,37 ,1128,13,1141,1450,0,2,1,2,0,1,0,0.00,78.69 ,50
03,018,00,001,0021,38 ,1127,30,1157,1414,0,2,1,2,0,1,0,0.00,81.82 ,50
03,018,00,001,0022,39 ,1139,13,1152,1512,0,2,1,2,0,1,0,0.00,76.19 ,50
03,018,00,001,0022,40 ,943,8,951,1242,0,2,1,2,0,1,0,0.00,76.57 ,50
03,018,00,001,0023,41 ,596,5,601,799,0,2,1,2,0,1,0,0.00,75.22 ,50
03,018,00,001,0024,42 ,349,3,352,520,0,2,1,2,0,1,0,0.00,67.69 ,50
03,018,00,001,0025,43 ,1077,17,1094,1372,0,2,1,2,0,1,0,0.00,79.74 ,50
03,018,00,001,0025,44 ,1242,5,1247,1576,0,2,1,2,0,1,0,0.00,79.12 ,50
03,018,00,001,0026,45 ,953,18,971,1248,0,2,1,2,0,1,0,0.00,77.80 ,50
03,018,00,001,0027,46 ,1364,14,1378,1766,0,2,1,2,0,1,0,0.00,78.03 ,50
03,018,00,001,0027,47 ,615,5,620,761,0,2,1,2,0,1,0,0.00,81.47 ,50
03,018,00,001,0028,48 ,790,6,796,1071,0,2,1,2,0,1,0,0.00,74.32 ,50
03,018,00,001,0028,49 ,424,1,425,577,0,2,1,2,0,1,0,0.00,73.66 ,50
03,018,00,001,0028,50 ,578,2,580,777,0,2,1,2,0,1,0,0.00,74.65 ,50
03,018,00,001,0029,51 ,1014,14,1028,1259,0,2,1,2,0,1,0,0.00,81.65 ,50
03,018,00,001,0029,52 ,674,7,681,829,0,2,1,2,0,1,0,0.00,82.15 ,50
03,018,00,001,0030,53 ,1187,13,1200,1494,0,2,1,2,0,1,0,0.00,80.32 ,50
03,018,00,001,0030,54 ,1244,8,1252,1507,0,2,1,2,0,1,0,0.00,83.08 ,50
03,018,00,001,0030,55 ,1079,6,1085,1288,0,2,1,2,0,1,0,0.00,84.24 ,50
03,018,00,001,0031,56 ,662,8,670,835,0,2,1,2,0,1,0,0.00,80.24 ,50
03,018,00,001,0031,57 ,711,9,720,916,0,2,1,2,0,1,0,0.00,78.60 ,50
03,018,00,001,0032,58 ,1003,12,1015,1297,0,2,1,2,0,1,0,0.00,78.26 ,50
03,018,00,001,0032,59 ,992,12,1004,1297,0,2,1,2,0,1,0,0.00,77.41 ,50
03,018,00,001,0032,60 ,869,6,875,1079,0,2,1,2,0,1,0,0.00,81.09 ,50
03,018,00,001,0033,61 ,837,8,845,1060,0,2,1,2,0,1,0,0.00,79.72 ,50
03,018,00,001,0033,62 ,881,14,895,1104,0,2,1,2,0,1,0,0.00,81.07 ,50
03,018,00,001,0033,63 ,826,8,834,1024,0,2,1,2,0,1,0,0.00,81.45 ,50
03,018,00,001,0034,64 ,526,5,531,698,0,2,1,2,0,1,0,0.00,76.07 ,50
03,018,00,001,0034,65 ,578,7,585,745,0,2,1,2,0,1,0,0.00,78.52 ,50
03,018,00,001,0034,66 ,648,5,653,837,0,2,1,2,0,1,0,0.00,78.02 ,50
03,018,00,001,0035,67 ,898,12,910,1186,0,2,1,2,0,1,0,0.00,76.73 ,50
03,018,00,001,0035,68 ,915,5,920,1142,0,2,1,2,0,1,0,0.00,80.56 ,50
03,018,00,001,0036,69 ,397,3,400,511,0,2,1,2,0,1,0,0.00,78.28 ,50
03,018,00,001,0037,70 ,499,9,508,687,0,2,1,2,0,1,0,0.00,73.94 ,50
03,018,00,001,0038,71 ,525,4,529,687,0,2,1,2,0,1,0,0.00,77.00 ,50
03,018,00,001,0039,72 ,737,7,744,977,0,2,1,2,0,1,0,0.00,76.15 ,50
03,018,00,001,0040,73 ,962,13,975,1245,0,2,1,2,0,1,0,0.00,78.31 ,50
03,018,00,001,0041,74 ,885,12,897,1153,0,2,1,2,0,1,0,0.00,77.80 ,50
03,018,00,001,0041,75 ,1022,14,1036,1358,0,2,1,2,0,1,0,0.00,76.29 ,50
03,018,00,001,0041,76 ,850,6,856,1117,0,2,1,2,0,1,0,0.00,76.63 ,50
03,018,00,001,0042,77 ,1167,16,1183,1571,0,2,1,2,0,1,0,0.00,75.30 ,50
03,018,00,001,0042,78 ,1184,14,1198,1538,0,2,1,2,0,1,0,0.00,77.89 ,50
03,018,00,001,0043,79 ,651,8,659,871,0,2,1,2,0,1,0,0.00,75.66 ,50
03,018,00,001,0044,80 ,710,8,718,916,0,2,1,2,0,1,0,0.00,78.38 ,50
03,018,00,001,0045,81 ,1009,11,1020,1308,0,2,1,2,0,1,0,0.00,77.98 ,50
03,018,00,001,0046,82 ,1222,14,1236,1557,0,2,1,2,0,1,0,0.00,79.38 ,50
03,018,00,001,0046,83 ,1204,7,1211,1566,0,2,1,2,0,1,0,0.00,77.33 ,50
03,018,00,001,0047,84 ,546,6,552,732,0,2,1,2,0,1,0,0.00,75.41 ,50
03,018,00,001,0047,85 ,712,11,723,950,0,2,1,2,0,1,0,0.00,76.11 ,50
03,018,00,001,0048,86 ,458,3,461,567,0,2,1,2,0,1,0,0.00,81.31 ,50
03,018,00,001,0048,87 ,1023,19,1042,1348,0,2,1,2,0,1,0,0.00,77.30 ,50
03,018,00,001,0048,88 ,810,8,818,1040,0,2,1,2,0,1,0,0.00,78.65 ,50
03,018,00,001,0049,89 ,1007,13,1020,1303,0,2,1,2,0,1,0,0.00,78.28 ,50
03,018,00,001,0049,90 ,1056,9,1065,1331,0,2,1,2,0,1,0,0.00,80.02 ,50
03,018,00,001,0050,91 ,1005,7,1012,1292,0,2,1,2,0,1,0,0.00,78.33 ,50
03,018,00,001,0050,92 ,801,9,810,1090,0,2,1,2,0,1,0,0.00,74.31 ,50
03,018,00,001,0050,93 ,964,15,979,1255,0,2,1,2,0,1,0,0.00,78.01 ,50
03,018,00,001,0051,94 ,1113,14,1127,1453,0,2,1,2,0,1,0,0.00,77.56 ,50
03,018,00,001,0051,95 ,797,9,806,1034,0,2,1,2,0,1,0,0.00,77.95 ,50
03,018,00,001,0051,96 ,961,9,970,1204,0,2,1,2,0,1,0,0.00,80.56 ,50
03,018,00,001,0051,97 ,1265,16,1281,1648,0,2,1,2,0,1,0,0.00,77.73 ,50
03,018,00,002,0052,98 ,432,5,437,558,0,2,1,2,0,1,0,0.00,78.32 ,50
03,018,00,002,0053,99 ,593,3,596,767,0,2,1,2,0,1,0,0.00,77.71 ,50
03,018,00,002,0054,100 ,461,6,467,599,0,2,1,2,0,1,0,0.00,77.96 ,50
03,018,00,002,0055,101 ,387,1,388,502,0,2,1,2,0,1,0,0.00,77.29 ,50
03,018,00,002,0056,102 ,715,12,727,929,0,2,1,2,0,1,0,0.00,78.26 ,50
03,018,00,002,0057,103 ,898,10,908,1124,0,2,1,2,0,1,0,0.00,80.78 ,50
03,018,00,002,0058,104 ,1076,8,1084,1391,0,2,1,2,0,1,0,0.00,77.93 ,50
03,018,00,002,0059,105 ,517,8,525,693,0,2,1,2,0,1,0,0.00,75.76 ,50
03,018,00,002,0059,106 ,1154,13,1167,1521,0,2,1,2,0,1,0,0.00,76.73 ,50
03,018,00,002,0059,107 ,1184,9,1193,1536,0,2,1,2,0,1,0,0.00,77.67 ,50
03,018,00,002,0060,108 ,684,7,691,899,0,2,1,2,0,1,0,0.00,76.86 ,50
03,018,00,002,0060,109 ,824,15,839,1075,0,2,1,2,0,1,0,0.00,78.05 ,50
03,018,00,002,0060,110 ,642,11,653,837,0,2,1,2,0,1,0,0.00,78.02 ,50
03,018,00,002,0060,111 ,449,11,460,599,0,2,1,2,0,1,0,0.00,76.79 ,50
03,018,00,002,0060,112 ,549,16,565,796,0,2,1,2,0,1,0,0.00,70.98 ,50
03,018,00,002,0060,113 ,925,10,935,1220,0,2,1,2,0,1,0,0.00,76.64 ,50
03,018,00,002,0061,114 ,869,10,879,1163,0,2,1,2,0,1,0,0.00,75.58 ,50
03,018,00,002,0061,115 ,1018,9,1027,1286,0,2,1,2,0,1,0,0.00,79.86 ,50
03,018,00,002,0062,116 ,725,11,736,934,0,2,1,2,0,1,0,0.00,78.80 ,50
03,018,00,002,0062,117 ,852,11,863,1097,0,2,1,2,0,1,0,0.00,78.67 ,50
03,018,00,002,0062,118 ,907,16,923,1179,0,2,1,2,0,1,0,0.00,78.29 ,50
03,018,00,002,0063,119 ,707,12,719,891,0,2,1,2,0,1,0,0.00,80.70 ,50
03,018,00,002,0063,120 ,1014,16,1030,1273,0,2,1,2,0,1,0,0.00,80.91 ,50
03,018,00,002,0063,121 ,759,11,770,941,0,2,1,2,0,1,0,0.00,81.83 ,50
03,018,00,002,0064,122 ,777,8,785,939,0,2,1,2,0,1,0,0.00,83.60 ,50
03,018,00,002,0064,123 ,616,10,626,755,0,2,1,2,0,1,0,0.00,82.91 ,50
03,018,00,002,0065,124 ,687,8,695,882,0,2,1,2,0,1,0,0.00,78.80 ,50
03,018,00,002,0066,125 ,529,5,534,702,0,2,1,2,0,1,0,0.00,76.07 ,50
03,018,00,002,0067,126 ,474,0,474,630,0,2,1,2,0,1,0,0.00,75.24 ,50
03,018,00,002,0068,127 ,991,8,999,1278,0,2,1,2,0,1,0,0.00,78.17 ,50
03,018,00,002,0069,128 ,764,7,771,997,0,2,1,2,0,1,0,0.00,77.33 ,50
03,018,00,002,0070,129 ,758,7,765,999,0,2,1,2,0,1,0,0.00,76.58 ,50
03,018,00,002,0071,130 ,921,11,932,1180,0,2,1,2,0,1,0,0.00,78.98 ,50
03,018,00,002,0071,131 ,1038,11,1049,1353,0,2,1,2,0,1,0,0.00,77.53 ,50
03,018,00,002,0071,132 ,958,7,965,1436,0,2,1,2,0,1,0,0.00,67.20 ,50
03,018,00,002,0072,133 ,1211,0,1211,1539,0,2,1,2,0,1,0,0.00,78.69 ,50
03,018,00,002,0072,134 ,1178,19,1197,1536,0,2,1,2,0,1,0,0.00,77.93 ,50
03,018,00,002,0073,135 ,1015,14,1029,1294,0,2,1,2,0,1,0,0.00,79.52 ,50
03,018,00,002,0073,136 ,912,12,924,1183,0,2,1,2,0,1,0,0.00,78.11 ,50
03,018,00,002,0073,137 ,630,6,636,829,0,2,1,2,0,1,0,0.00,76.72 ,50
03,018,00,002,0074,138 ,1035,20,1055,1325,0,2,1,2,0,1,0,0.00,79.62 ,50
03,018,00,002,0074,139 ,1137,6,1143,1412,0,2,1,2,0,1,0,0.00,80.95 ,50
03,018,00,002,0075,140 ,817,8,825,1074,0,2,1,2,0,1,0,0.00,76.82 ,50
03,018,00,002,0075,141 ,925,8,933,1170,0,2,1,2,0,1,0,0.00,79.74 ,50
03,018,00,002,0076,142 ,762,16,778,1009,0,2,1,2,0,1,0,0.00,77.11 ,50
03,018,00,002,0076,143 ,833,3,836,1031,0,2,1,2,0,1,0,0.00,81.09 ,50
03,018,00,002,0077,144 ,1030,14,1044,1393,0,2,1,2,0,1,0,0.00,74.95 ,50
03,018,00,002,0077,145 ,730,13,743,947,0,2,1,2,0,1,0,0.00,78.46 ,50
03,018,00,002,0078,146 ,1057,16,1073,1385,0,2,1,2,0,1,0,0.00,77.47 ,50
03,018,00,002,0078,147 ,1032,5,1037,1305,0,2,1,2,0,1,0,0.00,79.46 ,50
03,018,00,002,0079,148 ,1076,15,1091,1390,0,2,1,2,0,1,0,0.00,78.49 ,50
03,018,00,002,0079,149 ,1229,14,1243,1536,0,2,1,2,0,1,0,0.00,80.92 ,50
03,018,00,002,0079,150 ,970,9,979,1243,0,2,1,2,0,1,0,0.00,78.76 ,50
03,018,00,002,0080,151 ,1275,10,1285,1620,0,2,1,2,0,1,0,0.00,79.32 ,50
03,018,00,002,0080,152 ,1133,9,1142,1409,0,2,1,2,0,1,0,0.00,81.05 ,50
03,018,00,002,0081,153 ,1238,10,1248,1559,0,2,1,2,0,1,0,0.00,80.05 ,50
03,018,00,002,0081,154 ,1085,4,1089,1407,0,2,1,2,0,1,0,0.00,77.40 ,50
03,018,00,002,0082,155 ,880,4,884,1140,0,2,1,2,0,1,0,0.00,77.54 ,50
03,018,00,002,0083,156 ,874,7,881,1137,0,2,1,2,0,1,0,0.00,77.48 ,50
03,018,00,002,0083,157 ,1166,9,1175,1489,0,2,1,2,0,1,0,0.00,78.91 ,50
03,018,00,002,0084,158 ,1191,14,1205,1586,0,2,1,2,0,1,0,0.00,75.98 ,50
03,018,00,002,0084,159 ,1127,7,1134,1396,0,2,1,2,0,1,0,0.00,81.23 ,50
03,018,00,002,0085,160 ,908,9,917,1175,0,2,1,2,0,1,0,0.00,78.04 ,50
03,018,00,002,0085,161 ,725,9,734,892,0,2,1,2,0,1,0,0.00,82.29 ,50
03,018,00,002,0085,162 ,725,6,731,895,0,2,1,2,0,1,0,0.00,81.68 ,50
03,018,00,002,0086,163 ,586,12,598,758,0,2,1,2,0,1,0,0.00,78.89 ,50
03,018,00,002,0087,164 ,843,14,857,1116,0,2,1,2,0,1,0,0.00,76.79 ,50
03,018,00,002,0087,165 ,604,5,609,815,0,2,1,2,0,1,0,0.00,74.72 ,50
03,018,00,002,0087,166 ,892,5,897,1289,0,2,1,2,0,1,0,0.00,69.59 ,50
03,018,00,002,0088,167 ,952,13,965,1277,0,2,1,2,0,1,0,0.00,75.57 ,50
03,018,00,002,0089,168 ,673,9,682,870,0,2,1,2,0,1,0,0.00,78.39 ,50
03,018,00,002,0090,169 ,928,11,939,1223,0,2,1,2,0,1,0,0.00,76.78 ,50
03,018,00,002,0091,170 ,800,13,813,1038,0,2,1,2,0,1,0,0.00,78.32 ,50
03,018,00,002,0092,171 ,402,7,409,513,0,2,1,2,0,1,0,0.00,79.73 ,50
03,018,00,003,0093,172 ,1016,13,1029,1328,0,2,1,2,0,1,0,0.00,77.48 ,50
03,018,00,003,0093,173 ,1357,17,1374,1814,0,2,1,2,0,1,0,0.00,75.74 ,50
03,018,00,003,0093,174 ,863,13,876,1105,0,2,1,2,0,1,0,0.00,79.28 ,50
03,018,00,003,0094,175 ,697,11,708,859,0,2,1,2,0,1,0,0.00,82.42 ,50
03,018,00,003,0094,176 ,767,8,775,971,0,2,1,2,0,1,0,0.00,79.81 ,50
03,018,00,003,0095,177 ,1089,10,1099,1393,0,2,1,2,0,1,0,0.00,78.89 ,50
03,018,00,003,0096,178 ,807,4,811,1019,0,2,1,2,0,1,0,0.00,79.59 ,50
03,018,00,003,0096,179 ,790,13,803,1021,0,2,1,2,0,1,0,0.00,78.65 ,50
03,018,00,003,0097,180 ,619,6,625,769,0,2,1,2,0,1,0,0.00,81.27 ,50
03,018,00,003,0097,181 ,658,11,669,823,0,2,1,2,0,1,0,0.00,81.29 ,50
03,018,00,003,0098,182 ,1034,13,1047,1327,0,2,1,2,0,1,0,0.00,78.90 ,50
03,018,00,003,0099,183 ,1163,15,1178,1487,0,2,1,2,0,1,0,0.00,79.22 ,50
03,018,00,003,0100,184 ,856,8,864,1132,0,2,1,2,0,1,0,0.00,76.33 ,50
03,018,00,003,0100,185 ,833,12,845,1115,0,2,1,2,0,1,0,0.00,75.78 ,50
03,018,00,003,0100,186 ,1128,17,1145,1475,0,2,1,2,0,1,0,0.00,77.63 ,50
03,018,00,003,0101,187 ,670,5,675,853,0,2,1,2,0,1,0,0.00,79.13 ,50
03,018,00,003,0101,188 ,529,12,541,712,0,2,1,2,0,1,0,0.00,75.98 ,50
03,018,00,003,0102,189 ,775,13,788,1072,0,2,1,2,0,1,0,0.00,73.51 ,50
03,018,00,003,0103,190 ,1137,22,1159,1533,0,2,1,2,0,1,0,0.00,75.60 ,50
03,018,00,003,0104,191 ,808,13,821,1047,0,2,1,2,0,1,0,0.00,78.41 ,50
03,018,00,003,0104,192 ,977,14,991,1246,0,2,1,2,0,1,0,0.00,79.53 ,50
03,018,00,003,0105,193 ,1243,15,1258,1586,0,2,1,2,0,1,0,0.00,79.32 ,50
03,018,00,003,0106,194 ,707,10,717,903,0,2,1,2,0,1,0,0.00,79.40 ,50
03,018,00,003,0107,195 ,1117,16,1133,1444,0,2,1,2,0,1,0,0.00,78.46 ,50
03,018,00,003,0108,196 ,1083,15,1098,1390,0,2,1,2,0,1,0,0.00,78.99 ,50
03,018,00,003,0109,197 ,746,14,760,953,0,2,1,2,0,1,0,0.00,79.75 ,50
03,018,00,003,0110,198 ,989,10,999,1274,0,2,1,2,0,1,0,0.00,78.41 ,50
03,018,00,003,0110,199 ,1010,15,1025,1359,0,2,1,2,0,1,0,0.00,75.42 ,50
03,018,00,003,0111,200 ,538,9,547,696,0,2,1,2,0,1,0,0.00,78.59 ,50
03,018,00,003,0112,201 ,854,16,870,1067,0,2,1,2,0,1,0,0.00,81.54 ,50
03,018,00,003,0113,202 ,441,8,449,583,0,2,1,2,0,1,0,0.00,77.02 ,50
03,018,00,003,0114,203 ,509,17,526,652,0,2,1,2,0,1,0,0.00,80.67 ,50
03,018,00,003,0115,204 ,497,13,510,658,0,2,1,2,0,1,0,0.00,77.51 ,50
03,019,00,001,0001,1 ,724,4,728,974,0,2,1,2,0,1,0,0.00,74.74 ,50
03,019,00,001,0002,2 ,827,2,829,1101,0,2,1,2,0,1,0,0.00,75.30 ,50
03,019,00,001,0003,3 ,936,6,942,1292,0,2,1,2,0,1,0,0.00,72.91 ,50
03,019,00,001,0004,4 ,1104,6,1110,1580,0,2,1,2,0,1,0,0.00,70.25 ,50
03,019,00,001,0005,5 ,724,3,727,978,0,2,1,2,0,1,0,0.00,74.34 ,50
03,019,00,001,0006,6 ,1057,13,1070,1384,0,2,1,2,0,1,0,0.00,77.31 ,50
03,019,00,001,0007,7 ,950,7,957,1301,0,2,1,2,0,1,0,0.00,73.56 ,50
03,019,00,001,0008,8 ,1070,5,1075,1440,0,2,1,2,0,1,0,0.00,74.65 ,50
03,019,00,001,0009,9 ,934,11,945,1252,0,2,1,2,0,1,0,0.00,75.48 ,50
03,019,00,001,0010,10 ,854,11,865,1116,0,2,1,2,0,1,0,0.00,77.51 ,50
03,019,00,001,0011,11 ,870,5,875,1124,0,2,1,2,0,1,0,0.00,77.85 ,50
03,019,00,001,0012,12 ,943,7,950,1337,0,2,1,2,0,1,0,0.00,71.05 ,50
03,019,00,001,0013,13 ,1076,11,1087,1343,0,2,1,2,0,1,0,0.00,80.94 ,50
03,019,00,001,0014,14 ,938,10,948,1256,0,2,1,2,0,1,0,0.00,75.48 ,50
03,019,00,002,0015,15 ,857,6,863,1136,0,2,1,2,0,1,0,0.00,75.97 ,50
03,019,00,002,0016,16 ,497,0,497,624,0,2,1,2,0,1,0,0.00,79.65 ,50
03,019,00,002,0017,17 ,741,8,749,973,0,2,1,2,0,1,0,0.00,76.98 ,50
03,019,00,002,0018,18 ,775,3,778,1031,0,2,1,2,0,1,0,0.00,75.46 ,50
03,019,00,002,0019,19 ,938,7,945,1281,0,2,1,2,0,1,0,0.00,73.77 ,50
03,019,00,002,0020,20 ,882,11,893,1175,0,2,1,2,0,1,0,0.00,76.00 ,50
03,019,00,002,0021,21 ,1017,1,1018,1308,0,2,1,2,0,1,0,0.00,77.83 ,50
03,019,00,002,0022,22 ,768,5,773,992,0,2,1,2,0,1,0,0.00,77.92 ,50
03,019,00,002,0023,23 ,898,15,913,1186,0,2,1,2,0,1,0,0.00,76.98 ,50
03,019,00,002,0023,24 ,863,6,869,1125,0,2,1,2,0,1,0,0.00,77.24 ,50
03,019,00,002,0023,25 ,970,11,981,1312,0,2,1,2,0,1,0,0.00,74.77 ,50
03,019,00,002,0024,26 ,728,4,732,919,0,2,1,2,0,1,0,0.00,79.65 ,50
03,019,00,002,0024,27 ,779,11,790,1022,0,2,1,2,0,1,0,0.00,77.30 ,50
03,019,00,002,0025,28 ,753,15,768,999,0,2,1,2,0,1,0,0.00,76.88 ,50
03,019,00,002,0026,29 ,703,9,712,912,0,2,1,2,0,1,0,0.00,78.07 ,50
03,019,00,002,0027,30 ,893,11,904,1212,0,2,1,2,0,1,0,0.00,74.59 ,50
03,019,00,002,0028,31 ,653,7,660,851,0,2,1,2,0,1,0,0.00,77.56 ,50
03,019,00,002,0029,32 ,833,14,847,1091,0,2,1,2,0,1,0,0.00,77.64 ,50
03,019,00,002,0030,33 ,1056,13,1069,1383,0,2,1,2,0,1,0,0.00,77.30 ,50
03,019,00,002,0031,34 ,1056,14,1070,1384,0,2,1,2,0,1,0,0.00,77.31 ,50
03,019,00,002,0032,35 ,976,10,986,1272,0,2,1,2,0,1,0,0.00,77.52 ,50
03,019,00,002,0032,36 ,1141,13,1154,1408,0,2,1,2,0,1,0,0.00,81.96 ,50
03,019,00,002,0032,37 ,1058,12,1070,1352,0,2,1,2,0,1,0,0.00,79.14 ,50
03,019,00,002,0033,38 ,1002,12,1014,1346,0,2,1,2,0,1,0,0.00,75.33 ,50
03,019,00,002,0033,39 ,1005,19,1024,1308,0,2,1,2,0,1,0,0.00,78.29 ,50
03,019,00,002,0033,40 ,845,13,858,1162,0,2,1,2,0,1,0,0.00,73.84 ,50
03,019,00,002,0034,41 ,862,5,867,1136,0,2,1,2,0,1,0,0.00,76.32 ,50
03,019,00,002,0034,42 ,888,12,900,1144,0,2,1,2,0,1,0,0.00,78.67 ,50
03,019,00,002,0034,43 ,678,7,685,869,0,2,1,2,0,1,0,0.00,78.83 ,50
03,019,00,002,0035,44 ,616,6,622,843,0,2,1,2,0,1,0,0.00,73.78 ,50
03,019,00,002,0035,45 ,605,7,612,856,0,2,1,2,0,1,0,0.00,71.50 ,50
03,019,00,002,0036,46 ,671,8,679,874,0,2,1,2,0,1,0,0.00,77.69 ,50
03,019,00,002,0036,47 ,671,3,674,928,0,2,1,2,0,1,0,0.00,72.63 ,50
03,019,00,002,0037,48 ,609,6,615,816,0,2,1,2,0,1,0,0.00,75.37 ,50
03,019,00,002,0037,49 ,611,8,619,831,0,2,1,2,0,1,0,0.00,74.49 ,50
03,019,00,002,0038,50 ,656,7,663,906,0,2,1,2,0,1,0,0.00,73.18 ,50
03,019,00,002,0039,51 ,1126,11,1137,1491,0,2,1,2,0,1,0,0.00,76.26 ,50
03,019,00,002,0040,52 ,624,6,630,805,0,2,1,2,0,1,0,0.00,78.26 ,50
03,019,00,002,0040,53 ,570,2,572,758,0,2,1,2,0,1,0,0.00,75.46 ,50
03,019,00,002,0041,54 ,607,6,613,847,0,2,1,2,0,1,0,0.00,72.37 ,50
03,019,00,002,0041,55 ,528,10,538,755,0,2,1,2,0,1,0,0.00,71.26 ,50
03,019,00,002,0042,56 ,982,14,996,1279,0,2,1,2,0,1,0,0.00,77.87 ,50
03,019,00,002,0042,57 ,993,9,1002,1303,0,2,1,2,0,1,0,0.00,76.90 ,50
03,019,00,002,0042,58 ,1098,8,1106,1425,0,2,1,2,0,1,0,0.00,77.61 ,50
03,019,00,003,0043,59 ,544,6,550,747,0,2,1,2,0,1,0,0.00,73.63 ,50
03,019,00,003,0044,60 ,635,3,638,864,0,2,1,2,0,1,0,0.00,73.84 ,50
03,019,00,003,0045,61 ,756,4,760,976,0,2,1,2,0,1,0,0.00,77.87 ,50
03,019,00,003,0046,62 ,1251,14,1265,1587,0,2,1,2,0,1,0,0.00,79.71 ,50
03,019,00,003,0047,63 ,903,3,906,1167,0,2,1,2,0,1,0,0.00,77.63 ,50
03,019,00,003,0048,64 ,817,4,821,1055,0,2,1,2,0,1,0,0.00,77.82 ,50
03,019,00,003,0049,65 ,1107,14,1121,1466,0,2,1,2,0,1,0,0.00,76.47 ,50
03,019,00,003,0050,66 ,866,8,874,1141,0,2,1,2,0,1,0,0.00,76.60 ,50
03,019,00,003,0051,67 ,1213,19,1232,1618,0,2,1,2,0,1,0,0.00,76.14 ,50
03,019,00,003,0051,68 ,1219,10,1229,1584,0,2,1,2,0,1,0,0.00,77.59 ,50
03,019,00,003,0052,69 ,1069,8,1077,1439,0,2,1,2,0,1,0,0.00,74.84 ,50
03,019,00,003,0052,70 ,1238,9,1247,1615,0,2,1,2,0,1,0,0.00,77.21 ,50
03,019,00,003,0053,71 ,734,5,739,938,0,2,1,2,0,1,0,0.00,78.78 ,50
03,019,00,003,0053,72 ,859,11,870,1157,0,2,1,2,0,1,0,0.00,75.19 ,50
03,019,00,003,0054,73 ,850,4,854,1254,0,2,1,2,0,1,0,0.00,68.10 ,50
03,019,00,003,0054,74 ,1149,10,1159,1446,0,2,1,2,0,1,0,0.00,80.15 ,50
03,019,00,003,0055,75 ,1355,13,1368,1753,0,2,1,2,0,1,0,0.00,78.04 ,50
03,019,00,003,0056,76 ,994,8,1002,1324,0,2,1,2,0,1,0,0.00,75.68 ,50
03,019,00,003,0057,77 ,826,5,831,1070,0,2,1,2,0,1,0,0.00,77.66 ,50
03,019,00,003,0057,78 ,920,10,930,1177,0,2,1,2,0,1,0,0.00,79.01 ,50
03,019,00,003,0058,79 ,1074,12,1086,1437,0,2,1,2,0,1,0,0.00,75.57 ,50
03,019,00,003,0058,80 ,1095,7,1102,1430,0,2,1,2,0,1,0,0.00,77.06 ,50
03,019,00,003,0058,81 ,1042,15,1057,1448,0,2,1,2,0,1,0,0.00,73.00 ,50
03,019,00,003,0058,82 ,1101,15,1116,1490,0,2,1,2,0,1,0,0.00,74.90 ,50
03,019,00,003,0059,83 ,942,6,948,1251,0,2,1,2,0,1,0,0.00,75.78 ,50
03,019,00,003,0059,84 ,899,12,911,1186,0,2,1,2,0,1,0,0.00,76.81 ,50
03,019,00,003,0059,85 ,996,10,1006,1266,0,2,1,2,0,1,0,0.00,79.46 ,50
03,019,00,003,0059,86 ,1021,7,1028,1298,0,2,1,2,0,1,0,0.00,79.20 ,50
03,019,00,003,0060,87 ,1396,8,1404,1937,0,2,1,2,0,1,0,0.00,72.48 ,50
03,019,00,003,0060,88 ,1145,12,1157,1517,0,2,1,2,0,1,0,0.00,76.27 ,50
03,019,00,003,0060,89 ,870,8,878,1185,0,2,1,2,0,1,0,0.00,74.09 ,50
03,019,00,003,0061,90 ,973,5,978,1258,0,2,1,2,0,1,0,0.00,77.74 ,50
03,019,00,003,0061,91 ,906,15,921,1186,0,2,1,2,0,1,0,0.00,77.66 ,50
03,019,00,003,0061,92 ,912,5,917,1198,0,2,1,2,0,1,0,0.00,76.54 ,50
03,019,00,003,0061,93 ,1070,18,1088,1456,0,2,1,2,0,1,0,0.00,74.73 ,50
03,019,00,003,0062,94 ,728,9,737,945,0,2,1,2,0,1,0,0.00,77.99 ,50
03,019,00,003,0062,95 ,760,9,769,1017,0,2,1,2,0,1,0,0.00,75.61 ,50
03,019,00,003,0063,96 ,825,10,835,1062,0,2,1,2,0,1,0,0.00,78.63 ,50
03,019,00,003,0063,97 ,1004,10,1014,1327,0,2,1,2,0,1,0,0.00,76.41 ,50
03,019,00,003,0063,98 ,833,8,841,1107,0,2,1,2,0,1,0,0.00,75.97 ,50
03,019,00,003,0063,99 ,912,15,927,1211,0,2,1,2,0,1,0,0.00,76.55 ,50
03,019,00,004,0064,100 ,1172,10,1182,1513,0,2,1,2,0,1,0,0.00,78.12 ,50
03,019,00,004,0065,101 ,852,7,859,1094,0,2,1,2,0,1,0,0.00,78.52 ,50
03,019,00,004,0066,102 ,748,10,758,1001,0,2,1,2,0,1,0,0.00,75.72 ,50
03,019,00,004,0066,103 ,778,9,787,1366,0,2,1,2,0,1,0,0.00,57.61 ,50
03,019,00,004,0067,104 ,1183,9,1192,1575,0,2,1,2,0,1,0,0.00,75.68 ,50
03,019,00,004,0068,105 ,895,8,903,1202,0,2,1,2,0,1,0,0.00,75.12 ,50
03,019,00,004,0068,106 ,930,6,936,1189,0,2,1,2,0,1,0,0.00,78.72 ,50
03,019,00,004,0068,107 ,910,12,922,1227,0,2,1,2,0,1,0,0.00,75.14 ,50
03,019,00,004,0069,108 ,1230,14,1244,1571,0,2,1,2,0,1,0,0.00,79.19 ,50
03,019,00,004,0070,109 ,738,7,745,961,0,2,1,2,0,1,0,0.00,77.52 ,50
03,019,00,004,0070,110 ,1038,5,1043,1327,0,2,1,2,0,1,0,0.00,78.60 ,50
03,019,00,004,0071,111 ,848,14,862,1108,0,2,1,2,0,1,0,0.00,77.80 ,50
03,019,00,004,0071,112 ,816,7,823,985,0,2,1,2,0,1,0,0.00,83.55 ,50
03,019,00,004,0071,113 ,672,5,677,909,0,2,1,2,0,1,0,0.00,74.48 ,50
03,019,00,004,0071,114 ,689,8,697,857,0,2,1,2,0,1,0,0.00,81.33 ,50
03,019,00,004,0072,115 ,637,10,647,855,0,2,1,2,0,1,0,0.00,75.67 ,50
03,019,00,004,0073,116 ,1168,15,1183,1576,0,2,1,2,0,1,0,0.00,75.06 ,50
03,019,00,004,0074,117 ,872,4,876,1188,0,2,1,2,0,1,0,0.00,73.74 ,50
03,019,00,004,0075,118 ,1046,8,1054,1318,0,2,1,2,0,1,0,0.00,79.97 ,50
03,019,00,004,0076,119 ,658,2,660,854,0,2,1,2,0,1,0,0.00,77.28 ,50
03,019,00,004,0076,120 ,621,6,627,817,0,2,1,2,0,1,0,0.00,76.74 ,50
03,019,00,004,0077,121 ,1079,5,1084,1447,0,2,1,2,0,1,0,0.00,74.91 ,50
03,019,00,004,0078,122 ,747,5,752,1005,0,2,1,2,0,1,0,0.00,74.83 ,50
03,019,00,004,0078,123 ,611,4,615,830,0,2,1,2,0,1,0,0.00,74.10 ,50
03,019,00,004,0079,124 ,1043,15,1058,1381,0,2,1,2,0,1,0,0.00,76.61 ,50
03,019,00,004,0080,125 ,711,5,716,955,0,2,1,2,0,1,0,0.00,74.97 ,50
03,019,00,004,0080,126 ,617,6,623,854,0,2,1,2,0,1,0,0.00,72.95 ,50
03,019,00,004,0081,127 ,752,2,754,1008,0,2,1,2,0,1,0,0.00,74.80 ,50
03,019,00,004,0081,128 ,745,7,752,971,0,2,1,2,0,1,0,0.00,77.45 ,50
03,019,00,004,0082,129 ,722,2,724,913,0,2,1,2,0,1,0,0.00,79.30 ,50
03,019,00,004,0083,130 ,854,5,859,1141,0,2,1,2,0,1,0,0.00,75.28 ,50
03,019,00,004,0083,131 ,690,10,700,954,0,2,1,2,0,1,0,0.00,73.38 ,50
03,019,00,004,0084,132 ,744,9,753,955,0,2,1,2,0,1,0,0.00,78.85 ,50
03,019,00,004,0084,133 ,784,4,788,1035,0,2,1,2,0,1,0,0.00,76.14 ,50
03,019,00,004,0084,134 ,773,4,777,999,0,2,1,2,0,1,0,0.00,77.78 ,50
03,019,00,004,0084,135 ,1024,11,1035,1356,0,2,1,2,0,1,0,0.00,76.33 ,50
03,019,00,004,0085,136 ,936,3,939,1220,0,2,1,2,0,1,0,0.00,76.97 ,50
03,019,00,004,0085,137 ,840,8,848,1109,0,2,1,2,0,1,0,0.00,76.47 ,50
03,019,00,004,0085,138 ,803,13,816,1080,0,2,1,2,0,1,0,0.00,75.56 ,50
03,019,00,004,0086,139 ,922,13,935,1217,0,2,1,2,0,1,0,0.00,76.83 ,50
03,019,00,004,0086,140 ,986,11,997,1342,0,2,1,2,0,1,0,0.00,74.29 ,50
03,019,00,004,0086,141 ,1088,8,1096,1416,0,2,1,2,0,1,0,0.00,77.40 ,50
03,019,00,004,0087,142 ,865,8,873,1213,0,2,1,2,0,1,0,0.00,71.97 ,50
03,019,00,004,0087,143 ,803,4,807,1094,0,2,1,2,0,1,0,0.00,73.77 ,50
03,019,00,004,0087,144 ,1072,9,1081,1414,0,2,1,2,0,1,0,0.00,76.45 ,50
03,019,00,004,0087,145 ,737,10,747,968,0,2,1,2,0,1,0,0.00,77.17 ,50
03,019,00,004,0088,146 ,815,10,825,1072,0,2,1,2,0,1,0,0.00,76.96 ,50
03,019,00,004,0088,147 ,730,7,737,930,0,2,1,2,0,1,0,0.00,79.25 ,50
03,019,00,004,0088,148 ,688,5,693,927,0,2,1,2,0,1,0,0.00,74.76 ,50
03,019,00,004,0088,149 ,667,3,670,861,0,2,1,2,0,1,0,0.00,77.82 ,50
03,019,00,004,0088,150 ,807,4,811,1108,0,2,1,2,0,1,0,0.00,73.19 ,50
03,019,00,004,0088,151 ,774,5,779,1007,0,2,1,2,0,1,0,0.00,77.36 ,50
03,019,00,004,0088,152 ,859,8,867,1107,0,2,1,2,0,1,0,0.00,78.32 ,50
03,019,00,004,0088,153 ,680,4,684,928,0,2,1,2,0,1,0,0.00,73.71 ,50
03,019,00,004,0089,154 ,972,10,982,1266,0,2,1,2,0,1,0,0.00,77.57 ,50
03,019,00,004,0089,155 ,970,13,983,1256,0,2,1,2,0,1,0,0.00,78.26 ,50
03,019,00,004,0090,156 ,580,7,587,784,0,2,1,2,0,1,0,0.00,74.87 ,50
03,019,00,004,0090,157 ,745,4,749,987,0,2,1,2,0,1,0,0.00,75.89 ,50
03,019,00,004,0090,158 ,825,7,832,1050,0,2,1,2,0,1,0,0.00,79.24 ,50
03,019,00,004,0091,159 ,1116,9,1125,1378,0,2,1,2,0,1,0,0.00,81.64 ,50
03,019,00,004,0091,160 ,908,4,912,1178,0,2,1,2,0,1,0,0.00,77.42 ,50
03,019,00,004,0091,161 ,935,8,943,1253,0,2,1,2,0,1,0,0.00,75.26 ,50
03,019,00,004,0091,162 ,767,4,771,1012,0,2,1,2,0,1,0,0.00,76.19 ,50
03,019,00,004,0091,163 ,770,9,779,982,0,2,1,2,0,1,0,0.00,79.33 ,50
03,019,00,005,0092,164 ,1130,7,1137,1487,0,2,1,2,0,1,0,0.00,76.46 ,50
03,019,00,005,0093,165 ,670,10,680,893,0,2,1,2,0,1,0,0.00,76.15 ,50
03,019,00,005,0094,166 ,786,7,793,1079,0,2,1,2,0,1,0,0.00,73.49 ,50
03,019,00,005,0095,167 ,625,8,633,877,0,2,1,2,0,1,0,0.00,72.18 ,50
03,019,00,005,0096,168 ,780,15,795,1072,0,2,1,2,0,1,0,0.00,74.16 ,50
03,019,00,005,0096,169 ,643,6,649,855,0,2,1,2,0,1,0,0.00,75.91 ,50
03,019,00,005,0097,170 ,774,8,782,1051,0,2,1,2,0,1,0,0.00,74.41 ,50
03,019,00,005,0097,171 ,693,3,696,930,0,2,1,2,0,1,0,0.00,74.84 ,50
03,019,00,005,0098,172 ,781,10,791,1076,0,2,1,2,0,1,0,0.00,73.51 ,50
03,019,00,005,0099,173 ,508,4,512,708,0,2,1,2,0,1,0,0.00,72.32 ,50
03,019,00,005,0100,174 ,684,2,686,969,0,2,1,2,0,1,0,0.00,70.79 ,50
03,019,00,005,0101,175 ,1098,7,1105,1561,0,2,1,2,0,1,0,0.00,70.79 ,50
03,019,00,005,0102,176 ,629,5,634,815,0,2,1,2,0,1,0,0.00,77.79 ,50
03,019,00,005,0103,177 ,753,7,760,1014,0,2,1,2,0,1,0,0.00,74.95 ,50
03,019,00,005,0104,178 ,922,2,924,1261,0,2,1,2,0,1,0,0.00,73.28 ,50
03,019,00,005,0105,179 ,688,12,700,1000,0,2,1,2,0,1,0,0.00,70.00 ,50
03,019,00,005,0106,180 ,1026,13,1039,1413,0,2,1,2,0,1,0,0.00,73.53 ,50
03,019,00,005,0106,181 ,722,3,725,1029,0,2,1,2,0,1,0,0.00,70.46 ,50
03,019,00,005,0107,182 ,872,4,876,1115,0,2,1,2,0,1,0,0.00,78.57 ,50
03,019,00,005,0107,183 ,947,13,960,1260,0,2,1,2,0,1,0,0.00,76.19 ,50
03,019,00,005,0107,184 ,650,14,664,913,0,2,1,2,0,1,0,0.00,72.73 ,50
03,019,00,005,0108,185 ,726,4,730,919,0,2,1,2,0,1,0,0.00,79.43 ,50
03,019,00,005,0108,186 ,754,6,760,986,0,2,1,2,0,1,0,0.00,77.08 ,50
03,019,00,005,0108,187 ,890,3,893,1164,0,2,1,2,0,1,0,0.00,76.72 ,50
03,019,00,005,0109,188 ,896,10,906,1194,0,2,1,2,0,1,0,0.00,75.88 ,50
03,019,00,005,0109,189 ,857,7,864,1103,0,2,1,2,0,1,0,0.00,78.33 ,50
03,019,00,005,0109,190 ,803,9,812,1054,0,2,1,2,0,1,0,0.00,77.04 ,50
03,019,00,005,0109,191 ,1205,14,1219,1645,0,2,1,2,0,1,0,0.00,74.10 ,50
03,019,00,005,0109,192 ,942,11,953,1356,0,2,1,2,0,1,0,0.00,70.28 ,50
03,019,00,005,0110,193 ,1154,8,1162,1502,0,2,1,2,0,1,0,0.00,77.36 ,50
03,019,00,005,0110,194 ,1012,5,1017,1337,0,2,1,2,0,1,0,0.00,76.07 ,50
03,019,00,005,0111,195 ,1086,8,1094,1612,0,2,1,2,0,1,0,0.00,67.87 ,50
03,019,00,005,0111,196 ,999,13,1012,1381,0,2,1,2,0,1,0,0.00,73.28 ,50
03,019,00,005,0112,197 ,1136,10,1146,1553,0,2,1,2,0,1,0,0.00,73.79 ,50
03,019,00,005,0113,198 ,1018,4,1022,1395,0,2,1,2,0,1,0,0.00,73.26 ,50
03,019,00,005,0113,199 ,1021,6,1027,1438,0,2,1,2,0,1,0,0.00,71.42 ,50
03,019,00,005,0113,200 ,1075,7,1082,1410,0,2,1,2,0,1,0,0.00,76.74 ,50
03,019,00,005,0114,201 ,846,7,853,1189,0,2,1,2,0,1,0,0.00,71.74 ,50
03,019,00,005,0114,202 ,676,8,684,1048,0,2,1,2,0,1,0,0.00,65.27 ,50
03,019,00,005,0115,203 ,914,14,928,1229,0,2,1,2,0,1,0,0.00,75.51 ,50
03,019,00,005,0115,204 ,715,9,724,985,0,2,1,2,0,1,0,0.00,73.50 ,50
03,019,00,005,0115,205 ,902,8,910,1181,0,2,1,2,0,1,0,0.00,77.05 ,50
03,019,00,005,0115,206 ,874,12,886,1192,0,2,1,2,0,1,0,0.00,74.33 ,50
03,019,00,005,0116,207 ,824,11,835,1099,0,2,1,2,0,1,0,0.00,75.98 ,50
03,019,00,005,0116,208 ,961,7,968,1296,0,2,1,2,0,1,0,0.00,74.69 ,50
03,019,00,005,0116,209 ,765,6,771,1067,0,2,1,2,0,1,0,0.00,72.26 ,50
03,019,00,005,0116,210 ,994,10,1004,1343,0,2,1,2,0,1,0,0.00,74.76 ,50
03,019,00,005,0117,211 ,1307,9,1316,1713,0,2,1,2,0,1,0,0.00,76.82 ,50
03,019,00,005,0117,212 ,1264,11,1275,1626,0,2,1,2,0,1,0,0.00,78.41 ,50
03,019,00,005,0118,213 ,915,12,927,1231,0,2,1,2,0,1,0,0.00,75.30 ,50
03,019,00,005,0118,214 ,1036,11,1047,1315,0,2,1,2,0,1,0,0.00,79.62 ,50
03,019,00,005,0118,215 ,896,11,907,1197,0,2,1,2,0,1,0,0.00,75.77 ,50
03,019,00,005,0119,216 ,819,11,830,1172,0,2,1,2,0,1,0,0.00,70.82 ,50
03,019,00,005,0119,217 ,915,13,928,1238,0,2,1,2,0,1,0,0.00,74.96 ,50
03,019,00,005,0119,218 ,929,8,937,1251,0,2,1,2,0,1,0,0.00,74.90 ,50
03,019,00,005,0119,219 ,852,10,862,1119,0,2,1,2,0,1,0,0.00,77.03 ,50
03,019,00,005,0120,220 ,757,13,770,1052,0,2,1,2,0,1,0,0.00,73.19 ,50
03,019,00,005,0120,221 ,824,13,837,1124,0,2,1,2,0,1,0,0.00,74.47 ,50
03,019,00,005,0120,222 ,902,11,913,1195,0,2,1,2,0,1,0,0.00,76.40 ,50
03,019,00,005,0121,223 ,1039,9,1048,1413,0,2,1,2,0,1,0,0.00,74.17 ,50
03,019,00,005,0121,224 ,1019,13,1032,1399,0,2,1,2,0,1,0,0.00,73.77 ,50
03,019,00,005,0122,225 ,704,8,712,936,0,2,1,2,0,1,0,0.00,76.07 ,50
03,019,00,005,0122,226 ,743,9,752,1015,0,2,1,2,0,1,0,0.00,74.09 ,50
03,019,00,005,0122,227 ,930,4,934,1225,0,2,1,2,0,1,0,0.00,76.24 ,50
03,019,00,005,0123,228 ,900,6,906,1151,0,2,1,2,0,1,0,0.00,78.71 ,50
03,019,00,005,0123,229 ,963,10,973,1292,0,2,1,2,0,1,0,0.00,75.31 ,50
03,019,00,005,0123,230 ,1012,6,1018,1357,0,2,1,2,0,1,0,0.00,75.02 ,50
03,019,00,005,0123,231 ,903,10,913,1266,0,2,1,2,0,1,0,0.00,72.12 ,50
03,019,00,005,0124,232 ,738,8,746,979,0,2,1,2,0,1,0,0.00,76.20 ,50
03,019,00,005,0124,233 ,1083,7,1090,1412,0,2,1,2,0,1,0,0.00,77.20 ,50
03,019,00,005,0124,234 ,712,8,720,988,0,2,1,2,0,1,0,0.00,72.87 ,50
03,019,00,005,0124,235 ,963,13,976,1278,0,2,1,2,0,1,0,0.00,76.37 ,50
03,019,00,005,0124,236 ,834,8,842,1081,0,2,1,2,0,1,0,0.00,77.89 ,50
03,019,00,005,0125,237 ,987,7,994,1285,0,2,1,2,0,1,0,0.00,77.35 ,50
03,019,00,005,0125,238 ,933,5,938,1300,0,2,1,2,0,1,0,0.00,72.15 ,50
03,019,00,005,0125,239 ,883,4,887,1219,0,2,1,2,0,1,0,0.00,72.76 ,50
03,019,00,005,0125,240 ,1035,12,1047,1387,0,2,1,2,0,1,0,0.00,75.49 ,50
03,019,00,005,0125,241 ,897,7,904,1227,0,2,1,2,0,1,0,0.00,73.68 ,50
03,019,00,005,0126,242 ,933,8,941,1298,0,2,1,2,0,1,0,0.00,72.50 ,50
03,019,00,005,0126,243 ,1043,8,1051,1374,0,2,1,2,0,1,0,0.00,76.49 ,50
03,019,00,006,0127,244 ,1171,14,1185,1486,0,2,1,2,0,1,0,0.00,79.74 ,50
03,019,00,006,0127,245 ,1235,10,1245,1600,0,2,1,2,0,1,0,0.00,77.81 ,50
03,019,00,006,0127,246 ,1168,11,1179,1465,0,2,1,2,0,1,0,0.00,80.48 ,50
03,019,00,006,0128,247 ,848,8,856,1137,0,2,1,2,0,1,0,0.00,75.29 ,50
03,019,00,006,0128,248 ,935,8,943,1248,0,2,1,2,0,1,0,0.00,75.56 ,50
03,019,00,006,0128,249 ,974,4,978,1179,0,2,1,2,0,1,0,0.00,82.95 ,50
03,019,00,006,0129,250 ,1304,9,1313,1609,0,2,1,2,0,1,0,0.00,81.60 ,50
03,019,00,006,0129,251 ,1265,6,1271,1612,0,2,1,2,0,1,0,0.00,78.85 ,50
03,019,00,006,0130,252 ,873,9,882,1076,0,2,1,2,0,1,0,0.00,81.97 ,50
03,019,00,006,0131,253 ,742,4,746,879,0,2,1,2,0,1,0,0.00,84.87 ,50
03,019,00,006,0132,254 ,1211,9,1220,1553,0,2,1,2,0,1,0,0.00,78.56 ,50
03,019,00,006,0132,255 ,1147,14,1161,1461,0,2,1,2,0,1,0,0.00,79.47 ,50
03,019,00,006,0133,256 ,1126,11,1137,1462,0,2,1,2,0,1,0,0.00,77.77 ,50
03,019,00,006,0133,257 ,1285,10,1295,1686,0,2,1,2,0,1,0,0.00,76.81 ,50
03,019,00,006,0133,258 ,1283,14,1297,1649,0,2,1,2,0,1,0,0.00,78.65 ,50
03,019,00,006,0134,259 ,1180,16,1196,1559,0,2,1,2,0,1,0,0.00,76.72 ,50
03,019,00,006,0134,260 ,953,15,968,1243,0,2,1,2,0,1,0,0.00,77.88 ,50
03,019,00,006,0134,261 ,1024,13,1037,1308,0,2,1,2,0,1,0,0.00,79.28 ,50
03,019,00,006,0134,262 ,978,9,987,1315,0,2,1,2,0,1,0,0.00,75.06 ,50
03,019,00,006,0135,263 ,801,5,806,986,0,2,1,2,0,1,0,0.00,81.74 ,50
03,019,00,006,0135,264 ,755,9,764,943,0,2,1,2,0,1,0,0.00,81.02 ,50
03,019,00,006,0136,265 ,1235,18,1253,1630,0,2,1,2,0,1,0,0.00,76.87 ,50
03,019,00,006,0136,266 ,1248,9,1257,1601,0,2,1,2,0,1,0,0.00,78.51 ,50
03,019,00,006,0136,267 ,1014,7,1021,1392,0,2,1,2,0,1,0,0.00,73.35 ,50
03,019,00,006,0137,268 ,1196,11,1207,1561,0,2,1,2,0,1,0,0.00,77.32 ,50
03,019,00,006,0137,269 ,1150,5,1155,1538,0,2,1,2,0,1,0,0.00,75.10 ,50
03,019,00,006,0137,270 ,1058,6,1064,1385,0,2,1,2,0,1,0,0.00,76.82 ,50
03,019,00,006,0138,271 ,797,6,803,1051,0,2,1,2,0,1,0,0.00,76.40 ,50
03,019,00,006,0138,272 ,876,3,879,1158,0,2,1,2,0,1,0,0.00,75.91 ,50
03,019,00,006,0138,273 ,840,4,844,1089,0,2,1,2,0,1,0,0.00,77.50 ,50
03,019,00,006,0139,274 ,836,13,849,1171,0,2,1,2,0,1,0,0.00,72.50 ,50
03,019,00,006,0139,275 ,1032,9,1041,1326,0,2,1,2,0,1,0,0.00,78.51 ,50
03,019,00,006,0139,276 ,957,8,965,1252,0,2,1,2,0,1,0,0.00,77.08 ,50
03,019,00,006,0140,277 ,1042,9,1051,1350,0,2,1,2,0,1,0,0.00,77.85 ,50
03,019,00,006,0140,278 ,1206,10,1216,1581,0,2,1,2,0,1,0,0.00,76.91 ,50
03,019,00,006,0140,279 ,1064,5,1069,1396,0,2,1,2,0,1,0,0.00,76.58 ,50
03,019,00,006,0141,280 ,911,4,915,1191,0,2,1,2,0,1,0,0.00,76.83 ,50
03,019,00,006,0141,281 ,963,7,970,1275,0,2,1,2,0,1,0,0.00,76.08 ,50
03,019,00,006,0141,282 ,932,9,941,1272,0,2,1,2,0,1,0,0.00,73.98 ,50
03,019,00,006,0142,283 ,1257,13,1270,1577,0,2,1,2,0,1,0,0.00,80.53 ,50
03,019,00,006,0142,284 ,1193,14,1207,1567,0,2,1,2,0,1,0,0.00,77.03 ,50
03,019,00,006,0143,285 ,826,10,836,1038,0,2,1,2,0,1,0,0.00,80.54 ,50
03,019,00,006,0144,286 ,1035,8,1043,1363,0,2,1,2,0,1,0,0.00,76.52 ,50
03,019,00,006,0144,287 ,1036,8,1044,1353,0,2,1,2,0,1,0,0.00,77.16 ,50
03,019,00,006,0145,288 ,1040,5,1045,1315,0,2,1,2,0,1,0,0.00,79.47 ,50
03,019,00,006,0145,289 ,935,14,949,1216,0,2,1,2,0,1,0,0.00,78.04 ,50
03,019,00,006,0145,290 ,920,5,925,1223,0,2,1,2,0,1,0,0.00,75.63 ,50
03,019,00,006,0146,291 ,698,13,711,870,0,2,1,2,0,1,0,0.00,81.72 ,50
03,019,00,006,0146,292 ,801,11,812,1006,0,2,1,2,0,1,0,0.00,80.72 ,50
03,019,00,006,0146,293 ,957,9,966,1272,0,2,1,2,0,1,0,0.00,75.94 ,50
03,019,00,006,0146,294 ,709,6,715,945,0,2,1,2,0,1,0,0.00,75.66 ,50
03,019,00,006,0147,295 ,748,7,755,939,0,2,1,2,0,1,0,0.00,80.40 ,50
03,019,00,006,0147,296 ,655,6,661,836,0,2,1,2,0,1,0,0.00,79.07 ,50
03,019,00,006,0148,297 ,795,11,806,1018,0,2,1,2,0,1,0,0.00,79.17 ,50
03,019,00,006,0148,298 ,791,11,802,1036,0,2,1,2,0,1,0,0.00,77.41 ,50
03,019,00,006,0149,299 ,1113,12,1125,1471,0,2,1,2,0,1,0,0.00,76.48 ,50
03,019,00,006,0149,300 ,1212,15,1227,1595,0,2,1,2,0,1,0,0.00,76.93 ,50
03,019,00,006,0150,301 ,852,9,861,1160,0,2,1,2,0,1,0,0.00,74.22 ,50
03,019,00,006,0150,302 ,870,15,885,1157,0,2,1,2,0,1,0,0.00,76.49 ,50
03,019,00,006,0150,303 ,924,4,928,1274,0,2,1,2,0,1,0,0.00,72.84 ,50
03,019,00,006,0150,304 ,868,9,877,1107,0,2,1,2,0,1,0,0.00,79.22 ,50
03,019,00,006,0150,305 ,1037,11,1048,1394,0,2,1,2,0,1,0,0.00,75.18 ,50
03,019,00,006,0150,306 ,1222,9,1231,1575,0,2,1,2,0,1,0,0.00,78.16 ,50
03,019,00,006,0150,307 ,1104,9,1113,1415,0,2,1,2,0,1,0,0.00,78.66 ,50
03,019,00,006,0150,308 ,1100,8,1108,1535,0,2,1,2,0,1,0,0.00,72.18 ,50
03,019,00,006,0150,309 ,1259,12,1271,1901,0,2,1,2,0,1,0,0.00,66.86 ,50
03,019,00,006,0150,310 ,716,4,720,977,0,2,1,2,0,1,0,0.00,73.69 ,50
03,019,00,006,0151,311 ,900,11,911,1140,0,2,1,2,0,1,0,0.00,79.91 ,50
03,019,00,006,0151,312 ,914,19,933,1245,0,2,1,2,0,1,0,0.00,74.94 ,50
03,019,00,007,0152,313 ,937,14,951,1161,0,2,1,2,0,1,0,0.00,81.91 ,50
03,019,00,007,0152,314 ,950,11,961,1183,0,2,1,2,0,1,0,0.00,81.23 ,50
03,019,00,007,0152,315 ,936,8,944,1215,0,2,1,2,0,1,0,0.00,77.70 ,50
03,019,00,007,0153,316 ,879,6,885,1086,0,2,1,2,0,1,0,0.00,81.49 ,50
03,019,00,007,0153,317 ,758,16,774,970,0,2,1,2,0,1,0,0.00,79.79 ,50
03,019,00,007,0153,318 ,763,9,772,974,0,2,1,2,0,1,0,0.00,79.26 ,50
03,019,00,007,0154,319 ,922,17,939,1137,0,2,1,2,0,1,0,0.00,82.59 ,50
03,019,00,007,0154,320 ,741,5,746,962,0,2,1,2,0,1,0,0.00,77.55 ,50
03,019,00,007,0154,321 ,890,9,899,1106,0,2,1,2,0,1,0,0.00,81.28 ,50
03,019,00,007,0155,322 ,691,19,710,848,0,2,1,2,0,1,0,0.00,83.73 ,50
03,019,00,007,0155,323 ,948,9,957,1176,0,2,1,2,0,1,0,0.00,81.38 ,50
03,019,00,007,0155,324 ,900,11,911,1136,0,2,1,2,0,1,0,0.00,80.19 ,50
03,019,00,007,0156,325 ,745,12,757,897,0,2,1,2,0,1,0,0.00,84.39 ,50
03,019,00,007,0156,326 ,484,1,485,595,0,2,1,2,0,1,0,0.00,81.51 ,50
03,019,00,007,0157,327 ,849,14,863,1179,0,2,1,2,0,1,0,0.00,73.20 ,50
03,019,00,007,0157,328 ,931,5,936,1160,0,2,1,2,0,1,0,0.00,80.69 ,50
03,019,00,007,0158,329 ,1042,12,1054,1302,0,2,1,2,0,1,0,0.00,80.95 ,50
03,019,00,007,0158,330 ,926,17,943,1196,0,2,1,2,0,1,0,0.00,78.85 ,50
03,019,00,007,0158,331 ,728,11,739,904,0,2,1,2,0,1,0,0.00,81.75 ,50
03,019,00,007,0158,332 ,473,4,477,1496,0,2,1,2,0,1,0,0.00,31.89 ,50
03,019,00,007,0159,333 ,868,10,878,1097,0,2,1,2,0,1,0,0.00,80.04 ,50
03,019,00,007,0159,334 ,887,16,903,1111,0,2,1,2,0,1,0,0.00,81.28 ,50
03,019,00,007,0160,335 ,911,13,924,1193,0,2,1,2,0,1,0,0.00,77.45 ,50
03,019,00,007,0160,336 ,873,14,887,1143,0,2,1,2,0,1,0,0.00,77.60 ,50
03,019,00,007,0160,337 ,913,11,924,1183,0,2,1,2,0,1,0,0.00,78.11 ,50
03,019,00,007,0160,338 ,891,4,895,1125,0,2,1,2,0,1,0,0.00,79.56 ,50
03,019,00,007,0161,339 ,960,10,970,1208,0,2,1,2,0,1,0,0.00,80.30 ,50
03,019,00,007,0162,340 ,977,13,990,1272,0,2,1,2,0,1,0,0.00,77.83 ,50
03,019,00,007,0162,341 ,918,8,926,1190,0,2,1,2,0,1,0,0.00,77.82 ,50
03,019,00,007,0162,342 ,868,5,873,1116,0,2,1,2,0,1,0,0.00,78.23 ,50
03,019,00,007,0163,343 ,1091,7,1098,1355,0,2,1,2,0,1,0,0.00,81.03 ,50
03,019,00,007,0164,344 ,924,7,931,1157,0,2,1,2,0,1,0,0.00,80.47 ,50
03,019,00,007,0164,345 ,958,8,966,1250,0,2,1,2,0,1,0,0.00,77.28 ,50
03,019,00,007,0165,346 ,1066,12,1078,1366,0,2,1,2,0,1,0,0.00,78.92 ,50
03,019,00,007,0165,347 ,894,10,904,1201,0,2,1,2,0,1,0,0.00,75.27 ,50
03,019,00,007,0165,348 ,1060,9,1069,1329,0,2,1,2,0,1,0,0.00,80.44 ,50
03,019,00,007,0165,349 ,924,10,934,1193,0,2,1,2,0,1,0,0.00,78.29 ,50
03,019,00,007,0165,350 ,1092,10,1102,1432,0,2,1,2,0,1,0,0.00,76.96 ,50
03,019,00,007,0165,351 ,925,16,941,1146,0,2,1,2,0,1,0,0.00,82.11 ,50
03,019,00,007,0166,352 ,1167,12,1179,1533,0,2,1,2,0,1,0,0.00,76.91 ,50
03,019,00,007,0166,353 ,1041,15,1056,1327,0,2,1,2,0,1,0,0.00,79.58 ,50
03,019,00,007,0166,354 ,887,10,897,1156,0,2,1,2,0,1,0,0.00,77.60 ,50
03,019,00,007,0166,355 ,901,11,912,1163,0,2,1,2,0,1,0,0.00,78.42 ,50
03,019,00,007,0166,356 ,692,6,698,935,0,2,1,2,0,1,0,0.00,74.65 ,50
03,019,00,007,0167,357 ,914,6,920,1110,0,2,1,2,0,1,0,0.00,82.88 ,50
03,019,00,007,0167,358 ,875,8,883,1165,0,2,1,2,0,1,0,0.00,75.79 ,50
03,019,00,007,0167,359 ,842,3,845,1070,0,2,1,2,0,1,0,0.00,78.97 ,50
03,019,00,007,0167,360 ,845,6,851,1096,0,2,1,2,0,1,0,0.00,77.65 ,50
03,019,00,007,0167,361 ,864,4,868,1110,0,2,1,2,0,1,0,0.00,78.20 ,50
03,019,00,007,0167,362 ,876,7,883,1162,0,2,1,2,0,1,0,0.00,75.99 ,50
03,019,00,008,0168,363 ,805,6,811,1083,0,2,1,2,0,1,0,0.00,74.88 ,50
03,019,00,008,0168,364 ,925,11,936,1207,0,2,1,2,0,1,0,0.00,77.55 ,50
03,019,00,008,0168,365 ,1027,10,1037,1320,0,2,1,2,0,1,0,0.00,78.56 ,50
03,019,00,008,0168,366 ,951,5,956,1278,0,2,1,2,0,1,0,0.00,74.80 ,50
03,019,00,008,0169,367 ,1130,18,1148,1463,0,2,1,2,0,1,0,0.00,78.47 ,50
03,019,00,008,0169,368 ,1234,9,1243,1604,0,2,1,2,0,1,0,0.00,77.49 ,50
03,019,00,008,0170,369 ,849,6,855,1146,0,2,1,2,0,1,0,0.00,74.61 ,50
03,019,00,008,0170,370 ,862,9,871,1154,0,2,1,2,0,1,0,0.00,75.48 ,50
03,019,00,008,0170,371 ,796,8,804,1048,0,2,1,2,0,1,0,0.00,76.72 ,50
03,019,00,008,0170,372 ,836,8,844,1066,0,2,1,2,0,1,0,0.00,79.17 ,50
03,019,00,008,0170,373 ,751,10,761,1039,0,2,1,2,0,1,0,0.00,73.24 ,50
03,019,00,008,0170,374 ,914,6,920,1251,0,2,1,2,0,1,0,0.00,73.54 ,50
03,019,00,008,0170,375 ,807,9,816,1071,0,2,1,2,0,1,0,0.00,76.19 ,50
03,019,00,008,0171,376 ,1223,14,1237,1686,0,2,1,2,0,1,0,0.00,73.37 ,50
03,019,00,008,0171,377 ,1204,8,1212,1583,0,2,1,2,0,1,0,0.00,76.56 ,50
03,019,00,008,0171,378 ,1140,10,1150,1545,0,2,1,2,0,1,0,0.00,74.43 ,50
03,019,00,008,0171,379 ,959,6,965,1238,0,2,1,2,0,1,0,0.00,77.95 ,50
03,019,00,008,0171,380 ,1046,6,1052,1346,0,2,1,2,0,1,0,0.00,78.16 ,50
03,019,00,008,0172,381 ,1010,10,1020,1380,0,2,1,2,0,1,0,0.00,73.91 ,50
03,019,00,008,0172,382 ,983,15,998,1298,0,2,1,2,0,1,0,0.00,76.89 ,50
03,019,00,008,0172,383 ,834,12,846,1133,0,2,1,2,0,1,0,0.00,74.67 ,50
03,019,00,008,0172,384 ,916,14,930,1172,0,2,1,2,0,1,0,0.00,79.35 ,50
03,019,00,008,0173,385 ,900,7,907,1161,0,2,1,2,0,1,0,0.00,78.12 ,50
03,019,00,008,0173,386 ,964,3,967,1294,0,2,1,2,0,1,0,0.00,74.73 ,50
03,019,00,008,0173,387 ,909,10,919,1137,0,2,1,2,0,1,0,0.00,80.83 ,50
03,019,00,008,0174,388 ,920,5,925,1215,0,2,1,2,0,1,0,0.00,76.13 ,50
03,019,00,008,0174,389 ,922,10,932,1250,0,2,1,2,0,1,0,0.00,74.56 ,50
03,019,00,008,0174,390 ,1176,11,1187,1514,0,2,1,2,0,1,0,0.00,78.40 ,50
03,019,00,008,0174,391 ,1002,8,1010,1280,0,2,1,2,0,1,0,0.00,78.91 ,50
03,019,00,008,0175,392 ,854,7,861,1116,0,2,1,2,0,1,0,0.00,77.15 ,50
03,019,00,008,0175,393 ,889,10,899,1156,0,2,1,2,0,1,0,0.00,77.77 ,50
03,019,00,008,0175,394 ,823,9,832,1038,0,2,1,2,0,1,0,0.00,80.15 ,50
03,019,00,008,0176,395 ,1029,10,1039,1329,0,2,1,2,0,1,0,0.00,78.18 ,50
03,019,00,008,0176,396 ,1143,19,1162,1456,0,2,1,2,0,1,0,0.00,79.81 ,50
03,019,00,008,0177,397 ,1063,14,1077,1321,0,2,1,2,0,1,0,0.00,81.53 ,50
03,019,00,008,0177,398 ,1013,7,1020,1314,0,2,1,2,0,1,0,0.00,77.63 ,50
03,019,00,008,0177,399 ,1051,11,1062,1396,0,2,1,2,0,1,0,0.00,76.07 ,50
03,019,00,008,0178,400 ,1265,11,1276,1653,0,2,1,2,0,1,0,0.00,77.19 ,50
03,019,00,008,0178,401 ,1282,12,1294,1679,0,2,1,2,0,1,0,0.00,77.07 ,50
03,019,00,008,0178,402 ,1038,15,1053,1344,0,2,1,2,0,1,0,0.00,78.35 ,50
03,019,00,008,0179,403 ,1121,15,1136,1439,0,2,1,2,0,1,0,0.00,78.94 ,50
03,019,00,008,0179,404 ,1040,20,1060,1384,0,2,1,2,0,1,0,0.00,76.59 ,50
03,019,00,008,0179,405 ,1050,12,1062,1353,0,2,1,2,0,1,0,0.00,78.49 ,50
03,019,00,008,0179,406 ,982,6,988,1264,0,2,1,2,0,1,0,0.00,78.16 ,50
03,019,00,008,0180,407 ,1234,17,1251,1631,0,2,1,2,0,1,0,0.00,76.70 ,50
03,019,00,008,0180,408 ,1233,9,1242,1542,0,2,1,2,0,1,0,0.00,80.54 ,50
03,019,00,008,0180,409 ,553,7,560,718,0,2,1,2,0,1,0,0.00,77.99 ,50
03,019,00,008,0181,410 ,1137,9,1146,1408,0,2,1,2,0,1,0,0.00,81.39 ,50
03,019,00,008,0182,411 ,665,10,675,862,0,2,1,2,0,1,0,0.00,78.31 ,50
03,019,00,008,0183,412 ,661,7,668,890,0,2,1,2,0,1,0,0.00,75.06 ,50
03,019,00,008,0183,413 ,683,18,701,932,0,2,1,2,0,1,0,0.00,75.21 ,50
03,019,00,008,0184,414 ,989,8,997,1251,0,2,1,2,0,1,0,0.00,79.70 ,50
03,019,00,008,0185,415 ,543,1,544,691,0,2,1,2,0,1,0,0.00,78.73 ,50
03,019,00,008,0186,416 ,916,9,925,1221,0,2,1,2,0,1,0,0.00,75.76 ,50
03,019,00,008,0186,417 ,912,6,918,1206,0,2,1,2,0,1,0,0.00,76.12 ,50
03,019,00,008,0186,418 ,849,7,856,1075,0,2,1,2,0,1,0,0.00,79.63 ,50
03,019,00,008,0187,419 ,1009,7,1016,1329,0,2,1,2,0,1,0,0.00,76.45 ,50
03,019,00,008,0187,420 ,933,11,944,1291,0,2,1,2,0,1,0,0.00,73.12 ,50
03,019,00,008,0187,421 ,867,6,873,1227,0,2,1,2,0,1,0,0.00,71.15 ,50
03,019,00,008,0187,422 ,1065,12,1077,1355,0,2,1,2,0,1,0,0.00,79.48 ,50
03,019,00,008,0187,423 ,794,7,801,1027,0,2,1,2,0,1,0,0.00,77.99 ,50
03,019,00,008,0188,424 ,1194,14,1208,1579,0,2,1,2,0,1,0,0.00,76.50 ,50
03,019,00,008,0188,425 ,1109,7,1116,1484,0,2,1,2,0,1,0,0.00,75.20 ,50
03,019,00,008,0188,426 ,1063,11,1074,1347,0,2,1,2,0,1,0,0.00,79.73 ,50
03,019,00,008,0188,427 ,1033,14,1047,1359,0,2,1,2,0,1,0,0.00,77.04 ,50
03,019,00,008,0188,428 ,1028,6,1034,1317,0,2,1,2,0,1,0,0.00,78.51 ,50
03,019,00,008,0189,429 ,1159,6,1165,1436,0,2,1,2,0,1,0,0.00,81.13 ,50
03,019,00,008,0189,430 ,1116,13,1129,1482,0,2,1,2,0,1,0,0.00,76.18 ,50
03,019,00,008,0189,431 ,1163,17,1180,1480,0,2,1,2,0,1,0,0.00,79.73 ,50
03,019,00,008,0189,432 ,998,4,1002,1242,0,2,1,2,0,1,0,0.00,80.68 ,50
03,019,00,008,0190,433 ,1311,13,1324,1705,0,2,1,2,0,1,0,0.00,77.65 ,50
03,019,00,008,0190,434 ,1248,16,1264,1543,0,2,1,2,0,1,0,0.00,81.92 ,50
03,019,00,008,0190,435 ,1183,13,1196,1517,0,2,1,2,0,1,0,0.00,78.84 ,50
03,019,00,008,0191,436 ,810,11,821,1030,0,2,1,2,0,1,0,0.00,79.71 ,50
03,019,00,008,0192,437 ,1130,18,1148,1440,0,2,1,2,0,1,0,0.00,79.72 ,50
03,019,00,008,0192,438 ,1077,10,1087,1368,0,2,1,2,0,1,0,0.00,79.46 ,50
03,019,00,008,0192,439 ,1258,9,1267,1624,0,2,1,2,0,1,0,0.00,78.02 ,50
03,019,00,008,0193,440 ,1063,8,1071,1374,0,2,1,2,0,1,0,0.00,77.95 ,50
03,019,00,008,0193,441 ,982,7,989,1234,0,2,1,2,0,1,0,0.00,80.15 ,50
03,019,00,008,0193,442 ,1049,10,1059,1324,0,2,1,2,0,1,0,0.00,79.98 ,50
03,019,00,008,0194,443 ,869,4,873,1132,0,2,1,2,0,1,0,0.00,77.12 ,50
03,019,00,008,0194,444 ,905,9,914,1226,0,2,1,2,0,1,0,0.00,74.55 ,50
03,019,00,008,0194,445 ,1147,4,1151,1517,0,2,1,2,0,1,0,0.00,75.87 ,50
03,019,00,008,0194,446 ,1053,8,1061,1440,0,2,1,2,0,1,0,0.00,73.68 ,50
03,019,00,008,0195,447 ,971,7,978,1278,0,2,1,2,0,1,0,0.00,76.53 ,50
03,019,00,008,0195,448 ,888,9,897,1156,0,2,1,2,0,1,0,0.00,77.60 ,50
03,019,00,008,0195,449 ,863,8,871,1077,0,2,1,2,0,1,0,0.00,80.87 ,50
03,019,00,008,0196,450 ,1076,8,1084,1501,0,2,1,2,0,1,0,0.00,72.22 ,50
03,019,00,008,0196,451 ,1051,7,1058,1332,0,2,1,2,0,1,0,0.00,79.43 ,50
03,019,00,008,0196,452 ,1017,10,1027,1356,0,2,1,2,0,1,0,0.00,75.74 ,50
03,019,00,008,0197,453 ,653,5,658,849,0,2,1,2,0,1,0,0.00,77.50 ,50
03,019,00,008,0198,454 ,1067,9,1076,1391,0,2,1,2,0,1,0,0.00,77.35 ,50
03,019,00,008,0198,455 ,921,12,933,1218,0,2,1,2,0,1,0,0.00,76.60 ,50
03,019,00,008,0198,456 ,1007,6,1013,1277,0,2,1,2,0,1,0,0.00,79.33 ,50
03,019,00,008,0198,457 ,941,10,951,1202,0,2,1,2,0,1,0,0.00,79.12 ,50
03,020,00,001,0001,1 ,900,11,911,1239,0,2,1,2,0,1,0,0.00,73.53 ,50
03,020,00,001,0001,2 ,637,5,642,884,0,2,1,2,0,1,0,0.00,72.62 ,50
03,020,00,001,0001,3 ,935,3,938,1209,0,2,1,2,0,1,0,0.00,77.58 ,50
03,020,00,001,0002,4 ,1110,14,1124,1475,0,2,1,2,0,1,0,0.00,76.20 ,50
03,020,00,001,0002,5 ,585,5,590,881,0,2,1,2,0,1,0,0.00,66.97 ,50
03,020,00,001,0003,6 ,416,9,425,587,0,2,1,2,0,1,0,0.00,72.40 ,50
03,020,00,001,0004,7 ,682,4,686,951,0,2,1,2,0,1,0,0.00,72.13 ,50
03,020,00,001,0004,8 ,733,4,737,972,0,2,1,2,0,1,0,0.00,75.82 ,50
03,020,00,001,0005,9 ,734,5,739,953,0,2,1,2,0,1,0,0.00,77.54 ,50
03,020,00,001,0006,10 ,1094,5,1099,1453,0,2,1,2,0,1,0,0.00,75.64 ,50
03,020,00,001,0006,11 ,532,5,537,749,0,2,1,2,0,1,0,0.00,71.70 ,50
03,020,00,001,0006,12 ,673,2,675,882,0,2,1,2,0,1,0,0.00,76.53 ,50
03,020,00,001,0007,13 ,767,2,769,1018,0,2,1,2,0,1,0,0.00,75.54 ,50
03,020,00,001,0007,14 ,783,7,790,1045,0,2,1,2,0,1,0,0.00,75.60 ,50
03,020,00,001,0008,15 ,719,6,725,938,0,2,1,2,0,1,0,0.00,77.29 ,50
03,020,00,001,0008,16 ,766,6,772,1011,0,2,1,2,0,1,0,0.00,76.36 ,50
03,020,00,001,0009,17 ,884,6,890,1202,0,2,1,2,0,1,0,0.00,74.04 ,50
03,020,00,001,0009,18 ,695,2,697,898,0,2,1,2,0,1,0,0.00,77.62 ,50
03,020,00,001,0009,19 ,529,5,534,697,0,2,1,2,0,1,0,0.00,76.61 ,50
03,020,00,001,0010,20 ,894,6,900,1163,0,2,1,2,0,1,0,0.00,77.39 ,50
03,020,00,001,0010,21 ,724,6,730,951,0,2,1,2,0,1,0,0.00,76.76 ,50
03,020,00,001,0010,22 ,608,10,618,867,0,2,1,2,0,1,0,0.00,71.28 ,50
03,020,00,001,0011,23 ,900,9,909,1271,0,2,1,2,0,1,0,0.00,71.52 ,50
03,020,00,001,0011,24 ,756,8,764,1015,0,2,1,2,0,1,0,0.00,75.27 ,50
03,020,00,001,0011,25 ,1030,11,1041,1418,0,2,1,2,0,1,0,0.00,73.41 ,50
03,020,00,001,0012,26 ,956,6,962,1337,0,2,1,2,0,1,0,0.00,71.95 ,50
03,020,00,001,0013,27 ,268,1,269,340,0,2,1,2,0,1,0,0.00,79.12 ,50
03,020,00,001,0014,28 ,377,4,381,522,0,2,1,2,0,1,0,0.00,72.99 ,50
03,020,00,001,0015,29 ,446,0,446,587,0,2,1,2,0,1,0,0.00,75.98 ,50
03,020,00,001,0016,30 ,431,2,433,565,0,2,1,2,0,1,0,0.00,76.64 ,50
03,020,00,001,0017,31 ,486,7,493,638,0,2,1,2,0,1,0,0.00,77.27 ,50
03,020,00,001,0018,32 ,443,3,446,602,0,2,1,2,0,1,0,0.00,74.09 ,50
03,020,00,001,0019,33 ,398,1,399,523,0,2,1,2,0,1,0,0.00,76.29 ,50
03,020,00,001,0020,34 ,513,5,518,682,0,2,1,2,0,1,0,0.00,75.95 ,50
03,020,00,001,0020,35 ,507,3,510,679,0,2,1,2,0,1,0,0.00,75.11 ,50
03,020,00,001,0021,36 ,498,4,502,671,0,2,1,2,0,1,0,0.00,74.81 ,50
03,020,00,001,0022,37 ,782,4,786,1035,0,2,1,2,0,1,0,0.00,75.94 ,50
03,020,00,001,0023,38 ,314,1,315,414,0,2,1,2,0,1,0,0.00,76.09 ,50
03,020,00,001,0024,39 ,814,7,821,1125,0,2,1,2,0,1,0,0.00,72.98 ,50
03,020,00,001,0025,40 ,523,3,526,695,0,2,1,2,0,1,0,0.00,75.68 ,50
03,020,00,001,0026,41 ,588,4,592,777,0,2,1,2,0,1,0,0.00,76.19 ,50
03,020,00,001,0027,42 ,610,3,613,830,0,2,1,2,0,1,0,0.00,73.86 ,50
03,020,00,001,0028,43 ,586,4,590,760,0,2,1,2,0,1,0,0.00,77.63 ,50
03,020,00,001,0029,44 ,983,10,993,1306,0,2,1,2,0,1,0,0.00,76.03 ,50
03,020,00,001,0030,45 ,502,4,506,680,0,2,1,2,0,1,0,0.00,74.41 ,50
03,020,00,001,0031,46 ,874,8,882,1228,0,2,1,2,0,1,0,0.00,71.82 ,50
03,020,00,001,0032,47 ,963,4,967,1284,0,2,1,2,0,1,0,0.00,75.31 ,50
03,020,00,001,0033,48 ,653,7,660,906,0,2,1,2,0,1,0,0.00,72.85 ,50
03,020,00,001,0034,49 ,533,5,538,702,0,2,1,2,0,1,0,0.00,76.64 ,50
03,020,00,001,0034,50 ,477,1,478,655,0,2,1,2,0,1,0,0.00,72.98 ,50
03,020,00,001,0035,51 ,791,4,795,1100,0,2,1,2,0,1,0,0.00,72.27 ,50
03,020,00,001,0035,52 ,711,7,718,994,0,2,1,2,0,1,0,0.00,72.23 ,50
03,020,00,001,0036,53 ,486,2,488,667,0,2,1,2,0,1,0,0.00,73.16 ,50
03,020,00,001,0036,54 ,626,6,632,794,0,2,1,2,0,1,0,0.00,79.60 ,50
03,020,00,001,0037,55 ,577,2,579,770,0,2,1,2,0,1,0,0.00,75.19 ,50
03,020,00,001,0037,56 ,669,6,675,913,0,2,1,2,0,1,0,0.00,73.93 ,50
03,020,00,001,0038,57 ,804,8,812,1105,0,2,1,2,0,1,0,0.00,73.48 ,50
03,020,00,001,0038,58 ,691,6,697,908,0,2,1,2,0,1,0,0.00,76.76 ,50
03,020,00,001,0038,59 ,684,6,690,964,0,2,1,2,0,1,0,0.00,71.58 ,50
03,020,00,001,0039,60 ,934,10,944,1259,0,2,1,2,0,1,0,0.00,74.98 ,50
03,020,00,001,0039,61 ,626,6,632,835,0,2,1,2,0,1,0,0.00,75.69 ,50
03,020,00,001,0040,62 ,753,9,762,996,0,2,1,2,0,1,0,0.00,76.51 ,50
03,020,00,001,0040,63 ,636,6,642,843,0,2,1,2,0,1,0,0.00,76.16 ,50
03,020,00,001,0041,64 ,578,7,585,783,0,2,1,2,0,1,0,0.00,74.71 ,50
03,020,00,001,0041,65 ,732,3,735,1039,0,2,1,2,0,1,0,0.00,70.74 ,50
03,020,00,001,0041,66 ,865,4,869,1173,0,2,1,2,0,1,0,0.00,74.08 ,50
03,020,00,001,0041,67 ,984,12,996,1350,0,2,1,2,0,1,0,0.00,73.78 ,50
03,020,00,001,0042,68 ,846,8,854,1164,0,2,1,2,0,1,0,0.00,73.37 ,50
03,020,00,001,0042,69 ,890,8,898,1299,0,2,1,2,0,1,0,0.00,69.13 ,50
03,020,00,001,0043,70 ,725,13,738,1113,0,2,1,2,0,1,0,0.00,66.31 ,50
03,020,00,001,0043,71 ,638,7,645,884,0,2,1,2,0,1,0,0.00,72.96 ,50
03,020,00,001,0044,72 ,1081,10,1091,1474,0,2,1,2,0,1,0,0.00,74.02 ,50
03,020,00,001,0044,73 ,814,5,819,1095,0,2,1,2,0,1,0,0.00,74.79 ,50
03,020,00,001,0045,74 ,608,2,610,856,0,2,1,2,0,1,0,0.00,71.26 ,50
03,020,00,001,0046,75 ,545,4,549,715,0,2,1,2,0,1,0,0.00,76.78 ,50
03,020,00,001,0047,76 ,862,7,869,1179,0,2,1,2,0,1,0,0.00,73.71 ,50
03,020,00,001,0048,77 ,719,9,728,966,0,2,1,2,0,1,0,0.00,75.36 ,50
03,020,00,001,0048,78 ,413,3,416,553,0,2,1,2,0,1,0,0.00,75.23 ,50
03,020,00,001,0049,79 ,728,7,735,941,0,2,1,2,0,1,0,0.00,78.11 ,50
03,020,00,001,0050,80 ,385,2,387,490,0,2,1,2,0,1,0,0.00,78.98 ,50
03,020,00,001,0051,81 ,850,9,859,1184,0,2,1,2,0,1,0,0.00,72.55 ,50
03,020,00,001,0051,82 ,978,13,991,1322,0,2,1,2,0,1,0,0.00,74.96 ,50
03,020,00,001,0052,83 ,830,6,836,1111,0,2,1,2,0,1,0,0.00,75.25 ,50
03,020,00,001,0052,84 ,624,5,629,850,0,2,1,2,0,1,0,0.00,74.00 ,50
03,020,00,001,0053,85 ,991,13,1004,1403,0,2,1,2,0,1,0,0.00,71.56 ,50
03,020,00,001,0053,86 ,870,10,880,1195,0,2,1,2,0,1,0,0.00,73.64 ,50
03,020,00,001,0054,87 ,499,8,507,697,0,2,1,2,0,1,0,0.00,72.74 ,50
03,020,00,001,0054,88 ,702,2,704,968,0,2,1,2,0,1,0,0.00,72.73 ,50
03,020,00,001,0055,89 ,820,5,825,1139,0,2,1,2,0,1,0,0.00,72.43 ,50
03,020,00,001,0055,90 ,798,4,802,1075,0,2,1,2,0,1,0,0.00,74.60 ,50
03,020,00,001,0055,91 ,601,8,609,846,0,2,1,2,0,1,0,0.00,71.99 ,50
03,020,00,001,0055,92 ,662,7,669,871,0,2,1,2,0,1,0,0.00,76.81 ,50
03,020,00,002,0056,93 ,838,8,846,1114,0,2,1,2,0,1,0,0.00,75.94 ,50
03,020,00,002,0057,94 ,529,7,536,719,0,2,1,2,0,1,0,0.00,74.55 ,50
03,020,00,002,0058,95 ,398,0,398,513,0,2,1,2,0,1,0,0.00,77.58 ,50
03,020,00,002,0059,96 ,482,5,487,658,0,2,1,2,0,1,0,0.00,74.01 ,50
03,020,00,002,0060,97 ,462,7,469,613,0,2,1,2,0,1,0,0.00,76.51 ,50
03,020,00,002,0061,98 ,681,2,683,873,0,2,1,2,0,1,0,0.00,78.24 ,50
03,020,00,002,0062,99 ,450,3,453,597,0,2,1,2,0,1,0,0.00,75.88 ,50
03,020,00,002,0063,100 ,742,5,747,1009,0,2,1,2,0,1,0,0.00,74.03 ,50
03,020,00,002,0064,101 ,760,2,762,1001,0,2,1,2,0,1,0,0.00,76.12 ,50
03,020,00,002,0065,102 ,640,5,645,854,0,2,1,2,0,1,0,0.00,75.53 ,50
03,020,00,002,0066,103 ,460,2,462,556,0,2,1,2,0,1,0,0.00,83.09 ,50
03,020,00,002,0067,104 ,603,6,609,824,0,2,1,2,0,1,0,0.00,73.91 ,50
03,020,00,002,0068,105 ,428,4,432,565,0,2,1,2,0,1,0,0.00,76.46 ,50
03,020,00,002,0069,106 ,438,4,442,569,0,2,1,2,0,1,0,0.00,77.68 ,50
03,020,00,002,0070,107 ,346,1,347,467,0,2,1,2,0,1,0,0.00,74.30 ,50
03,020,00,002,0071,108 ,339,1,340,494,0,2,1,2,0,1,0,0.00,68.83 ,50
03,020,00,002,0072,109 ,477,4,481,661,0,2,1,2,0,1,0,0.00,72.77 ,50
03,020,00,002,0073,110 ,617,2,619,765,0,2,1,2,0,1,0,0.00,80.92 ,50
03,020,00,002,0074,111 ,517,3,520,688,0,2,1,2,0,1,0,0.00,75.58 ,50
03,020,00,002,0075,112 ,898,10,908,1221,0,2,1,2,0,1,0,0.00,74.37 ,50
03,020,00,002,0075,113 ,721,5,726,1080,0,2,1,2,0,1,0,0.00,67.22 ,50
03,020,00,002,0075,114 ,739,4,743,1014,0,2,1,2,0,1,0,0.00,73.27 ,50
03,020,00,002,0075,115 ,798,5,803,1122,0,2,1,2,0,1,0,0.00,71.57 ,50
03,020,00,002,0076,116 ,727,5,732,983,0,2,1,2,0,1,0,0.00,74.47 ,50
03,020,00,002,0077,117 ,715,4,719,961,0,2,1,2,0,1,0,0.00,74.82 ,50
03,020,00,002,0077,118 ,847,9,856,1160,0,2,1,2,0,1,0,0.00,73.79 ,50
03,020,00,002,0077,119 ,457,2,459,630,0,2,1,2,0,1,0,0.00,72.86 ,50
03,020,00,002,0078,120 ,909,7,916,1207,0,2,1,2,0,1,0,0.00,75.89 ,50
03,020,00,002,0079,121 ,705,6,711,972,0,2,1,2,0,1,0,0.00,73.15 ,50
03,020,00,002,0080,122 ,919,6,925,1246,0,2,1,2,0,1,0,0.00,74.24 ,50
03,020,00,002,0081,123 ,613,6,619,892,0,2,1,2,0,1,0,0.00,69.39 ,50
03,020,00,002,0081,124 ,544,3,547,763,0,2,1,2,0,1,0,0.00,71.69 ,50
03,020,00,002,0082,125 ,959,11,970,1312,0,2,1,2,0,1,0,0.00,73.93 ,50
03,020,00,002,0082,126 ,862,8,870,1173,0,2,1,2,0,1,0,0.00,74.17 ,50
03,020,00,002,0083,127 ,735,8,743,1030,0,2,1,2,0,1,0,0.00,72.14 ,50
03,020,00,002,0083,128 ,851,7,858,1144,0,2,1,2,0,1,0,0.00,75.00 ,50
03,020,00,002,0084,129 ,607,8,615,809,0,2,1,2,0,1,0,0.00,76.02 ,50
03,020,00,002,0085,130 ,404,4,408,558,0,2,1,2,0,1,0,0.00,73.12 ,50
03,020,00,002,0085,131 ,580,2,582,796,0,2,1,2,0,1,0,0.00,73.12 ,50
03,020,00,002,0086,132 ,839,9,848,1118,0,2,1,2,0,1,0,0.00,75.85 ,50
03,020,00,002,0087,133 ,673,6,679,945,0,2,1,2,0,1,0,0.00,71.85 ,50
03,020,00,002,0087,134 ,779,11,790,1102,0,2,1,2,0,1,0,0.00,71.69 ,50
03,020,00,002,0088,135 ,778,14,792,1057,0,2,1,2,0,1,0,0.00,74.93 ,50
03,020,00,002,0088,136 ,801,8,809,1063,0,2,1,2,0,1,0,0.00,76.11 ,50
03,020,00,002,0088,137 ,962,2,964,1268,0,2,1,2,0,1,0,0.00,76.03 ,50
03,020,00,002,0089,138 ,805,4,809,1049,0,2,1,2,0,1,0,0.00,77.12 ,50
03,020,00,002,0089,139 ,712,6,718,960,0,2,1,2,0,1,0,0.00,74.79 ,50
03,020,00,002,0089,140 ,717,5,722,936,0,2,1,2,0,1,0,0.00,77.14 ,50
03,020,00,002,0090,141 ,722,11,733,940,0,2,1,2,0,1,0,0.00,77.98 ,50
03,020,00,002,0090,142 ,798,9,807,1099,0,2,1,2,0,1,0,0.00,73.43 ,50
03,020,00,002,0090,143 ,773,6,779,1065,0,2,1,2,0,1,0,0.00,73.15 ,50
03,020,00,002,0090,144 ,719,8,727,996,0,2,1,2,0,1,0,0.00,72.99 ,50
03,020,00,002,0090,145 ,740,7,747,1015,0,2,1,2,0,1,0,0.00,73.60 ,50
03,020,00,002,0091,146 ,800,11,811,1063,0,2,1,2,0,1,0,0.00,76.29 ,50
03,020,00,002,0091,147 ,904,8,912,1204,0,2,1,2,0,1,0,0.00,75.75 ,50
03,020,00,002,0091,148 ,602,2,604,842,0,2,1,2,0,1,0,0.00,71.73 ,50
03,020,00,002,0092,149 ,820,6,826,1093,0,2,1,2,0,1,0,0.00,75.57 ,50
03,020,00,002,0092,150 ,979,7,986,1286,0,2,1,2,0,1,0,0.00,76.67 ,50
03,020,00,002,0092,151 ,917,8,925,1254,0,2,1,2,0,1,0,0.00,73.76 ,50
03,020,00,002,0093,152 ,889,6,895,1219,0,2,1,2,0,1,0,0.00,73.42 ,50
03,020,00,002,0093,153 ,838,3,841,1131,0,2,1,2,0,1,0,0.00,74.36 ,50
03,020,00,002,0094,154 ,513,5,518,682,0,2,1,2,0,1,0,0.00,75.95 ,50
03,020,00,002,0095,155 ,393,4,397,514,0,2,1,2,0,1,0,0.00,77.24 ,50
03,020,00,002,0096,156 ,658,11,669,880,0,2,1,2,0,1,0,0.00,76.02 ,50
03,020,00,002,0096,157 ,654,5,659,917,0,2,1,2,0,1,0,0.00,71.86 ,50
03,020,00,002,0097,158 ,1000,11,1011,1347,0,2,1,2,0,1,0,0.00,75.06 ,50
03,020,00,002,0098,159 ,636,5,641,943,0,2,1,2,0,1,0,0.00,67.97 ,50
03,020,00,002,0098,160 ,590,3,593,803,0,2,1,2,0,1,0,0.00,73.85 ,50
03,020,00,002,0099,161 ,793,5,798,1147,0,2,1,2,0,1,0,0.00,69.57 ,50
03,020,00,002,0099,162 ,689,13,702,992,0,2,1,2,0,1,0,0.00,70.77 ,50
03,020,00,002,0100,163 ,431,4,435,601,0,2,1,2,0,1,0,0.00,72.38 ,50
03,020,00,002,0101,164 ,498,10,508,738,0,2,1,2,0,1,0,0.00,68.83 ,50
03,020,00,002,0102,165 ,575,8,583,829,0,2,1,2,0,1,0,0.00,70.33 ,50
03,020,00,002,0102,166 ,496,5,501,682,0,2,1,2,0,1,0,0.00,73.46 ,50
03,020,00,002,0103,167 ,913,9,922,1314,0,2,1,2,0,1,0,0.00,70.17 ,50
03,020,00,002,0104,168 ,632,5,637,854,0,2,1,2,0,1,0,0.00,74.59 ,50
03,020,00,002,0104,169 ,683,7,690,903,0,2,1,2,0,1,0,0.00,76.41 ,50
03,020,00,002,0105,170 ,935,8,943,1283,0,2,1,2,0,1,0,0.00,73.50 ,50
03,020,00,002,0105,171 ,665,7,672,937,0,2,1,2,0,1,0,0.00,71.72 ,50
03,020,00,002,0105,172 ,765,13,778,1090,0,2,1,2,0,1,0,0.00,71.38 ,50
03,020,00,002,0106,173 ,962,15,977,1269,0,2,1,2,0,1,0,0.00,76.99 ,50
03,020,00,002,0106,174 ,949,12,961,1306,0,2,1,2,0,1,0,0.00,73.58 ,50
03,020,00,002,0106,175 ,954,9,963,1242,0,2,1,2,0,1,0,0.00,77.54 ,50
03,020,00,002,0106,176 ,895,9,904,1223,0,2,1,2,0,1,0,0.00,73.92 ,50
03,020,00,002,0106,177 ,956,9,965,1302,0,2,1,2,0,1,0,0.00,74.12 ,50
03,020,00,002,0107,178 ,685,6,691,921,0,2,1,2,0,1,0,0.00,75.03 ,50
03,020,00,002,0107,179 ,758,10,768,1025,0,2,1,2,0,1,0,0.00,74.93 ,50
03,020,00,002,0107,180 ,691,5,696,936,0,2,1,2,0,1,0,0.00,74.36 ,50
03,020,00,002,0108,181 ,759,5,764,1020,0,2,1,2,0,1,0,0.00,74.90 ,50
03,020,00,002,0108,182 ,768,10,778,1023,0,2,1,2,0,1,0,0.00,76.05 ,50
03,020,00,002,0109,183 ,744,13,757,1055,0,2,1,2,0,1,0,0.00,71.75 ,50
03,020,00,002,0110,184 ,647,5,652,886,0,2,1,2,0,1,0,0.00,73.59 ,50
03,021,00,001,0001,1 ,927,6,933,1252,0,2,1,2,0,1,0,0.00,74.52 ,50
03,021,00,001,0001,2 ,1019,10,1029,1337,0,2,1,2,0,1,0,0.00,76.96 ,50
03,021,00,001,0001,3 ,1037,8,1045,1402,0,2,1,2,0,1,0,0.00,74.54 ,50
03,021,00,001,0001,4 ,996,7,1003,1282,0,2,1,2,0,1,0,0.00,78.24 ,50
03,021,00,001,0002,5 ,1337,7,1344,1677,0,2,1,2,0,1,0,0.00,80.14 ,50
03,021,00,001,0002,6 ,1143,6,1149,1505,0,2,1,2,0,1,0,0.00,76.35 ,50
03,021,00,001,0003,7 ,937,2,939,1199,0,2,1,2,0,1,0,0.00,78.32 ,50
03,021,00,001,0003,8 ,949,3,952,1323,0,2,1,2,0,1,0,0.00,71.96 ,50
03,021,00,001,0004,9 ,1045,6,1051,1430,0,2,1,2,0,1,0,0.00,73.50 ,50
03,021,00,001,0004,10 ,1277,7,1284,1649,0,2,1,2,0,1,0,0.00,77.87 ,50
03,021,00,001,0004,11 ,987,8,995,1263,0,2,1,2,0,1,0,0.00,78.78 ,50
03,021,00,001,0005,12 ,930,11,941,1251,0,2,1,2,0,1,0,0.00,75.22 ,50
03,021,00,001,0005,13 ,1113,9,1122,1415,0,2,1,2,0,1,0,0.00,79.29 ,50
03,021,00,001,0005,14 ,948,5,953,1208,0,2,1,2,0,1,0,0.00,78.89 ,50
03,021,00,001,0006,15 ,1367,9,1376,1792,0,2,1,2,0,1,0,0.00,76.79 ,50
03,021,00,001,0007,16 ,720,4,724,970,0,2,1,2,0,1,0,0.00,74.64 ,50
03,021,00,001,0007,17 ,1088,15,1103,1523,0,2,1,2,0,1,0,0.00,72.42 ,50
03,021,00,001,0008,18 ,598,8,606,796,0,2,1,2,0,1,0,0.00,76.13 ,50
03,021,00,001,0008,19 ,984,6,990,1305,0,2,1,2,0,1,0,0.00,75.86 ,50
03,021,00,001,0009,20 ,861,8,869,1106,0,2,1,2,0,1,0,0.00,78.57 ,50
03,021,00,001,0009,21 ,722,9,731,995,0,2,1,2,0,1,0,0.00,73.47 ,50
03,021,00,001,0010,22 ,1090,10,1100,1463,0,2,1,2,0,1,0,0.00,75.19 ,50
03,021,00,001,0010,23 ,1232,9,1241,1605,0,2,1,2,0,1,0,0.00,77.32 ,50
03,021,00,001,0010,24 ,997,8,1005,1334,0,2,1,2,0,1,0,0.00,75.34 ,50
03,021,00,001,0011,25 ,1151,5,1156,1495,0,2,1,2,0,1,0,0.00,77.32 ,50
03,021,00,001,0011,26 ,1193,10,1203,1549,0,2,1,2,0,1,0,0.00,77.66 ,50
03,021,00,001,0011,27 ,1155,10,1165,1488,0,2,1,2,0,1,0,0.00,78.29 ,50
03,021,00,001,0012,28 ,804,7,811,1090,0,2,1,2,0,1,0,0.00,74.40 ,50
03,021,00,001,0012,29 ,633,1,634,853,0,2,1,2,0,1,0,0.00,74.33 ,50
03,021,00,001,0013,30 ,977,10,987,1290,0,2,1,2,0,1,0,0.00,76.51 ,50
03,021,00,001,0013,31 ,870,10,880,1119,0,2,1,2,0,1,0,0.00,78.64 ,50
03,021,00,001,0014,32 ,884,8,892,1179,0,2,1,2,0,1,0,0.00,75.66 ,50
03,021,00,001,0014,33 ,1090,6,1096,1434,0,2,1,2,0,1,0,0.00,76.43 ,50
03,021,00,001,0015,34 ,933,7,940,1179,0,2,1,2,0,1,0,0.00,79.73 ,50
03,021,00,001,0015,35 ,898,15,913,1111,0,2,1,2,0,1,0,0.00,82.18 ,50
03,021,00,001,0016,36 ,792,9,801,1003,0,2,1,2,0,1,0,0.00,79.86 ,50
03,021,00,001,0016,37 ,766,15,781,971,0,2,1,2,0,1,0,0.00,80.43 ,50
03,021,00,001,0017,38 ,1201,6,1207,1534,0,2,1,2,0,1,0,0.00,78.68 ,50
03,021,00,001,0017,39 ,1286,7,1293,1634,0,2,1,2,0,1,0,0.00,79.13 ,50
03,021,00,001,0018,40 ,1118,5,1123,1428,0,2,1,2,0,1,0,0.00,78.64 ,50
03,021,00,001,0018,41 ,1241,8,1249,1589,0,2,1,2,0,1,0,0.00,78.60 ,50
03,021,00,001,0019,42 ,1108,12,1120,1427,0,2,1,2,0,1,0,0.00,78.49 ,50
03,021,00,001,0019,43 ,896,10,906,1213,0,2,1,2,0,1,0,0.00,74.69 ,50
03,021,00,001,0020,44 ,914,6,920,1231,0,2,1,2,0,1,0,0.00,74.74 ,50
03,021,00,001,0020,45 ,921,4,925,1191,0,2,1,2,0,1,0,0.00,77.67 ,50
03,021,00,001,0020,46 ,914,9,923,1172,0,2,1,2,0,1,0,0.00,78.75 ,50
03,021,00,001,0021,47 ,1258,4,1262,1693,0,2,1,2,0,1,0,0.00,74.54 ,50
03,021,00,001,0022,48 ,780,8,788,1019,0,2,1,2,0,1,0,0.00,77.33 ,50
03,021,00,001,0023,49 ,642,6,648,887,0,2,1,2,0,1,0,0.00,73.06 ,50
03,021,00,001,0024,50 ,942,9,951,1317,0,2,1,2,0,1,0,0.00,72.21 ,50
03,021,00,001,0025,51 ,839,5,844,1106,0,2,1,2,0,1,0,0.00,76.31 ,50
03,021,00,001,0026,52 ,594,8,602,830,0,2,1,2,0,1,0,0.00,72.53 ,50
03,021,00,001,0027,53 ,695,5,700,917,0,2,1,2,0,1,0,0.00,76.34 ,50
03,021,00,001,0027,54 ,650,4,654,852,0,2,1,2,0,1,0,0.00,76.76 ,50
03,021,00,001,0028,55 ,1025,7,1032,1345,0,2,1,2,0,1,0,0.00,76.73 ,50
03,021,00,001,0028,56 ,1026,5,1031,1424,0,2,1,2,0,1,0,0.00,72.40 ,50
03,021,00,001,0029,57 ,1297,8,1305,1742,0,2,1,2,0,1,0,0.00,74.91 ,50
03,021,00,001,0030,58 ,880,8,888,1161,0,2,1,2,0,1,0,0.00,76.49 ,50
03,021,00,001,0030,59 ,883,9,892,1188,0,2,1,2,0,1,0,0.00,75.08 ,50
03,021,00,001,0031,60 ,1145,10,1155,1482,0,2,1,2,0,1,0,0.00,77.94 ,50
03,021,00,001,0031,61 ,993,8,1001,1286,0,2,1,2,0,1,0,0.00,77.84 ,50
03,021,00,001,0032,62 ,1131,13,1144,1545,0,2,1,2,0,1,0,0.00,74.05 ,50
03,021,00,001,0033,63 ,1017,11,1028,1298,0,2,1,2,0,1,0,0.00,79.20 ,50
03,021,00,001,0033,64 ,968,4,972,1280,0,2,1,2,0,1,0,0.00,75.94 ,50
03,021,00,001,0034,65 ,687,10,697,935,0,2,1,2,0,1,0,0.00,74.55 ,50
03,021,00,001,0034,66 ,769,8,777,975,0,2,1,2,0,1,0,0.00,79.69 ,50
03,021,00,001,0035,67 ,726,7,733,964,0,2,1,2,0,1,0,0.00,76.04 ,50
03,021,00,001,0035,68 ,865,11,876,1116,0,2,1,2,0,1,0,0.00,78.49 ,50
03,021,00,001,0035,69 ,1069,9,1078,1372,0,2,1,2,0,1,0,0.00,78.57 ,50
03,021,00,001,0036,70 ,1291,12,1303,1716,0,2,1,2,0,1,0,0.00,75.93 ,50
03,021,00,001,0037,71 ,1387,23,1410,1857,0,2,1,2,0,1,0,0.00,75.93 ,50
03,021,00,001,0038,72 ,920,28,948,1286,0,2,1,2,0,1,0,0.00,73.72 ,50
03,021,00,001,0038,73 ,916,4,920,1225,0,2,1,2,0,1,0,0.00,75.10 ,50
03,021,00,001,0038,74 ,768,11,779,1095,0,2,1,2,0,1,0,0.00,71.14 ,50
03,021,00,001,0038,75 ,902,8,910,1189,0,2,1,2,0,1,0,0.00,76.53 ,50
03,021,00,001,0039,76 ,784,9,793,1034,0,2,1,2,0,1,0,0.00,76.69 ,50
03,021,00,001,0039,77 ,720,8,728,990,0,2,1,2,0,1,0,0.00,73.54 ,50
03,021,00,001,0040,78 ,834,6,840,1161,0,2,1,2,0,1,0,0.00,72.35 ,50
03,021,00,001,0041,79 ,943,8,951,1242,0,2,1,2,0,1,0,0.00,76.57 ,50
03,021,00,001,0042,80 ,670,5,675,875,0,2,1,2,0,1,0,0.00,77.14 ,50
03,021,00,001,0043,81 ,857,6,863,1114,0,2,1,2,0,1,0,0.00,77.47 ,50
03,021,00,001,0044,82 ,894,5,899,1199,0,2,1,2,0,1,0,0.00,74.98 ,50
03,021,00,001,0044,83 ,991,9,1000,1267,0,2,1,2,0,1,0,0.00,78.93 ,50
03,021,00,001,0044,84 ,1009,4,1013,1301,0,2,1,2,0,1,0,0.00,77.86 ,50
03,021,00,001,0045,85 ,1048,6,1054,1384,0,2,1,2,0,1,0,0.00,76.16 ,50
03,021,00,001,0045,86 ,1020,3,1023,1354,0,2,1,2,0,1,0,0.00,75.55 ,50
03,021,00,001,0045,87 ,1134,14,1148,1468,0,2,1,2,0,1,0,0.00,78.20 ,50
03,021,00,002,0046,88 ,1114,10,1124,1480,0,2,1,2,0,1,0,0.00,75.95 ,50
03,021,00,002,0046,89 ,1107,12,1119,1448,0,2,1,2,0,1,0,0.00,77.28 ,50
03,021,00,002,0047,90 ,742,5,747,972,0,2,1,2,0,1,0,0.00,76.85 ,50
03,021,00,002,0047,91 ,769,4,773,1022,0,2,1,2,0,1,0,0.00,75.64 ,50
03,021,00,002,0048,92 ,940,8,948,1251,0,2,1,2,0,1,0,0.00,75.78 ,50
03,021,00,002,0048,93 ,1009,13,1022,1372,0,2,1,2,0,1,0,0.00,74.49 ,50
03,021,00,002,0048,94 ,1120,15,1135,1526,0,2,1,2,0,1,0,0.00,74.38 ,50
03,021,00,002,0049,95 ,492,7,499,782,0,2,1,2,0,1,0,0.00,63.81 ,50
03,021,00,002,0050,96 ,1045,6,1051,1417,0,2,1,2,0,1,0,0.00,74.17 ,50
03,021,00,002,0051,97 ,893,7,900,1214,0,2,1,2,0,1,0,0.00,74.14 ,50
03,021,00,002,0052,98 ,983,8,991,1292,0,2,1,2,0,1,0,0.00,76.70 ,50
03,021,00,002,0053,99 ,1115,7,1122,1536,0,2,1,2,0,1,0,0.00,73.05 ,50
03,021,00,002,0054,100 ,771,10,781,1034,0,2,1,2,0,1,0,0.00,75.53 ,50
03,021,00,002,0055,101 ,893,4,897,1173,0,2,1,2,0,1,0,0.00,76.47 ,50
03,021,00,002,0055,102 ,822,2,824,1119,0,2,1,2,0,1,0,0.00,73.64 ,50
03,021,00,002,0055,103 ,787,4,791,1042,0,2,1,2,0,1,0,0.00,75.91 ,50
03,021,00,002,0056,104 ,866,10,876,1118,0,2,1,2,0,1,0,0.00,78.35 ,50
03,021,00,002,0056,105 ,1076,11,1087,1416,0,2,1,2,0,1,0,0.00,76.77 ,50
03,021,00,002,0057,106 ,777,5,782,1036,0,2,1,2,0,1,0,0.00,75.48 ,50
03,021,00,002,0057,107 ,810,2,812,1022,0,2,1,2,0,1,0,0.00,79.45 ,50
03,021,00,002,0058,108 ,953,7,960,1252,0,2,1,2,0,1,0,0.00,76.68 ,50
03,021,00,002,0058,109 ,1111,6,1117,1374,0,2,1,2,0,1,0,0.00,81.30 ,50
03,021,00,002,0059,110 ,806,12,818,1091,0,2,1,2,0,1,0,0.00,74.98 ,50
03,021,00,002,0059,111 ,1031,0,1031,1386,0,2,1,2,0,1,0,0.00,74.39 ,50
03,021,00,002,0060,112 ,1156,8,1164,1496,0,2,1,2,0,1,0,0.00,77.81 ,50
03,021,00,002,0060,113 ,1108,10,1118,1485,0,2,1,2,0,1,0,0.00,75.29 ,50
03,021,00,002,0061,114 ,1151,10,1161,1462,0,2,1,2,0,1,0,0.00,79.41 ,50
03,021,00,002,0061,115 ,1216,6,1222,1559,0,2,1,2,0,1,0,0.00,78.38 ,50
03,021,00,002,0062,116 ,1108,7,1115,1418,0,2,1,2,0,1,0,0.00,78.63 ,50
03,021,00,002,0062,117 ,1119,8,1127,1509,0,2,1,2,0,1,0,0.00,74.69 ,50
03,021,00,002,0062,118 ,1174,4,1178,1494,0,2,1,2,0,1,0,0.00,78.85 ,50
03,021,00,002,0063,119 ,1236,11,1247,1585,0,2,1,2,0,1,0,0.00,78.68 ,50
03,021,00,002,0063,120 ,1095,9,1104,1476,0,2,1,2,0,1,0,0.00,74.80 ,50
03,021,00,002,0064,121 ,739,6,745,963,0,2,1,2,0,1,0,0.00,77.36 ,50
03,021,00,002,0064,122 ,779,5,784,1059,0,2,1,2,0,1,0,0.00,74.03 ,50
03,021,00,002,0065,123 ,1094,8,1102,1378,0,2,1,2,0,1,0,0.00,79.97 ,50
03,021,00,002,0065,124 ,849,6,855,1139,0,2,1,2,0,1,0,0.00,75.07 ,50
03,021,00,002,0065,125 ,874,3,877,1151,0,2,1,2,0,1,0,0.00,76.19 ,50
03,021,00,002,0066,126 ,610,6,616,815,0,2,1,2,0,1,0,0.00,75.58 ,50
03,021,00,002,0066,127 ,894,11,905,1151,0,2,1,2,0,1,0,0.00,78.63 ,50
03,021,00,002,0067,128 ,1232,9,1241,1654,0,2,1,2,0,1,0,0.00,75.03 ,50
03,021,00,002,0067,129 ,1207,9,1216,1627,0,2,1,2,0,1,0,0.00,74.74 ,50
03,021,00,002,0068,130 ,926,10,936,1206,0,2,1,2,0,1,0,0.00,77.61 ,50
03,021,00,002,0068,131 ,971,11,982,1373,0,2,1,2,0,1,0,0.00,71.52 ,50
03,021,00,002,0068,132 ,684,1,685,906,0,2,1,2,0,1,0,0.00,75.61 ,50
03,021,00,002,0069,133 ,1156,11,1167,1488,0,2,1,2,0,1,0,0.00,78.43 ,50
03,021,00,002,0069,134 ,1131,5,1136,1465,0,2,1,2,0,1,0,0.00,77.54 ,50
03,021,00,002,0070,135 ,1229,11,1240,1615,0,2,1,2,0,1,0,0.00,76.78 ,50
03,021,00,002,0070,136 ,1205,10,1215,1597,0,2,1,2,0,1,0,0.00,76.08 ,50
03,021,00,002,0071,137 ,1249,3,1252,1596,0,2,1,2,0,1,0,0.00,78.45 ,50
03,021,00,002,0071,138 ,1140,8,1148,1491,0,2,1,2,0,1,0,0.00,77.00 ,50
03,021,00,002,0072,139 ,935,4,939,1244,0,2,1,2,0,1,0,0.00,75.48 ,50
03,021,00,002,0072,140 ,1088,13,1101,1486,0,2,1,2,0,1,0,0.00,74.09 ,50
03,021,00,002,0072,141 ,1050,9,1059,1415,0,2,1,2,0,1,0,0.00,74.84 ,50
03,021,00,002,0073,142 ,1212,11,1223,1698,0,2,1,2,0,1,0,0.00,72.03 ,50
03,021,00,002,0073,143 ,1255,11,1266,1707,0,2,1,2,0,1,0,0.00,74.17 ,50
03,021,00,002,0074,144 ,671,2,673,920,0,2,1,2,0,1,0,0.00,73.15 ,50
03,021,00,002,0074,145 ,780,8,788,1046,0,2,1,2,0,1,0,0.00,75.33 ,50
03,021,00,002,0075,146 ,751,8,759,1028,0,2,1,2,0,1,0,0.00,73.83 ,50
03,021,00,002,0076,147 ,665,7,672,946,0,2,1,2,0,1,0,0.00,71.04 ,50
03,021,00,002,0077,148 ,689,6,695,918,0,2,1,2,0,1,0,0.00,75.71 ,50
03,021,00,002,0077,149 ,817,9,826,1089,0,2,1,2,0,1,0,0.00,75.85 ,50
03,021,00,002,0078,150 ,1078,10,1088,1546,0,2,1,2,0,1,0,0.00,70.38 ,50
03,021,00,002,0079,151 ,1027,8,1035,1392,0,2,1,2,0,1,0,0.00,74.35 ,50
03,021,00,002,0080,152 ,880,4,884,1163,0,2,1,2,0,1,0,0.00,76.01 ,50
03,021,00,002,0080,153 ,882,3,885,1164,0,2,1,2,0,1,0,0.00,76.03 ,50
03,021,00,002,0081,154 ,445,3,448,602,0,2,1,2,0,1,0,0.00,74.42 ,50
03,021,00,002,0082,155 ,448,4,452,587,0,2,1,2,0,1,0,0.00,77.00 ,50
03,021,00,002,0083,156 ,691,11,702,978,0,2,1,2,0,1,0,0.00,71.78 ,50
03,021,00,002,0084,157 ,532,6,538,714,0,2,1,2,0,1,0,0.00,75.35 ,50
03,021,00,002,0085,158 ,1014,8,1022,1431,0,2,1,2,0,1,0,0.00,71.42 ,50
03,021,00,002,0086,159 ,1259,12,1271,1707,0,2,1,2,0,1,0,0.00,74.46 ,50
03,021,00,002,0087,160 ,549,8,557,729,0,2,1,2,0,1,0,0.00,76.41 ,50
03,021,00,002,0088,161 ,1272,10,1282,1650,0,2,1,2,0,1,0,0.00,77.70 ,50
03,021,00,003,0089,162 ,1077,10,1087,1370,0,2,1,2,0,1,0,0.00,79.34 ,50
03,021,00,003,0090,163 ,877,4,881,1128,0,2,1,2,0,1,0,0.00,78.10 ,50
03,021,00,003,0091,164 ,869,7,876,1131,0,2,1,2,0,1,0,0.00,77.45 ,50
03,021,00,003,0092,165 ,1112,8,1120,1500,0,2,1,2,0,1,0,0.00,74.67 ,50
03,021,00,003,0093,166 ,599,5,604,794,0,2,1,2,0,1,0,0.00,76.07 ,50
03,021,00,003,0094,167 ,500,4,504,669,0,2,1,2,0,1,0,0.00,75.34 ,50
03,021,00,003,0095,168 ,358,4,362,483,0,2,1,2,0,1,0,0.00,74.95 ,50
03,021,00,003,0096,169 ,400,2,402,517,0,2,1,2,0,1,0,0.00,77.76 ,50
03,021,00,003,0097,170 ,992,10,1002,1297,0,2,1,2,0,1,0,0.00,77.26 ,50
03,021,00,003,0098,171 ,337,1,338,435,0,2,1,2,0,1,0,0.00,77.70 ,50
03,021,00,003,0099,172 ,441,2,443,561,0,2,1,2,0,1,0,0.00,78.97 ,50
03,021,00,003,0100,173 ,447,8,455,595,0,2,1,2,0,1,0,0.00,76.47 ,50
03,021,00,003,0101,174 ,562,8,570,720,0,2,1,2,0,1,0,0.00,79.17 ,50
03,021,00,003,0102,175 ,598,3,601,769,0,2,1,2,0,1,0,0.00,78.15 ,50
03,021,00,003,0103,176 ,833,5,838,1133,0,2,1,2,0,1,0,0.00,73.96 ,50
03,021,00,003,0104,177 ,419,3,422,558,0,2,1,2,0,1,0,0.00,75.63 ,50
03,021,00,003,0105,178 ,499,5,504,651,0,2,1,2,0,1,0,0.00,77.42 ,50
03,021,00,003,0106,179 ,425,5,430,553,0,2,1,2,0,1,0,0.00,77.76 ,50
03,021,00,003,0107,180 ,512,5,517,698,0,2,1,2,0,1,0,0.00,74.07 ,50
03,021,00,003,0108,181 ,633,2,635,838,0,2,1,2,0,1,0,0.00,75.78 ,50
03,021,00,003,0109,182 ,624,3,627,835,0,2,1,2,0,1,0,0.00,75.09 ,50
03,021,00,003,0110,183 ,473,1,474,599,0,2,1,2,0,1,0,0.00,79.13 ,50
03,021,00,003,0111,184 ,748,3,751,998,0,2,1,2,0,1,0,0.00,75.25 ,50
03,021,00,003,0112,185 ,423,0,423,529,0,2,1,2,0,1,0,0.00,79.96 ,50
03,021,00,003,0113,186 ,385,1,386,501,0,2,1,2,0,1,0,0.00,77.05 ,50
03,021,00,003,0114,187 ,916,14,930,1230,0,2,1,2,0,1,0,0.00,75.61 ,50
03,021,00,003,0115,188 ,887,7,894,1286,0,2,1,2,0,1,0,0.00,69.52 ,50
03,021,00,003,0115,189 ,825,7,832,1096,0,2,1,2,0,1,0,0.00,75.91 ,50
03,021,00,003,0116,190 ,871,2,873,1102,0,2,1,2,0,1,0,0.00,79.22 ,50
03,021,00,003,0117,191 ,1195,7,1202,1554,0,2,1,2,0,1,0,0.00,77.35 ,50
03,021,00,003,0118,192 ,573,4,577,723,0,2,1,2,0,1,0,0.00,79.81 ,50
03,021,00,003,0119,193 ,641,8,649,829,0,2,1,2,0,1,0,0.00,78.29 ,50
03,021,00,003,0120,194 ,1212,10,1222,1606,0,2,1,2,0,1,0,0.00,76.09 ,50
03,021,00,003,0121,195 ,1377,5,1382,1764,0,2,1,2,0,1,0,0.00,78.34 ,50
03,021,00,003,0122,196 ,1033,2,1035,1335,0,2,1,2,0,1,0,0.00,77.53 ,50
03,021,00,003,0122,197 ,1378,1,1379,1795,0,2,1,2,0,1,0,0.00,76.82 ,50
03,021,00,004,0123,198 ,636,4,640,850,0,2,1,2,0,1,0,0.00,75.29 ,50
03,021,00,004,0123,199 ,1083,13,1096,1466,0,2,1,2,0,1,0,0.00,74.76 ,50
03,021,00,004,0123,200 ,1079,7,1086,1462,0,2,1,2,0,1,0,0.00,74.28 ,50
03,021,00,004,0123,201 ,963,9,972,1386,0,2,1,2,0,1,0,0.00,70.13 ,50
03,021,00,004,0123,202 ,862,5,867,1164,0,2,1,2,0,1,0,0.00,74.48 ,50
03,021,00,004,0123,203 ,1069,6,1075,1502,0,2,1,2,0,1,0,0.00,71.57 ,50
03,021,00,004,0123,204 ,1037,9,1046,1479,0,2,1,2,0,1,0,0.00,70.72 ,50
03,021,00,004,0123,205 ,879,7,886,1161,0,2,1,2,0,1,0,0.00,76.31 ,50
03,021,00,004,0124,206 ,1044,13,1057,1343,0,2,1,2,0,1,0,0.00,78.70 ,50
03,021,00,004,0124,207 ,1097,8,1105,1412,0,2,1,2,0,1,0,0.00,78.26 ,50
03,021,00,004,0124,208 ,1031,4,1035,1365,0,2,1,2,0,1,0,0.00,75.82 ,50
03,021,00,004,0125,209 ,298,2,300,361,0,2,1,2,0,1,0,0.00,83.10 ,50
03,021,00,004,0126,210 ,358,2,360,479,0,2,1,2,0,1,0,0.00,75.16 ,50
03,021,00,004,0127,211 ,287,6,293,374,0,2,1,2,0,1,0,0.00,78.34 ,50
03,021,00,004,0128,212 ,305,3,308,394,0,2,1,2,0,1,0,0.00,78.17 ,50
03,021,00,004,0129,213 ,648,6,654,882,0,2,1,2,0,1,0,0.00,74.15 ,50
03,021,00,004,0130,214 ,911,12,923,1164,0,2,1,2,0,1,0,0.00,79.30 ,50
03,021,00,004,0130,215 ,796,13,809,1015,0,2,1,2,0,1,0,0.00,79.70 ,50
03,021,00,004,0131,216 ,949,5,954,1322,0,2,1,2,0,1,0,0.00,72.16 ,50
03,021,00,004,0131,217 ,534,6,540,689,0,2,1,2,0,1,0,0.00,78.37 ,50
03,021,00,004,0132,218 ,337,3,340,431,0,2,1,2,0,1,0,0.00,78.89 ,50
03,021,00,005,0133,219 ,613,9,622,787,0,2,1,2,0,1,0,0.00,79.03 ,50
03,021,00,005,0134,220 ,531,5,536,689,0,2,1,2,0,1,0,0.00,77.79 ,50
03,021,00,005,0135,221 ,528,7,535,674,0,2,1,2,0,1,0,0.00,79.38 ,50
03,021,00,005,0136,222 ,615,4,619,784,0,2,1,2,0,1,0,0.00,78.95 ,50
03,021,00,005,0137,223 ,608,1,609,818,0,2,1,2,0,1,0,0.00,74.45 ,50
03,021,00,005,0138,224 ,787,7,794,1011,0,2,1,2,0,1,0,0.00,78.54 ,50
03,021,00,005,0138,225 ,923,11,934,1147,0,2,1,2,0,1,0,0.00,81.43 ,50
03,021,00,005,0139,226 ,1048,8,1056,1349,0,2,1,2,0,1,0,0.00,78.28 ,50
03,021,00,005,0140,227 ,1065,9,1074,1331,0,2,1,2,0,1,0,0.00,80.69 ,50
03,021,00,005,0140,228 ,737,3,740,908,0,2,1,2,0,1,0,0.00,81.50 ,50
03,021,00,005,0141,229 ,674,4,678,873,0,2,1,2,0,1,0,0.00,77.66 ,50
03,021,00,005,0141,230 ,1109,10,1119,1412,0,2,1,2,0,1,0,0.00,79.25 ,50
03,021,00,005,0142,231 ,1242,7,1249,1608,0,2,1,2,0,1,0,0.00,77.67 ,50
03,021,00,005,0142,232 ,726,3,729,918,0,2,1,2,0,1,0,0.00,79.41 ,50
03,021,00,005,0143,233 ,846,2,848,1072,0,2,1,2,0,1,0,0.00,79.10 ,50
03,021,00,005,0143,234 ,934,8,942,1209,0,2,1,2,0,1,0,0.00,77.92 ,50
03,021,00,005,0144,235 ,727,8,735,916,0,2,1,2,0,1,0,0.00,80.24 ,50
03,021,00,005,0145,236 ,762,6,768,993,0,2,1,2,0,1,0,0.00,77.34 ,50
03,021,00,005,0146,237 ,841,6,847,1090,0,2,1,2,0,1,0,0.00,77.71 ,50
03,021,00,005,0147,238 ,724,6,730,923,0,2,1,2,0,1,0,0.00,79.09 ,50
03,021,00,005,0148,239 ,424,4,428,544,0,2,1,2,0,1,0,0.00,78.68 ,50
03,021,00,005,0149,240 ,721,2,723,932,0,2,1,2,0,1,0,0.00,77.58 ,50
03,021,00,005,0150,241 ,496,4,500,628,0,2,1,2,0,1,0,0.00,79.62 ,50
03,021,00,005,0151,242 ,730,9,739,950,0,2,1,2,0,1,0,0.00,77.79 ,50
03,021,00,005,0152,243 ,725,11,736,1007,0,2,1,2,0,1,0,0.00,73.09 ,50
03,021,00,005,0152,244 ,857,9,866,1109,0,2,1,2,0,1,0,0.00,78.09 ,50
03,021,00,005,0153,245 ,640,12,652,888,0,2,1,2,0,1,0,0.00,73.42 ,50
03,021,00,005,0154,246 ,463,6,469,593,0,2,1,2,0,1,0,0.00,79.09 ,50
03,021,00,005,0155,247 ,182,2,184,238,0,2,1,2,0,1,0,0.00,77.31 ,50
03,021,00,005,0156,248 ,361,4,365,436,0,2,1,2,0,1,0,0.00,83.72 ,50
03,021,00,005,0157,249 ,400,1,401,510,0,2,1,2,0,1,0,0.00,78.63 ,50
03,021,00,005,0158,250 ,1166,7,1173,1531,0,2,1,2,0,1,0,0.00,76.62 ,50
03,021,00,005,0159,251 ,233,2,235,301,0,2,1,2,0,1,0,0.00,78.07 ,50
03,021,00,005,0160,252 ,660,12,672,831,0,2,1,2,0,1,0,0.00,80.87 ,50
03,021,00,005,0161,253 ,741,7,748,990,0,2,1,2,0,1,0,0.00,75.56 ,50
03,021,00,005,0162,254 ,925,3,928,1142,0,2,1,2,0,1,0,0.00,81.26 ,50
03,021,00,006,0163,255 ,717,9,726,969,0,2,1,2,0,1,0,0.00,74.92 ,50
03,021,00,006,0164,256 ,792,9,801,1061,0,2,1,2,0,1,0,0.00,75.49 ,50
03,021,00,006,0165,257 ,685,3,688,964,0,2,1,2,0,1,0,0.00,71.37 ,50
03,021,00,006,0166,258 ,920,8,928,1283,0,2,1,2,0,1,0,0.00,72.33 ,50
03,021,00,006,0167,259 ,738,10,748,975,0,2,1,2,0,1,0,0.00,76.72 ,50
03,021,00,006,0168,260 ,812,5,817,1104,0,2,1,2,0,1,0,0.00,74.00 ,50
03,021,00,006,0169,261 ,897,8,905,1186,0,2,1,2,0,1,0,0.00,76.31 ,50
03,021,00,006,0170,262 ,663,6,669,924,0,2,1,2,0,1,0,0.00,72.40 ,50
03,021,00,006,0171,263 ,895,8,903,1186,0,2,1,2,0,1,0,0.00,76.14 ,50
03,021,00,006,0172,264 ,787,7,794,1039,0,2,1,2,0,1,0,0.00,76.42 ,50
03,021,00,006,0173,265 ,623,4,627,827,0,2,1,2,0,1,0,0.00,75.82 ,50
03,021,00,006,0173,266 ,715,6,721,927,0,2,1,2,0,1,0,0.00,77.78 ,50
03,021,00,006,0174,267 ,743,7,750,1005,0,2,1,2,0,1,0,0.00,74.63 ,50
03,021,00,006,0174,268 ,790,4,794,1051,0,2,1,2,0,1,0,0.00,75.55 ,50
03,021,00,006,0175,269 ,750,9,759,986,0,2,1,2,0,1,0,0.00,76.98 ,50
03,021,00,006,0175,270 ,798,11,809,1052,0,2,1,2,0,1,0,0.00,76.90 ,50
03,021,00,006,0176,271 ,1010,10,1020,1356,0,2,1,2,0,1,0,0.00,75.22 ,50
03,021,00,006,0176,272 ,881,6,887,1100,0,2,1,2,0,1,0,0.00,80.64 ,50
03,021,00,006,0177,273 ,848,6,854,1127,0,2,1,2,0,1,0,0.00,75.78 ,50
03,021,00,006,0177,274 ,759,6,765,1005,0,2,1,2,0,1,0,0.00,76.12 ,50
03,021,00,006,0178,275 ,790,7,797,1042,0,2,1,2,0,1,0,0.00,76.49 ,50
03,021,00,006,0178,276 ,762,8,770,975,0,2,1,2,0,1,0,0.00,78.97 ,50
03,021,00,006,0179,277 ,1128,13,1141,1420,0,2,1,2,0,1,0,0.00,80.35 ,50
03,021,00,006,0180,278 ,710,19,729,923,0,2,1,2,0,1,0,0.00,78.98 ,50
03,021,00,006,0180,279 ,757,6,763,1005,0,2,1,2,0,1,0,0.00,75.92 ,50
03,021,00,006,0181,280 ,1067,13,1080,1443,0,2,1,2,0,1,0,0.00,74.84 ,50
03,021,00,006,0181,281 ,1137,4,1141,1395,0,2,1,2,0,1,0,0.00,81.79 ,50
03,021,00,006,0182,282 ,805,7,812,1005,0,2,1,2,0,1,0,0.00,80.80 ,50
03,021,00,006,0183,283 ,456,7,463,597,0,2,1,2,0,1,0,0.00,77.55 ,50
03,021,00,006,0184,284 ,1011,6,1017,1360,0,2,1,2,0,1,0,0.00,74.78 ,50
03,021,00,006,0185,285 ,892,9,901,1161,0,2,1,2,0,1,0,0.00,77.61 ,50
03,021,00,006,0186,286 ,1112,11,1123,1485,0,2,1,2,0,1,0,0.00,75.62 ,50
03,021,00,006,0187,287 ,1052,12,1064,1352,0,2,1,2,0,1,0,0.00,78.70 ,50
03,021,00,006,0188,288 ,745,10,755,986,0,2,1,2,0,1,0,0.00,76.57 ,50
03,021,00,006,0189,289 ,697,1,698,945,0,2,1,2,0,1,0,0.00,73.86 ,50
03,021,00,006,0189,290 ,793,10,803,1035,0,2,1,2,0,1,0,0.00,77.58 ,50
03,021,00,006,0190,291 ,854,7,861,1118,0,2,1,2,0,1,0,0.00,77.01 ,50
03,021,00,006,0190,292 ,905,11,916,1161,0,2,1,2,0,1,0,0.00,78.90 ,50
03,021,00,006,0190,293 ,922,9,931,1196,0,2,1,2,0,1,0,0.00,77.84 ,50
03,021,00,006,0190,294 ,936,10,946,1203,0,2,1,2,0,1,0,0.00,78.64 ,50
03,021,00,006,0191,295 ,1157,12,1169,1531,0,2,1,2,0,1,0,0.00,76.36 ,50
03,021,00,006,0192,296 ,723,5,728,961,0,2,1,2,0,1,0,0.00,75.75 ,50
03,021,00,006,0192,297 ,777,5,782,1021,0,2,1,2,0,1,0,0.00,76.59 ,50
03,021,00,006,0193,298 ,1238,17,1255,1643,0,2,1,2,0,1,0,0.00,76.38 ,50
03,021,00,006,0194,299 ,1017,13,1030,1384,0,2,1,2,0,1,0,0.00,74.42 ,50
03,021,00,006,0195,300 ,1206,7,1213,1596,0,2,1,2,0,1,0,0.00,76.00 ,50
03,021,00,006,0196,301 ,646,10,656,923,0,2,1,2,0,1,0,0.00,71.07 ,50
03,021,00,006,0196,302 ,693,5,698,911,0,2,1,2,0,1,0,0.00,76.62 ,50
03,021,00,006,0197,303 ,810,6,816,1070,0,2,1,2,0,1,0,0.00,76.26 ,50
03,021,00,006,0197,304 ,846,2,848,1108,0,2,1,2,0,1,0,0.00,76.53 ,50
03,021,00,006,0197,305 ,911,7,918,1188,0,2,1,2,0,1,0,0.00,77.27 ,50
03,021,00,006,0198,306 ,926,6,932,1207,0,2,1,2,0,1,0,0.00,77.22 ,50
03,021,00,006,0198,307 ,778,5,783,1012,0,2,1,2,0,1,0,0.00,77.37 ,50
03,021,00,006,0198,308 ,944,9,953,1250,0,2,1,2,0,1,0,0.00,76.24 ,50
03,021,00,006,0198,309 ,759,6,765,991,0,2,1,2,0,1,0,0.00,77.19 ,50
03,021,00,006,0199,310 ,1263,9,1272,1611,0,2,1,2,0,1,0,0.00,78.96 ,50
03,021,00,006,0199,311 ,1168,6,1174,1524,0,2,1,2,0,1,0,0.00,77.03 ,50
03,021,00,006,0200,312 ,968,11,979,1219,0,2,1,2,0,1,0,0.00,80.31 ,50
03,021,00,006,0201,313 ,1047,12,1059,1377,0,2,1,2,0,1,0,0.00,76.91 ,50
03,021,00,006,0202,314 ,787,9,796,1034,0,2,1,2,0,1,0,0.00,76.98 ,50
03,021,00,006,0202,315 ,839,10,849,1121,0,2,1,2,0,1,0,0.00,75.74 ,50
03,021,00,006,0202,316 ,831,7,838,1077,0,2,1,2,0,1,0,0.00,77.81 ,50
03,021,00,006,0202,317 ,795,11,806,1043,0,2,1,2,0,1,0,0.00,77.28 ,50
03,021,00,006,0203,318 ,839,4,843,1082,0,2,1,2,0,1,0,0.00,77.91 ,50
03,021,00,006,0203,319 ,962,5,967,1245,0,2,1,2,0,1,0,0.00,77.67 ,50
03,021,00,006,0203,320 ,898,14,912,1128,0,2,1,2,0,1,0,0.00,80.85 ,50
03,021,00,006,0203,321 ,899,6,905,1112,0,2,1,2,0,1,0,0.00,81.38 ,50
03,021,00,006,0203,322 ,753,6,759,982,0,2,1,2,0,1,0,0.00,77.29 ,50
03,021,00,006,0204,323 ,998,7,1005,1234,0,2,1,2,0,1,0,0.00,81.44 ,50
03,021,00,006,0204,324 ,690,10,700,966,0,2,1,2,0,1,0,0.00,72.46 ,50
03,021,00,006,0204,325 ,826,10,836,1062,0,2,1,2,0,1,0,0.00,78.72 ,50
03,021,00,006,0204,326 ,1198,10,1208,1585,0,2,1,2,0,1,0,0.00,76.21 ,50
03,021,00,007,0205,327 ,928,5,933,1241,0,2,1,2,0,1,0,0.00,75.18 ,50
03,021,00,007,0205,328 ,1093,12,1105,1414,0,2,1,2,0,1,0,0.00,78.15 ,50
03,021,00,007,0206,329 ,1036,12,1048,1350,0,2,1,2,0,1,0,0.00,77.63 ,50
03,021,00,007,0206,330 ,507,9,516,696,0,2,1,2,0,1,0,0.00,74.14 ,50
03,021,00,007,0207,331 ,1390,11,1401,1818,0,2,1,2,0,1,0,0.00,77.06 ,50
03,021,00,007,0208,332 ,1143,16,1159,1522,0,2,1,2,0,1,0,0.00,76.15 ,50
03,021,00,007,0208,333 ,352,3,355,416,0,2,1,2,0,1,0,0.00,85.34 ,50
03,021,00,007,0209,334 ,920,6,926,1246,0,2,1,2,0,1,0,0.00,74.32 ,50
03,021,00,007,0209,335 ,936,10,946,1210,0,2,1,2,0,1,0,0.00,78.18 ,50
03,021,00,007,0210,336 ,1288,11,1299,1707,0,2,1,2,0,1,0,0.00,76.10 ,50
03,021,00,007,0210,337 ,1207,5,1212,1583,0,2,1,2,0,1,0,0.00,76.56 ,50
03,021,00,007,0211,338 ,758,5,763,964,0,2,1,2,0,1,0,0.00,79.15 ,50
03,021,00,007,0211,339 ,807,10,817,1096,0,2,1,2,0,1,0,0.00,74.54 ,50
03,021,00,007,0212,340 ,903,6,909,1265,0,2,1,2,0,1,0,0.00,71.86 ,50
03,021,00,007,0212,341 ,875,7,882,1167,0,2,1,2,0,1,0,0.00,75.58 ,50
03,021,00,007,0213,342 ,871,7,878,1153,0,2,1,2,0,1,0,0.00,76.15 ,50
03,021,00,007,0213,343 ,906,6,912,1219,0,2,1,2,0,1,0,0.00,74.82 ,50
03,021,00,007,0214,344 ,629,5,634,839,0,2,1,2,0,1,0,0.00,75.57 ,50
03,021,00,007,0214,345 ,853,8,861,1104,0,2,1,2,0,1,0,0.00,77.99 ,50
03,021,00,007,0215,346 ,763,10,773,999,0,2,1,2,0,1,0,0.00,77.38 ,50
03,021,00,007,0215,347 ,642,7,649,837,0,2,1,2,0,1,0,0.00,77.54 ,50
03,021,00,007,0216,348 ,1056,10,1066,1386,0,2,1,2,0,1,0,0.00,76.91 ,50
03,021,00,007,0216,349 ,890,8,898,1193,0,2,1,2,0,1,0,0.00,75.27 ,50
03,021,00,007,0216,350 ,1013,7,1020,1291,0,2,1,2,0,1,0,0.00,79.01 ,50
03,021,00,007,0217,351 ,373,5,378,475,0,2,1,2,0,1,0,0.00,79.58 ,50
03,021,00,007,0218,352 ,839,9,848,1104,0,2,1,2,0,1,0,0.00,76.81 ,50
03,021,00,007,0218,353 ,957,8,965,1274,0,2,1,2,0,1,0,0.00,75.75 ,50
03,021,00,007,0219,354 ,1181,10,1191,1560,0,2,1,2,0,1,0,0.00,76.35 ,50
03,021,00,007,0219,355 ,890,6,896,1311,0,2,1,2,0,1,0,0.00,68.34 ,50
03,021,00,007,0220,356 ,747,2,749,987,0,2,1,2,0,1,0,0.00,75.89 ,50
03,021,00,007,0221,357 ,1124,8,1132,1458,0,2,1,2,0,1,0,0.00,77.64 ,50
03,021,00,007,0222,358 ,881,12,893,1168,0,2,1,2,0,1,0,0.00,76.46 ,50
03,021,00,007,0223,359 ,831,6,837,1114,0,2,1,2,0,1,0,0.00,75.13 ,50
03,021,00,007,0223,360 ,1051,7,1058,1343,0,2,1,2,0,1,0,0.00,78.78 ,50
03,021,00,007,0224,361 ,633,13,646,815,0,2,1,2,0,1,0,0.00,79.26 ,50
03,021,00,007,0225,362 ,1361,27,1388,1792,0,2,1,2,0,1,0,0.00,77.46 ,50
03,021,00,007,0226,363 ,810,10,820,1077,0,2,1,2,0,1,0,0.00,76.14 ,50
03,021,00,007,0227,364 ,642,4,646,775,0,2,1,2,0,1,0,0.00,83.35 ,50
03,021,00,007,0228,365 ,769,6,775,1033,0,2,1,2,0,1,0,0.00,75.02 ,50
03,021,00,007,0229,366 ,1130,17,1147,1542,0,2,1,2,0,1,0,0.00,74.38 ,50
03,021,00,007,0230,367 ,352,5,357,434,0,2,1,2,0,1,0,0.00,82.26 ,50
03,021,00,007,0230,368 ,370,8,378,481,0,2,1,2,0,1,0,0.00,78.59 ,50
03,021,00,007,0231,369 ,747,15,762,1031,0,2,1,2,0,1,0,0.00,73.91 ,50
03,021,00,007,0232,370 ,602,7,609,778,0,2,1,2,0,1,0,0.00,78.28 ,50
03,021,00,007,0233,371 ,1095,12,1107,1455,0,2,1,2,0,1,0,0.00,76.08 ,50
03,021,00,007,0233,372 ,409,7,416,546,0,2,1,2,0,1,0,0.00,76.19 ,50
03,021,00,007,0234,373 ,460,7,467,559,0,2,1,2,0,1,0,0.00,83.54 ,50
03,021,00,007,0235,374 ,792,9,801,1042,0,2,1,2,0,1,0,0.00,76.87 ,50
03,021,00,007,0236,375 ,929,8,937,1253,0,2,1,2,0,1,0,0.00,74.78 ,50
03,021,00,007,0237,376 ,755,12,767,946,0,2,1,2,0,1,0,0.00,81.08 ,50
03,021,00,007,0238,377 ,438,4,442,560,0,2,1,2,0,1,0,0.00,78.93 ,50
03,021,00,007,0239,378 ,964,6,970,1244,0,2,1,2,0,1,0,0.00,77.97 ,50
03,021,00,007,0240,379 ,410,7,417,496,0,2,1,2,0,1,0,0.00,84.07 ,50
03,021,00,007,0241,380 ,711,16,727,971,0,2,1,2,0,1,0,0.00,74.87 ,50
03,021,00,007,0241,381 ,679,5,684,919,0,2,1,2,0,1,0,0.00,74.43 ,50
03,021,00,007,0242,382 ,997,17,1014,1302,0,2,1,2,0,1,0,0.00,77.88 ,50
03,021,00,007,0242,383 ,795,7,802,1050,0,2,1,2,0,1,0,0.00,76.38 ,50
03,021,00,007,0243,384 ,1233,17,1250,1679,0,2,1,2,0,1,0,0.00,74.45 ,50
03,021,00,007,0243,385 ,499,8,507,646,0,2,1,2,0,1,0,0.00,78.48 ,50
03,021,00,007,0244,386 ,781,10,791,1008,0,2,1,2,0,1,0,0.00,78.47 ,50
03,021,00,007,0244,387 ,692,7,699,903,0,2,1,2,0,1,0,0.00,77.41 ,50
03,021,00,007,0245,388 ,679,9,688,959,0,2,1,2,0,1,0,0.00,71.74 ,50
03,021,00,007,0245,389 ,789,9,798,1066,0,2,1,2,0,1,0,0.00,74.86 ,50
03,021,00,007,0246,390 ,899,10,909,1198,0,2,1,2,0,1,0,0.00,75.88 ,50
03,021,00,007,0246,391 ,852,6,858,1148,0,2,1,2,0,1,0,0.00,74.74 ,50
03,021,00,007,0247,392 ,942,7,949,1255,0,2,1,2,0,1,0,0.00,75.62 ,50
03,021,00,007,0247,393 ,900,12,912,1238,0,2,1,2,0,1,0,0.00,73.67 ,50
03,021,00,007,0247,394 ,995,12,1007,1333,0,2,1,2,0,1,0,0.00,75.54 ,50
03,021,00,007,0247,395 ,963,16,979,1289,0,2,1,2,0,1,0,0.00,75.95 ,50
03,021,00,007,0248,396 ,1144,19,1163,1548,0,2,1,2,0,1,0,0.00,75.13 ,50
03,021,00,007,0248,397 ,1222,7,1229,1556,0,2,1,2,0,1,0,0.00,78.98 ,50
03,021,00,007,0248,398 ,1192,18,1210,1542,0,2,1,2,0,1,0,0.00,78.47 ,50
03,021,00,007,0249,399 ,1063,14,1077,1379,0,2,1,2,0,1,0,0.00,78.10 ,50
03,021,00,007,0249,400 ,1319,14,1333,1771,0,2,1,2,0,1,0,0.00,75.27 ,50
03,021,00,007,0250,401 ,699,6,705,952,0,2,1,2,0,1,0,0.00,74.05 ,50
03,021,00,007,0250,402 ,696,7,703,919,0,2,1,2,0,1,0,0.00,76.50 ,50
03,021,00,007,0251,403 ,934,9,943,1219,0,2,1,2,0,1,0,0.00,77.36 ,50
03,021,00,007,0251,404 ,959,5,964,1246,0,2,1,2,0,1,0,0.00,77.37 ,50
03,021,00,007,0252,405 ,1290,13,1303,1672,0,2,1,2,0,1,0,0.00,77.93 ,50
03,021,00,007,0252,406 ,984,8,992,1324,0,2,1,2,0,1,0,0.00,74.92 ,50
03,021,00,007,0252,407 ,1016,4,1020,1278,0,2,1,2,0,1,0,0.00,79.81 ,50
03,021,00,007,0252,408 ,858,6,864,1121,0,2,1,2,0,1,0,0.00,77.07 ,50
04,001,00,001,0001,1 ,967,18,985,1363,0,2,1,2,0,1,0,0.00,72.27 ,50
04,001,00,001,0002,2 ,605,7,612,859,0,2,1,2,0,1,0,0.00,71.25 ,50
04,001,00,001,0002,3 ,680,4,684,934,0,2,1,2,0,1,0,0.00,73.23 ,50
04,001,00,001,0003,4 ,795,12,807,1165,0,2,1,2,0,1,0,0.00,69.27 ,50
04,001,00,001,0003,5 ,928,9,937,1290,0,2,1,2,0,1,0,0.00,72.64 ,50
04,001,00,001,0004,6 ,873,7,880,1226,0,2,1,2,0,1,0,0.00,71.78 ,50
04,001,00,001,0005,7 ,594,12,606,882,0,2,1,2,0,1,0,0.00,68.71 ,50
04,001,00,001,0006,8 ,391,5,396,556,0,2,1,2,0,1,0,0.00,71.22 ,50
04,001,00,001,0007,9 ,687,15,702,1025,0,2,1,2,0,1,0,0.00,68.49 ,50
04,001,00,001,0008,10 ,312,7,319,472,0,2,1,2,0,1,0,0.00,67.58 ,50
04,001,00,002,0009,11 ,621,7,628,967,0,2,1,2,0,1,0,0.00,64.94 ,50
04,001,00,002,0010,12 ,785,24,809,1174,0,2,1,2,0,1,0,0.00,68.91 ,50
04,001,00,002,0011,13 ,622,13,635,907,0,2,1,2,0,1,0,0.00,70.01 ,50
04,001,00,002,0012,14 ,710,21,731,1125,0,2,1,2,0,1,0,0.00,64.98 ,50
04,001,00,002,0013,15 ,586,13,599,853,0,2,1,2,0,1,0,0.00,70.22 ,50
04,001,00,002,0014,16 ,257,8,265,414,0,2,1,2,0,1,0,0.00,64.01 ,50
04,001,00,003,0015,17 ,1064,11,1075,1521,0,2,1,2,0,1,0,0.00,70.68 ,50
04,001,00,003,0016,18 ,742,15,757,1080,0,2,1,2,0,1,0,0.00,70.09 ,50
04,001,00,003,0017,19 ,327,8,335,467,0,2,1,2,0,1,0,0.00,71.73 ,50
04,001,00,003,0018,20 ,318,6,324,451,0,2,1,2,0,1,0,0.00,71.84 ,50
04,001,00,003,0019,21 ,323,3,326,478,0,2,1,2,0,1,0,0.00,68.20 ,50
04,001,00,003,0020,22 ,730,11,741,1035,0,2,1,2,0,1,0,0.00,71.59 ,50
04,001,00,003,0021,23 ,531,12,543,725,0,2,1,2,0,1,0,0.00,74.90 ,50
04,001,00,003,0022,24 ,672,14,686,992,0,2,1,2,0,1,0,0.00,69.15 ,50
04,001,00,004,0023,25 ,1045,24,1069,1514,0,2,1,2,0,1,0,0.00,70.61 ,50
04,001,00,004,0024,26 ,445,12,457,632,0,2,1,2,0,1,0,0.00,72.31 ,50
04,001,00,004,0025,27 ,447,14,461,706,0,2,1,2,0,1,0,0.00,65.30 ,50
04,001,00,004,0026,28 ,297,7,304,454,0,2,1,2,0,1,0,0.00,66.96 ,50
04,001,00,004,0027,29 ,333,13,346,554,0,2,1,2,0,1,0,0.00,62.45 ,50
04,001,00,004,0028,30 ,367,2,369,546,0,2,1,2,0,1,0,0.00,67.58 ,50
04,001,00,004,0029,31 ,237,6,243,371,0,2,1,2,0,1,0,0.00,65.50 ,50
04,001,00,004,0030,32 ,403,6,409,603,0,2,1,2,0,1,0,0.00,67.83 ,50
04,001,00,005,0031,33 ,627,13,640,928,0,2,1,2,0,1,0,0.00,68.97 ,50
04,001,00,005,0032,34 ,253,5,258,402,0,2,1,2,0,1,0,0.00,64.18 ,50
04,001,00,005,0033,35 ,343,17,360,568,0,2,1,2,0,1,0,0.00,63.38 ,50
04,001,00,005,0034,36 ,241,4,245,381,0,2,1,2,0,1,0,0.00,64.30 ,50
04,001,00,005,0035,37 ,494,16,510,775,0,2,1,2,0,1,0,0.00,65.81 ,50
04,001,00,006,0036,38 ,13,0,13,81,0,2,1,2,0,1,0,0.00,16.05 ,50
04,002,00,001,0001,1 ,1161,14,1175,1575,0,2,1,2,0,1,0,0.00,74.60 ,50
04,002,00,001,0002,2 ,524,13,537,739,0,2,1,2,0,1,0,0.00,72.67 ,50
04,002,00,002,0003,3 ,338,6,344,525,0,2,1,2,0,1,0,0.00,65.52 ,50
04,002,00,002,0004,4 ,143,6,149,240,0,2,1,2,0,1,0,0.00,62.08 ,50
04,002,00,003,0005,5 ,99,7,106,236,0,2,1,2,0,1,0,0.00,44.92 ,50
04,002,00,003,0006,6 ,62,2,64,152,0,2,1,2,0,1,0,0.00,42.11 ,50
04,002,00,004,0007,7 ,298,5,303,428,0,2,1,2,0,1,0,0.00,70.79 ,50
